# generation,individual,mean_max_link,mean_total_link,mean_total_delay,mean_cpu,latency
4.00,7.00,3.39,29.00,17.33,0.01,28.62
4.00,8.00,6.48,48.50,18.40,0.01,29.75
4.00,3.00,3.70,35.64,18.00,0.01,29.30
4.00,12.00,4.63,32.40,19.33,0.01,30.61
4.00,5.00,1.85,18.05,14.00,0.01,25.22
4.00,9.00,6.29,52.94,19.60,0.02,30.66
4.00,1.00,11.11,86.49,19.78,0.02,30.98
4.00,0.00,18.51,123.10,21.67,0.03,32.73
4.00,2.00,9.26,64.39,19.43,0.01,30.78
4.00,22.00,5.55,41.65,18.50,0.02,29.66
4.00,20.00,5.55,38.41,18.00,0.01,29.31
4.00,21.00,1.85,11.11,16.00,0.02,27.10
4.00,19.00,1.85,11.11,12.00,0.01,23.35
4.00,4.00,5.55,38.18,18.50,0.01,29.79
4.00,18.00,6.11,48.13,18.40,0.01,29.62
4.00,13.00,3.70,19.44,18.00,0.01,29.25
4.00,15.00,2.78,20.83,17.00,0.02,28.11
4.00,14.00,7.40,56.00,18.67,0.01,29.99
4.00,6.00,17.59,123.44,22.73,0.03,33.85
4.00,24.00,9.26,68.76,18.86,0.02,30.13
4.00,16.00,12.03,87.12,20.75,0.02,31.98
4.00,27.00,8.33,68.10,20.00,0.02,31.28
4.00,25.00,9.26,72.46,19.71,0.02,30.87
4.00,41.00,2.78,18.97,14.00,0.01,25.38
4.00,26.00,3.70,20.83,16.00,0.01,27.33
4.00,31.00,2.78,17.59,12.00,0.01,23.30
4.00,38.00,4.63,27.46,16.00,0.01,27.33
4.00,32.00,1.85,12.03,14.00,0.01,25.35
4.00,34.00,3.70,19.44,18.00,0.01,29.25
4.00,44.00,7.40,57.39,19.67,0.01,30.99
4.00,35.00,9.26,56.62,19.67,0.02,30.96
4.00,30.00,4.63,37.26,18.00,0.01,29.32
4.00,23.00,11.11,79.14,20.00,0.02,31.35
4.00,36.00,5.55,47.02,19.60,0.01,30.84
4.00,33.00,7.40,58.16,19.33,0.02,30.50
4.00,11.00,13.88,114.86,21.27,0.03,32.27
4.00,40.00,6.48,49.43,19.20,0.01,30.45
4.00,10.00,16.66,125.57,21.50,0.02,32.87
4.00,17.00,8.33,69.29,18.86,0.02,29.90
4.00,37.00,1.85,12.03,14.00,0.01,25.35
4.00,49.00,4.63,30.24,17.33,0.01,28.59
4.00,51.00,2.78,19.90,18.00,0.01,29.25
4.00,45.00,8.33,61.40,19.67,0.02,30.84
4.00,42.00,3.70,20.83,17.00,0.01,28.41
4.00,29.00,18.51,138.98,22.62,0.02,33.99
4.00,28.00,34.48,258.57,26.90,0.05,37.87
4.00,64.00,1.85,12.96,16.00,0.01,27.35
4.00,63.00,2.78,20.36,14.00,0.01,25.22
4.00,56.00,2.78,24.07,18.00,0.02,29.11
4.00,60.00,3.70,29.93,18.00,0.01,29.27
4.00,65.00,4.63,38.88,18.50,0.01,29.85
4.00,52.00,3.70,29.00,17.33,0.01,28.65
4.00,53.00,6.48,49.06,20.00,0.01,31.33
4.00,55.00,8.18,62.79,20.33,0.02,31.40
4.00,50.00,8.33,58.31,19.33,0.02,30.53
4.00,62.00,12.96,87.24,21.00,0.02,32.28
4.00,47.00,10.18,88.14,19.56,0.02,30.68
4.00,48.00,12.96,105.10,19.82,0.03,30.90
4.00,54.00,12.03,80.53,18.22,0.02,29.35
4.00,46.00,17.59,150.73,23.85,0.03,35.06
4.00,39.00,26.84,189.80,23.65,0.03,35.06
4.00,43.00,22.21,168.64,24.00,0.03,35.11
4.00,66.00,3.70,22.21,21.00,0.01,32.41
4.00,61.00,1.85,11.11,12.00,0.01,23.35
4.00,57.00,5.55,43.04,18.00,0.02,29.06
4.00,58.00,7.40,60.63,20.00,0.02,31.23
4.00,59.00,22.21,136.83,24.00,0.02,35.47
4.00,67.00,14.81,109.56,20.00,0.03,31.14
4.00,69.00,1.85,12.96,16.00,0.01,27.25
4.00,73.00,1.85,12.03,16.00,0.01,27.20
4.00,76.00,1.85,12.03,14.00,0.01,25.35
4.00,68.00,2.78,20.36,14.00,0.01,25.22
4.00,72.00,11.11,76.96,20.29,0.02,31.42
4.00,78.00,8.33,66.78,19.14,0.02,30.33
4.00,74.00,3.70,30.54,17.33,0.01,28.58
4.00,82.00,9.26,72.06,19.43,0.02,30.50
4.00,75.00,4.63,36.79,18.00,0.01,29.21
4.00,71.00,6.32,57.39,19.67,0.01,30.99
4.00,70.00,12.96,87.24,21.00,0.02,32.28
4.00,79.00,3.70,28.38,18.00,0.01,29.41
4.00,87.00,2.78,23.60,18.00,0.01,29.22
4.00,83.00,4.40,34.48,16.50,0.01,27.84
4.00,86.00,1.85,12.96,16.00,0.01,27.35
4.00,85.00,2.78,22.68,17.00,0.01,28.28
4.00,84.00,5.55,41.65,18.50,0.01,29.69
4.00,80.00,6.48,41.10,16.00,0.01,27.28
4.00,101.00,6.48,39.57,18.50,0.01,29.76
4.00,77.00,7.40,73.92,20.00,0.03,31.17
4.00,81.00,16.66,128.04,21.33,0.03,32.35
4.00,98.00,1.85,11.11,12.00,0.01,23.35
4.00,94.00,1.85,12.03,16.00,0.01,27.20
4.00,109.00,1.85,11.11,16.00,0.02,27.10
4.00,110.00,1.85,12.96,16.00,0.01,27.25
4.00,113.00,4.63,29.93,18.67,0.01,29.85
4.00,95.00,2.78,20.83,18.00,0.01,29.28
4.00,96.00,3.39,25.30,15.33,0.01,26.68
4.00,115.00,5.55,30.85,17.33,0.01,28.62
4.00,102.00,4.63,38.88,17.50,0.02,28.61
4.00,111.00,3.70,24.07,16.00,0.02,27.12
4.00,97.00,3.70,24.07,18.00,0.01,29.19
4.00,90.00,1.85,20.36,16.00,0.01,27.25
4.00,114.00,8.33,51.09,18.80,0.02,29.91
4.00,112.00,9.12,68.63,18.29,0.03,29.32
4.00,99.00,5.32,36.56,17.50,0.01,28.85
4.00,116.00,6.48,48.13,18.00,0.01,29.33
4.00,91.00,9.26,65.59,19.14,0.01,30.52
4.00,88.00,15.74,114.61,22.73,0.02,34.14
4.00,108.00,9.26,68.34,21.67,0.02,32.72
4.00,92.00,24.99,185.70,24.50,0.03,35.72
4.00,89.00,12.03,100.07,22.00,0.02,33.19
4.00,100.00,14.81,105.52,22.00,0.02,33.21
4.00,93.00,17.59,138.61,23.50,0.03,34.51
4.00,105.00,17.59,135.92,21.69,0.03,32.92
4.00,135.00,2.78,21.75,17.00,0.01,28.14
4.00,124.00,1.85,12.03,16.00,0.01,27.20
4.00,119.00,3.70,21.75,18.00,0.01,29.28
4.00,134.00,3.70,28.08,17.33,0.01,28.59
4.00,122.00,1.85,18.51,16.00,0.01,27.35
4.00,130.00,5.55,48.13,18.80,0.01,30.11
4.00,107.00,1.85,18.97,16.00,0.01,27.27
4.00,104.00,6.48,50.35,19.20,0.01,30.47
4.00,131.00,9.26,60.16,20.00,0.02,31.26
4.00,139.00,1.85,18.05,17.00,0.01,28.20
4.00,133.00,8.33,50.17,18.40,0.01,29.70
4.00,123.00,10.18,68.10,19.71,0.02,30.90
4.00,137.00,3.39,27.46,18.00,0.01,29.34
4.00,120.00,3.70,35.17,17.00,0.01,28.21
4.00,142.00,7.40,56.31,18.00,0.02,29.07
4.00,127.00,6.48,42.81,18.50,0.01,29.74
4.00,141.00,12.96,103.57,21.80,0.02,33.00
4.00,128.00,12.03,86.08,21.00,0.02,32.26
4.00,140.00,5.55,47.95,18.80,0.01,30.04
4.00,138.00,3.70,29.93,18.00,0.01,29.27
4.00,103.00,8.33,59.55,19.67,0.01,31.00
4.00,117.00,16.66,130.35,22.00,0.03,33.13
4.00,118.00,8.33,50.17,18.40,0.01,29.70
4.00,121.00,12.87,112.18,21.80,0.03,32.83
4.00,126.00,12.03,98.02,20.00,0.02,31.16
4.00,106.00,15.74,104.13,22.00,0.02,33.34
4.00,143.00,10.18,83.53,21.00,0.02,32.22
4.00,132.00,16.66,127.35,22.17,0.03,33.38
4.00,155.00,2.78,16.66,24.00,0.01,35.38
4.00,157.00,1.85,19.44,18.00,0.01,29.30
4.00,148.00,1.85,12.03,16.00,0.01,27.20
4.00,136.00,1.85,12.96,16.00,0.01,27.25
4.00,156.00,3.39,26.53,14.00,0.01,25.26
4.00,150.00,2.78,26.23,14.67,0.01,25.92
4.00,147.00,2.78,19.90,16.00,0.01,27.33
4.00,158.00,5.55,41.65,18.50,0.02,29.66
4.00,159.00,3.70,30.24,18.00,0.01,29.25
4.00,146.00,2.78,24.53,18.00,0.01,29.22
4.00,151.00,8.33,57.39,19.67,0.01,31.04
4.00,152.00,1.85,19.44,18.00,0.01,29.30
4.00,149.00,7.40,56.77,18.67,0.02,29.77
4.00,154.00,4.63,33.94,20.67,0.01,31.96
4.00,145.00,1.85,18.97,17.00,0.01,28.30
4.00,153.00,7.40,51.83,19.60,0.02,30.80
4.00,144.00,12.96,107.83,22.20,0.02,33.31
4.00,125.00,15.74,135.42,21.54,0.03,32.65
4.00,129.00,24.99,207.13,23.89,0.04,34.84
4.00,166.00,5.32,36.56,17.50,0.01,28.85
4.00,160.00,2.78,23.14,18.00,0.02,29.11
4.00,163.00,1.85,12.03,16.00,0.01,27.20
4.00,165.00,3.39,26.53,14.00,0.01,25.26
4.00,170.00,3.39,27.46,17.33,0.01,28.54
4.00,175.00,7.40,56.15,19.33,0.01,30.59
4.00,162.00,6.48,49.24,18.80,0.01,30.05
4.00,177.00,7.40,58.00,19.33,0.02,30.49
4.00,171.00,8.33,68.10,18.86,0.02,30.05
4.00,172.00,8.33,72.20,20.29,0.02,31.37
4.00,169.00,6.48,45.72,17.60,0.02,28.80
4.00,164.00,9.02,72.54,18.50,0.02,29.68
4.00,161.00,11.11,78.10,20.50,0.02,31.80
4.00,168.00,8.33,49.43,19.20,0.01,30.51
4.00,167.00,8.33,51.09,18.80,0.02,29.91
4.00,178.00,1.85,12.96,16.00,0.01,27.35
4.00,174.00,1.85,14.81,20.00,0.01,31.35
4.00,187.00,1.85,12.96,16.00,0.01,27.35
4.00,173.00,1.85,12.96,16.00,0.01,27.35
4.00,180.00,5.55,43.73,20.00,0.01,31.21
4.00,179.00,6.48,53.87,20.00,0.01,31.25
4.00,181.00,10.07,79.72,20.50,0.02,31.82
4.00,185.00,8.33,43.04,19.50,0.01,30.80
4.00,184.00,7.40,60.94,19.67,0.02,30.90
4.00,176.00,17.59,145.32,22.00,0.03,33.07
4.00,190.00,1.85,12.03,14.00,0.01,25.35
4.00,182.00,3.70,28.69,18.00,0.01,29.29
4.00,194.00,4.40,37.49,16.50,0.02,27.63
4.00,191.00,6.48,46.84,18.80,0.01,30.17
4.00,195.00,3.70,24.53,18.00,0.02,29.09
4.00,183.00,10.18,67.41,22.00,0.02,33.24
4.00,188.00,17.59,129.81,22.83,0.02,34.12
4.00,189.00,12.03,94.21,20.89,0.03,31.91
4.00,186.00,26.84,185.39,23.06,0.04,34.10
4.00,197.00,1.85,12.03,14.00,0.01,25.35
4.00,204.00,2.78,20.36,17.00,0.01,28.38
4.00,205.00,3.70,29.00,16.67,0.01,27.91
4.00,202.00,5.55,40.49,17.50,0.02,28.61
4.00,193.00,5.55,43.50,18.00,0.02,29.16
4.00,201.00,11.11,76.96,20.29,0.02,31.42
4.00,200.00,6.48,49.80,18.40,0.01,29.65
4.00,199.00,13.88,104.50,21.60,0.02,32.77
4.00,192.00,11.11,99.69,20.20,0.02,31.29
4.00,198.00,8.33,65.32,20.00,0.02,31.28
4.00,196.00,10.18,86.18,20.44,0.02,31.68
4.00,210.00,3.70,29.62,16.67,0.01,27.95
4.00,216.00,3.70,31.47,18.00,0.01,29.27
4.00,212.00,4.40,35.17,17.00,0.01,28.28
4.00,213.00,8.33,48.32,19.20,0.01,30.53
4.00,215.00,6.48,47.39,17.60,0.01,28.85
4.00,211.00,2.78,18.97,17.00,0.01,28.30
4.00,203.00,7.40,63.73,18.57,0.02,29.66
4.00,209.00,9.26,71.40,20.00,0.02,31.16
4.00,207.00,10.88,82.96,21.00,0.02,32.25
4.00,208.00,6.48,51.65,19.60,0.02,30.75
4.00,206.00,22.58,173.46,24.67,0.04,35.69
4.00,228.00,1.85,12.96,16.00,0.01,27.35
4.00,217.00,1.85,12.03,16.00,0.01,27.20
4.00,214.00,1.85,19.90,17.00,0.01,28.35
4.00,218.00,1.85,12.03,16.00,0.01,27.20
4.00,221.00,5.55,41.65,18.50,0.02,29.66
4.00,226.00,3.70,27.77,18.00,0.01,29.29
4.00,222.00,14.81,110.42,22.40,0.03,33.46
4.00,219.00,17.59,145.52,21.71,0.03,32.88
4.00,225.00,18.51,136.91,23.33,0.03,34.49
4.00,247.00,3.70,29.31,18.67,0.01,29.97
4.00,220.00,4.63,36.33,17.50,0.01,28.76
4.00,238.00,1.85,12.03,14.00,0.01,25.35
4.00,240.00,3.70,35.17,17.00,0.01,28.21
4.00,242.00,6.48,41.10,16.00,0.01,27.28
4.00,243.00,3.39,28.69,17.33,0.01,28.62
4.00,245.00,1.85,18.97,18.00,0.01,29.27
4.00,239.00,7.40,63.34,18.29,0.01,29.55
4.00,229.00,8.33,64.00,18.86,0.02,30.09
4.00,230.00,10.18,62.79,19.67,0.02,30.74
4.00,233.00,7.40,58.47,19.33,0.01,30.62
4.00,223.00,4.63,27.46,16.00,0.01,27.33
4.00,235.00,7.40,63.73,18.57,0.02,29.66
4.00,244.00,11.11,76.96,20.29,0.02,31.42
4.00,246.00,5.55,38.41,18.00,0.01,29.25
4.00,227.00,5.55,33.32,18.00,0.02,29.08
4.00,231.00,9.26,75.90,19.25,0.02,30.45
4.00,234.00,10.18,77.29,20.50,0.02,31.81
4.00,241.00,7.40,64.79,20.33,0.02,31.38
4.00,224.00,10.18,76.59,19.75,0.02,30.99
4.00,232.00,9.26,78.79,20.25,0.02,31.50
4.00,236.00,9.26,74.51,19.25,0.02,30.53
4.00,252.00,1.85,12.96,16.00,0.01,27.35
4.00,248.00,5.55,43.50,18.00,0.02,29.16
4.00,256.00,8.33,67.04,18.29,0.02,29.40
4.00,257.00,8.33,59.86,19.33,0.02,30.54
4.00,249.00,10.07,78.33,19.50,0.02,30.64
4.00,258.00,12.03,80.99,20.00,0.03,31.06
4.00,254.00,6.48,50.17,20.00,0.01,31.32
4.00,250.00,14.81,116.04,21.82,0.03,32.92
4.00,259.00,6.48,51.99,18.00,0.01,29.31
4.00,237.00,11.11,78.21,19.75,0.02,31.00
4.00,253.00,18.51,147.37,22.14,0.03,33.38
4.00,255.00,15.74,128.12,22.00,0.03,33.06
4.00,284.00,1.85,11.11,12.00,0.01,23.35
4.00,275.00,1.85,12.96,16.00,0.01,27.25
4.00,267.00,2.78,18.97,17.00,0.01,28.30
4.00,279.00,3.70,34.94,16.00,0.01,27.18
4.00,268.00,4.40,35.17,17.00,0.01,28.28
4.00,276.00,2.78,22.68,16.00,0.01,27.22
4.00,266.00,2.78,20.83,18.00,0.01,29.33
4.00,264.00,5.55,30.85,17.33,0.01,28.62
4.00,262.00,6.48,59.39,19.33,0.02,30.52
4.00,270.00,7.40,55.07,18.00,0.02,29.20
4.00,269.00,6.48,52.91,16.67,0.02,27.87
4.00,274.00,12.96,82.61,21.00,0.02,32.28
4.00,282.00,4.63,36.79,18.00,0.01,29.21
4.00,280.00,9.26,72.54,16.75,0.02,27.82
4.00,260.00,9.26,63.47,18.57,0.02,29.77
4.00,271.00,7.40,57.08,20.00,0.01,31.41
4.00,261.00,8.33,65.32,20.00,0.02,31.28
4.00,277.00,11.11,78.81,21.14,0.02,32.27
4.00,272.00,13.88,80.53,20.25,0.02,31.55
4.00,265.00,14.81,98.30,20.00,0.02,31.24
4.00,273.00,17.59,150.01,22.00,0.04,32.97
4.00,291.00,1.85,12.03,14.00,0.01,25.35
4.00,288.00,1.85,12.03,16.00,0.01,27.20
4.00,287.00,3.70,29.62,16.67,0.01,27.95
4.00,285.00,2.78,20.36,16.00,0.01,27.22
4.00,281.00,9.26,60.47,19.67,0.02,30.83
4.00,283.00,9.26,76.94,19.75,0.01,31.09
4.00,263.00,12.03,87.52,20.89,0.01,32.31
4.00,251.00,28.38,223.33,25.33,0.04,36.33
4.00,289.00,11.85,102.09,21.20,0.02,32.45
4.00,278.00,17.59,151.86,22.29,0.03,33.38
4.00,306.00,2.78,18.97,16.00,0.01,27.30
4.00,301.00,4.63,33.94,22.67,0.01,34.04
4.00,303.00,6.48,51.46,18.80,0.02,29.89
4.00,297.00,6.48,49.80,19.20,0.01,30.43
4.00,296.00,7.40,49.98,19.20,0.01,30.61
4.00,293.00,2.78,21.29,17.00,0.01,28.38
4.00,299.00,6.48,52.91,16.67,0.02,27.87
4.00,290.00,4.63,29.62,17.33,0.01,28.66
4.00,302.00,10.18,70.69,16.25,0.02,27.33
4.00,286.00,9.12,68.36,19.14,0.02,30.31
4.00,294.00,12.96,77.63,19.75,0.02,30.94
4.00,292.00,5.55,44.43,18.80,0.01,30.07
4.00,304.00,20.36,134.60,23.33,0.03,34.60
4.00,298.00,23.14,161.25,23.71,0.04,34.75
4.00,300.00,12.34,89.89,20.22,0.02,31.52
4.00,295.00,18.51,116.62,20.91,0.04,31.87
4.00,315.00,1.85,11.11,12.00,0.01,23.35
4.00,307.00,2.78,18.51,17.00,0.01,28.22
4.00,321.00,3.70,20.83,16.00,0.01,27.33
4.00,318.00,3.70,29.00,16.67,0.01,27.93
4.00,323.00,2.78,18.97,16.00,0.01,27.30
4.00,312.00,4.63,30.85,17.33,0.01,28.59
4.00,308.00,3.70,25.45,17.00,0.01,28.25
4.00,319.00,7.40,64.79,20.33,0.02,31.38
4.00,313.00,7.40,56.77,18.33,0.02,29.58
4.00,310.00,5.55,47.95,18.40,0.01,29.68
4.00,320.00,6.48,49.06,20.00,0.01,31.33
4.00,309.00,6.48,51.46,18.80,0.02,29.89
4.00,316.00,18.51,123.10,21.67,0.03,32.73
4.00,322.00,14.81,102.65,21.60,0.03,32.70
4.00,305.00,9.26,71.04,17.25,0.02,28.47
4.00,317.00,6.48,50.17,20.00,0.01,31.32
4.00,311.00,8.33,59.86,19.33,0.02,30.54
4.00,314.00,18.51,142.47,22.31,0.02,33.63
4.00,336.00,1.85,12.96,16.00,0.01,27.35
4.00,327.00,2.78,20.36,17.00,0.01,28.33
4.00,325.00,3.70,32.09,18.00,0.01,29.27
4.00,335.00,4.63,37.26,18.00,0.01,29.29
4.00,331.00,3.70,21.75,18.00,0.01,29.28
4.00,326.00,6.48,50.35,19.20,0.01,30.47
4.00,338.00,5.18,42.39,16.00,0.02,27.09
4.00,333.00,4.63,26.53,16.00,0.01,27.30
4.00,329.00,7.25,62.17,19.67,0.02,30.81
4.00,339.00,5.37,43.69,18.40,0.01,29.76
4.00,341.00,10.18,79.25,19.50,0.03,30.51
4.00,324.00,12.03,77.87,21.00,0.02,32.36
4.00,330.00,10.07,80.87,19.75,0.02,31.04
4.00,332.00,10.07,80.87,19.75,0.02,31.04
4.00,337.00,12.03,89.17,21.33,0.02,32.71
4.00,328.00,9.26,81.11,20.00,0.02,31.11
4.00,334.00,12.96,81.68,20.50,0.02,31.84
4.00,356.00,1.85,10.18,12.00,0.01,23.20
4.00,353.00,1.85,11.11,12.00,0.01,23.35
4.00,350.00,1.85,11.11,12.00,0.01,23.35
4.00,342.00,2.78,19.90,18.00,0.01,29.25
4.00,347.00,3.70,26.23,17.33,0.01,28.69
4.00,358.00,5.55,37.49,18.50,0.01,29.88
4.00,344.00,8.33,54.76,19.00,0.01,30.30
4.00,352.00,9.26,46.28,19.20,0.01,30.68
4.00,346.00,9.26,66.91,18.86,0.02,30.09
4.00,351.00,11.11,74.63,19.25,0.02,30.52
4.00,345.00,5.55,37.49,18.50,0.01,29.88
4.00,354.00,9.26,79.60,20.25,0.02,31.37
4.00,340.00,16.48,107.28,21.80,0.03,33.02
4.00,355.00,13.88,101.63,21.20,0.02,32.36
4.00,343.00,17.59,137.84,21.54,0.03,32.57
4.00,348.00,1.85,17.59,15.00,0.01,26.27
4.00,363.00,3.39,30.54,18.00,0.01,29.24
4.00,360.00,8.33,50.17,18.40,0.01,29.70
4.00,361.00,3.70,20.83,17.00,0.01,28.41
4.00,364.00,5.55,47.95,18.80,0.01,30.03
4.00,349.00,8.33,57.85,19.67,0.01,30.98
4.00,362.00,11.11,76.96,20.29,0.02,31.42
4.00,357.00,11.11,83.30,20.75,0.02,32.01
4.00,365.00,12.65,90.61,20.44,0.02,31.64
4.00,359.00,12.96,93.07,20.89,0.03,31.96
4.00,366.00,1.85,12.96,16.00,0.01,27.25
4.00,367.00,6.48,50.17,18.40,0.01,29.68
4.00,370.00,11.11,63.40,19.67,0.02,30.84
4.00,372.00,12.96,91.02,20.22,0.02,31.50
4.00,368.00,17.59,131.74,22.83,0.03,34.01
4.00,369.00,21.29,163.65,22.53,0.04,33.48
4.00,374.00,1.85,12.96,16.00,0.01,27.35
4.00,391.00,2.78,18.97,17.00,0.01,28.30
4.00,383.00,2.78,20.36,17.00,0.01,28.38
4.00,379.00,1.85,12.96,16.00,0.01,27.35
4.00,387.00,1.85,19.90,17.00,0.01,28.35
4.00,378.00,2.78,22.21,17.00,0.01,28.28
4.00,373.00,1.85,11.11,12.00,0.01,23.35
4.00,376.00,1.85,12.96,16.00,0.01,27.25
4.00,382.00,2.78,17.59,15.00,0.01,26.22
4.00,375.00,3.70,30.54,18.00,0.01,29.27
4.00,389.00,4.63,34.56,18.67,0.02,29.77
4.00,380.00,6.48,50.35,19.20,0.01,30.47
4.00,386.00,6.48,48.50,19.60,0.01,30.90
4.00,377.00,5.55,45.72,17.60,0.02,28.77
4.00,381.00,12.03,88.96,20.22,0.02,31.37
4.00,371.00,9.26,64.26,19.14,0.02,30.40
4.00,388.00,16.32,122.77,23.27,0.02,34.52
4.00,384.00,8.33,66.38,19.14,0.02,30.25
4.00,402.00,1.85,11.11,14.00,0.01,25.20
4.00,403.00,3.70,24.99,18.00,0.02,29.07
4.00,392.00,1.85,12.03,16.00,0.01,27.20
4.00,393.00,5.55,44.06,17.20,0.02,28.37
4.00,398.00,3.70,24.07,17.00,0.02,28.09
4.00,390.00,6.48,46.65,17.20,0.02,28.38
4.00,395.00,4.63,35.87,17.50,0.02,28.64
4.00,394.00,9.49,70.58,18.50,0.02,29.70
4.00,399.00,12.96,91.02,20.22,0.02,31.50
4.00,400.00,13.88,95.23,21.78,0.03,32.77
4.00,385.00,6.48,48.69,19.60,0.01,30.90
4.00,397.00,6.29,44.98,19.20,0.01,30.56
4.00,401.00,16.66,127.35,22.17,0.03,33.38
4.00,396.00,12.96,91.02,20.22,0.02,31.50
4.00,414.00,1.85,12.03,16.00,0.01,27.20
4.00,412.00,2.78,20.36,17.00,0.01,28.33
4.00,404.00,3.70,29.00,18.00,0.01,29.20
4.00,407.00,4.63,41.19,18.50,0.01,29.70
4.00,410.00,6.29,44.98,19.20,0.01,30.56
4.00,415.00,6.48,47.58,19.60,0.01,30.84
4.00,418.00,6.48,48.50,19.60,0.01,30.90
4.00,411.00,9.26,64.26,19.14,0.02,30.40
4.00,413.00,9.26,65.56,20.33,0.02,31.54
4.00,406.00,5.55,44.06,17.20,0.02,28.37
4.00,405.00,14.81,103.11,20.80,0.02,32.05
4.00,409.00,1.85,11.11,12.00,0.01,23.35
4.00,420.00,2.78,22.68,16.00,0.01,27.22
4.00,421.00,3.70,29.62,17.33,0.01,28.60
4.00,422.00,5.32,40.73,17.50,0.02,28.65
4.00,419.00,9.26,64.26,19.14,0.02,30.40
4.00,416.00,12.03,77.29,19.25,0.02,30.41
4.00,408.00,4.63,39.34,18.00,0.01,29.29
4.00,424.00,10.18,76.48,19.25,0.02,30.58
4.00,426.00,11.11,81.34,20.75,0.02,32.02
4.00,425.00,11.11,103.67,21.33,0.03,32.37
4.00,423.00,9.26,82.49,19.75,0.02,30.90
4.00,417.00,12.03,77.29,19.25,0.02,30.41
4.00,432.00,1.85,9.26,10.00,0.01,21.20
4.00,437.00,1.85,17.12,14.00,0.01,25.27
4.00,429.00,1.85,12.96,16.00,0.01,27.35
4.00,430.00,3.70,28.08,17.33,0.01,28.62
4.00,431.00,7.40,53.50,20.80,0.01,32.09
4.00,434.00,8.64,60.63,19.67,0.02,30.91
4.00,435.00,7.40,53.53,18.00,0.01,29.38
4.00,436.00,5.55,40.73,19.00,0.01,30.28
4.00,427.00,11.11,78.68,20.75,0.01,32.15
4.00,438.00,12.96,87.24,21.00,0.02,32.28
4.00,433.00,10.07,80.87,19.75,0.02,31.04
4.00,428.00,12.96,108.72,20.73,0.02,31.93
4.00,448.00,1.85,12.96,16.00,0.01,27.25
4.00,439.00,2.78,21.75,17.00,0.01,28.14
4.00,443.00,1.85,12.96,16.00,0.01,27.35
4.00,447.00,2.78,26.23,14.67,0.01,25.92
4.00,455.00,6.29,46.46,17.60,0.01,28.90
4.00,453.00,1.85,19.90,17.00,0.01,28.35
4.00,452.00,8.33,66.78,18.00,0.02,29.08
4.00,451.00,8.33,68.76,19.14,0.02,30.41
4.00,450.00,11.11,79.02,20.25,0.02,31.52
4.00,441.00,12.03,87.52,20.89,0.02,32.29
4.00,442.00,14.53,103.39,20.40,0.03,31.40
4.00,445.00,7.40,54.30,17.67,0.02,28.82
4.00,446.00,7.40,58.31,19.33,0.02,30.49
4.00,457.00,20.36,154.44,23.00,0.03,34.18
4.00,440.00,10.18,80.18,20.75,0.01,32.15
4.00,444.00,11.11,78.68,19.75,0.02,30.93
4.00,449.00,17.59,131.51,22.00,0.03,33.25
4.00,468.00,1.85,12.96,16.00,0.01,27.25
4.00,472.00,3.70,24.53,18.00,0.01,29.31
4.00,463.00,1.85,18.51,16.00,0.01,27.35
4.00,466.00,3.70,24.07,18.00,0.01,29.25
4.00,464.00,6.48,39.80,18.00,0.01,29.33
4.00,462.00,3.70,22.21,17.00,0.01,28.25
4.00,459.00,3.70,24.07,18.00,0.01,29.25
4.00,475.00,4.63,34.25,17.50,0.01,28.85
4.00,454.00,4.63,33.94,22.00,0.01,33.33
4.00,469.00,5.55,47.95,18.40,0.01,29.68
4.00,461.00,5.55,42.35,18.50,0.01,29.71
4.00,456.00,5.55,48.87,18.00,0.02,29.17
4.00,474.00,10.18,64.64,20.00,0.02,31.29
4.00,473.00,3.70,32.09,18.00,0.01,29.27
4.00,465.00,11.11,87.21,20.67,0.02,31.85
4.00,458.00,12.03,86.31,20.25,0.03,31.27
4.00,470.00,13.88,93.69,21.78,0.02,33.08
4.00,460.00,10.07,81.45,20.25,0.02,31.35
4.00,467.00,6.48,49.98,19.60,0.01,30.88
4.00,471.00,9.26,66.25,19.14,0.02,30.32
4.00,479.00,5.55,40.96,18.50,0.02,29.60
4.00,485.00,4.63,28.69,16.67,0.01,27.94
4.00,476.00,8.33,65.32,18.86,0.02,30.03
4.00,478.00,12.96,82.61,21.00,0.02,32.28
4.00,484.00,7.40,47.90,22.00,0.01,33.34
4.00,482.00,6.48,50.91,18.80,0.01,30.13
4.00,480.00,14.81,103.94,21.20,0.02,32.52
4.00,481.00,14.81,99.50,19.60,0.02,30.79
4.00,483.00,8.33,64.00,18.86,0.02,30.09
4.00,477.00,14.81,104.22,21.40,0.02,32.73
4.00,504.00,1.85,12.03,14.00,0.01,25.35
4.00,495.00,1.85,12.03,14.00,0.01,25.35
4.00,497.00,1.85,11.11,12.00,0.01,23.35
4.00,492.00,1.85,13.88,18.00,0.01,29.35
4.00,490.00,2.78,19.90,14.00,0.01,25.28
4.00,488.00,1.85,11.11,12.00,0.01,23.35
4.00,501.00,1.85,11.11,14.00,0.01,25.20
4.00,508.00,3.70,28.08,17.33,0.01,28.62
4.00,496.00,1.85,11.11,12.00,0.01,23.35
4.00,493.00,3.39,26.53,14.00,0.01,25.16
4.00,507.00,4.63,40.73,18.00,0.01,29.18
4.00,487.00,3.70,38.18,17.00,0.01,28.16
4.00,503.00,2.78,18.97,14.00,0.01,25.38
4.00,502.00,2.78,20.36,18.00,0.01,29.30
4.00,500.00,5.32,40.96,19.00,0.01,30.20
4.00,489.00,10.07,80.87,19.75,0.02,31.04
4.00,506.00,9.26,46.28,19.20,0.01,30.68
4.00,491.00,17.35,125.88,20.17,0.03,31.42
4.00,486.00,13.88,102.09,21.00,0.02,32.17
4.00,494.00,12.96,87.31,18.89,0.03,29.99
4.00,516.00,1.85,12.96,16.00,0.01,27.35
4.00,513.00,1.85,12.03,14.00,0.01,25.35
4.00,519.00,2.78,28.38,18.00,0.01,29.31
4.00,515.00,5.55,40.49,17.50,0.02,28.61
4.00,522.00,6.48,49.61,18.80,0.01,30.05
4.00,511.00,6.48,48.50,19.60,0.01,30.90
4.00,505.00,6.48,49.24,18.80,0.01,30.05
4.00,509.00,8.33,65.32,18.86,0.02,30.03
4.00,514.00,3.70,31.16,18.67,0.01,29.97
4.00,518.00,12.03,77.06,19.50,0.01,30.93
4.00,510.00,10.18,77.52,20.00,0.02,31.19
4.00,520.00,12.96,91.33,20.67,0.02,31.85
4.00,512.00,9.26,68.23,19.71,0.02,30.95
4.00,517.00,7.40,53.99,17.67,0.02,28.91
4.00,498.00,10.18,76.30,19.43,0.03,30.46
4.00,499.00,10.18,83.92,19.33,0.02,30.46
4.00,521.00,15.74,103.11,21.40,0.03,32.51
4.00,538.00,1.85,11.11,12.00,0.01,23.35
4.00,532.00,1.85,10.18,12.00,0.01,23.20
4.00,534.00,2.78,22.21,16.00,0.01,27.22
4.00,536.00,2.78,19.44,18.00,0.01,29.30
4.00,528.00,1.85,17.12,14.00,0.01,25.27
4.00,537.00,2.78,22.68,16.00,0.01,27.22
4.00,525.00,5.55,40.96,18.50,0.02,29.60
4.00,529.00,10.18,63.25,20.00,0.01,31.40
4.00,531.00,3.70,27.46,17.33,0.01,28.53
4.00,533.00,9.26,64.39,18.00,0.02,29.22
4.00,524.00,3.39,29.00,17.33,0.01,28.62
4.00,523.00,12.03,81.80,19.25,0.03,30.28
4.00,526.00,15.74,125.11,22.17,0.02,33.42
4.00,530.00,9.12,72.86,20.00,0.02,31.12
4.00,527.00,21.29,158.28,22.27,0.03,33.48
4.00,549.00,1.85,12.03,14.00,0.01,25.35
4.00,546.00,1.85,12.03,14.00,0.01,25.35
4.00,547.00,3.70,29.00,16.67,0.01,27.93
4.00,535.00,8.33,48.32,19.20,0.01,30.53
4.00,540.00,1.85,19.44,16.00,0.01,27.35
4.00,544.00,3.70,24.07,20.00,0.01,31.31
4.00,542.00,8.33,58.16,19.33,0.01,30.63
4.00,541.00,10.18,77.52,19.00,0.02,30.24
4.00,539.00,12.03,98.11,21.11,0.02,32.34
4.00,545.00,15.40,119.57,21.82,0.02,33.09
4.00,543.00,23.14,152.99,22.43,0.03,33.59
4.00,553.00,6.48,39.80,18.00,0.01,29.27
4.00,550.00,5.09,36.79,16.50,0.01,27.79
4.00,557.00,6.48,50.35,19.60,0.01,30.96
4.00,554.00,9.26,59.08,20.00,0.02,31.19
4.00,556.00,10.18,68.10,19.71,0.02,30.90
4.00,551.00,6.29,50.17,20.00,0.01,31.35
4.00,552.00,17.59,131.51,22.00,0.03,33.25
4.00,548.00,23.14,177.34,24.93,0.03,36.15
4.00,565.00,3.39,26.84,16.67,0.01,27.98
4.00,563.00,3.70,30.54,18.00,0.01,29.34
4.00,559.00,3.39,30.54,18.00,0.01,29.24
4.00,555.00,10.18,77.52,20.00,0.02,31.19
4.00,560.00,12.03,86.08,21.00,0.02,32.26
4.00,562.00,12.77,103.85,21.80,0.02,32.95
4.00,564.00,14.47,119.40,20.91,0.03,31.97
4.00,561.00,13.88,101.30,22.22,0.03,33.21
4.00,558.00,19.44,140.19,22.62,0.03,33.91
4.00,570.00,1.85,14.81,20.00,0.01,31.25
4.00,580.00,5.32,40.73,17.50,0.02,28.65
4.00,569.00,5.55,42.81,19.00,0.01,30.21
4.00,578.00,7.40,55.23,18.00,0.02,29.06
4.00,571.00,7.40,54.61,18.67,0.01,29.92
4.00,581.00,3.70,23.60,18.00,0.01,29.16
4.00,575.00,7.40,56.46,18.67,0.02,29.81
4.00,568.00,5.55,43.04,19.00,0.01,30.19
4.00,573.00,7.40,58.47,20.00,0.02,31.21
4.00,582.00,9.26,69.42,17.00,0.02,28.21
4.00,576.00,8.33,62.94,19.33,0.02,30.50
4.00,574.00,7.40,56.15,19.00,0.01,30.27
4.00,577.00,4.63,31.16,17.33,0.01,28.52
4.00,572.00,11.11,79.49,21.00,0.01,32.46
4.00,566.00,16.58,136.14,23.33,0.02,34.64
4.00,579.00,12.03,90.30,20.89,0.02,32.21
4.00,567.00,13.88,88.96,20.67,0.02,32.07
4.00,597.00,1.85,12.96,16.00,0.01,27.35
4.00,590.00,1.85,17.12,14.00,0.01,25.27
4.00,591.00,1.85,10.18,12.00,0.01,23.20
4.00,589.00,1.85,11.11,12.00,0.01,23.35
4.00,588.00,1.85,12.96,16.00,0.01,27.25
4.00,596.00,4.63,29.62,17.33,0.01,28.66
4.00,600.00,5.09,36.33,17.50,0.01,28.75
4.00,603.00,3.70,20.83,17.00,0.01,28.41
4.00,605.00,3.70,30.85,17.33,0.01,28.49
4.00,584.00,2.78,21.29,16.00,0.02,27.11
4.00,602.00,5.37,51.09,19.20,0.02,30.29
4.00,604.00,5.55,40.49,17.50,0.01,28.77
4.00,587.00,3.70,28.08,18.00,0.01,29.41
4.00,595.00,6.48,49.06,20.00,0.01,31.33
4.00,599.00,12.03,95.34,21.78,0.02,33.10
4.00,601.00,6.48,47.39,18.00,0.01,29.28
4.00,594.00,2.78,22.68,16.00,0.01,27.22
4.00,583.00,12.03,85.96,20.25,0.02,31.53
4.00,598.00,3.39,30.54,18.00,0.01,29.24
4.00,606.00,14.81,106.17,22.20,0.02,33.48
4.00,593.00,11.11,91.02,20.22,0.02,31.37
4.00,586.00,3.70,27.77,18.00,0.01,29.29
4.00,592.00,14.81,106.63,21.00,0.03,32.09
4.00,585.00,21.29,160.79,23.57,0.04,34.62
4.00,619.00,1.85,12.96,16.00,0.01,27.35
4.00,612.00,1.85,11.11,12.00,0.01,23.35
4.00,614.00,2.78,20.83,18.00,0.01,29.33
4.00,628.00,1.85,18.05,16.00,0.01,27.27
4.00,609.00,1.85,12.03,14.00,0.01,25.35
4.00,613.00,3.39,27.46,18.00,0.01,29.34
4.00,630.00,4.63,32.70,20.67,0.01,32.00
4.00,616.00,2.78,23.14,16.00,0.01,27.22
4.00,611.00,6.48,43.32,17.60,0.01,28.93
4.00,617.00,2.78,20.36,18.00,0.01,29.30
4.00,610.00,2.78,19.44,17.00,0.01,28.38
4.00,621.00,5.37,51.09,19.20,0.02,30.29
4.00,623.00,4.63,35.64,18.00,0.01,29.28
4.00,618.00,6.48,41.19,20.00,0.01,31.30
4.00,615.00,12.96,84.00,21.00,0.02,32.33
4.00,608.00,12.03,84.34,20.25,0.02,31.61
4.00,607.00,3.70,35.17,17.00,0.01,28.21
4.00,624.00,5.55,40.49,17.50,0.02,28.61
4.00,625.00,12.96,103.57,21.80,0.02,33.00
4.00,627.00,17.59,145.32,22.00,0.03,33.07
4.00,620.00,10.18,82.58,19.11,0.02,30.32
4.00,622.00,19.44,146.74,20.13,0.04,31.14
4.00,626.00,25.92,183.04,23.38,0.04,34.54
4.00,637.00,1.85,12.96,16.00,0.01,27.25
4.00,631.00,1.85,12.96,16.00,0.01,27.35
4.00,642.00,1.85,18.05,16.00,0.01,27.27
4.00,638.00,1.85,14.81,20.00,0.01,31.35
4.00,633.00,2.78,23.14,17.00,0.01,28.28
4.00,636.00,6.48,53.68,20.80,0.02,31.97
4.00,634.00,8.33,59.86,19.33,0.02,30.54
4.00,640.00,10.07,76.13,19.25,0.02,30.56
4.00,632.00,12.96,101.35,21.20,0.02,32.59
4.00,639.00,9.26,61.24,19.33,0.02,30.55
4.00,629.00,9.12,72.99,20.00,0.02,31.14
4.00,647.00,1.85,11.11,12.00,0.01,23.35
4.00,643.00,2.78,24.07,18.00,0.02,29.11
4.00,650.00,6.48,53.13,20.00,0.02,31.10
4.00,641.00,7.40,53.53,18.00,0.01,29.38
4.00,648.00,7.40,64.79,19.33,0.02,30.38
4.00,645.00,6.48,56.62,19.67,0.02,30.88
4.00,635.00,9.26,63.47,18.57,0.02,29.77
4.00,644.00,20.36,150.87,24.00,0.03,35.19
4.00,646.00,12.03,85.85,21.00,0.02,32.27
4.00,649.00,12.96,109.78,22.20,0.03,33.25
4.00,657.00,1.85,11.11,12.00,0.01,23.35
4.00,652.00,1.85,12.96,16.00,0.01,27.35
4.00,653.00,1.85,12.96,16.00,0.01,27.35
4.00,659.00,1.85,11.11,12.00,0.01,23.35
4.00,655.00,3.70,25.92,14.00,0.01,25.16
4.00,654.00,10.07,81.45,20.25,0.02,31.35
4.00,658.00,5.55,45.72,17.60,0.02,28.77
4.00,656.00,14.81,106.26,22.80,0.02,34.02
4.00,663.00,1.85,12.96,16.00,0.01,27.35
4.00,671.00,4.63,30.54,18.00,0.01,29.33
4.00,676.00,5.55,37.95,18.50,0.01,29.85
4.00,661.00,1.85,17.59,15.00,0.01,26.27
4.00,666.00,4.63,29.31,20.00,0.01,31.39
4.00,669.00,4.63,39.11,19.00,0.01,30.19
4.00,670.00,5.37,43.69,18.40,0.01,29.76
4.00,662.00,8.33,69.42,19.71,0.02,30.87
4.00,660.00,3.70,37.02,17.50,0.01,28.72
4.00,667.00,6.29,49.06,17.60,0.02,28.70
4.00,665.00,9.26,74.63,18.25,0.02,29.38
4.00,674.00,10.18,63.25,20.00,0.01,31.40
4.00,651.00,26.84,173.89,24.53,0.03,36.01
4.00,673.00,12.03,85.85,21.00,0.02,32.27
4.00,664.00,14.81,116.79,21.27,0.03,32.40
4.00,677.00,1.85,11.11,12.00,0.01,23.35
4.00,692.00,2.78,24.53,18.00,0.01,29.22
4.00,690.00,1.85,18.05,16.00,0.01,27.27
4.00,683.00,2.78,20.36,18.00,0.01,29.30
4.00,699.00,5.55,30.85,17.33,0.01,28.62
4.00,680.00,2.78,24.07,17.00,0.01,28.28
4.00,678.00,3.70,20.83,14.00,0.02,25.09
4.00,681.00,3.39,29.00,17.33,0.01,28.62
4.00,682.00,1.85,12.96,16.00,0.01,27.35
4.00,668.00,5.55,36.79,18.50,0.01,29.88
4.00,685.00,5.55,33.01,16.00,0.02,27.05
4.00,694.00,6.48,47.39,18.80,0.01,30.02
4.00,693.00,1.85,12.03,16.00,0.01,27.20
4.00,691.00,2.78,22.21,17.00,0.01,28.28
4.00,688.00,7.40,51.65,19.20,0.02,30.32
4.00,679.00,1.85,19.90,17.00,0.01,28.35
4.00,684.00,3.70,26.23,17.33,0.01,28.69
4.00,675.00,3.70,29.62,16.67,0.01,27.95
4.00,672.00,5.09,38.41,19.00,0.01,30.20
4.00,687.00,12.03,77.29,19.25,0.02,30.41
4.00,697.00,12.03,97.19,21.11,0.02,32.33
4.00,686.00,12.96,83.61,17.78,0.03,28.85
4.00,689.00,12.96,103.57,21.80,0.02,33.00
4.00,703.00,1.85,12.96,16.00,0.01,27.25
4.00,715.00,1.85,12.03,16.00,0.01,27.20
4.00,695.00,1.85,11.11,12.00,0.01,23.35
4.00,709.00,4.63,30.85,17.33,0.01,28.59
4.00,708.00,1.85,9.26,10.00,0.01,21.20
4.00,706.00,3.70,36.79,18.50,0.01,29.68
4.00,707.00,6.48,49.06,17.20,0.01,28.42
4.00,698.00,8.33,62.94,19.33,0.02,30.50
4.00,702.00,5.55,40.73,19.00,0.01,30.28
4.00,712.00,7.25,62.17,19.67,0.02,30.81
4.00,696.00,9.26,63.47,18.57,0.02,29.77
4.00,705.00,5.32,40.96,19.00,0.01,30.20
4.00,701.00,14.81,107.28,22.20,0.02,33.45
4.00,700.00,14.81,109.13,22.60,0.02,33.78
4.00,704.00,11.11,87.83,20.44,0.02,31.70
4.00,714.00,1.85,19.44,18.00,0.01,29.30
4.00,725.00,4.63,34.25,18.00,0.02,29.10
4.00,724.00,3.39,27.46,18.00,0.01,29.34
4.00,723.00,1.85,12.03,16.00,0.01,27.20
4.00,711.00,2.78,28.38,18.00,0.01,29.31
4.00,713.00,6.85,51.65,18.80,0.03,29.90
4.00,718.00,9.26,60.01,20.00,0.02,31.24
4.00,720.00,10.76,77.63,19.25,0.02,30.44
4.00,710.00,8.33,66.51,19.71,0.02,30.98
4.00,716.00,9.26,70.48,20.00,0.02,31.26
4.00,717.00,18.51,123.10,21.67,0.03,32.73
4.00,722.00,4.63,47.39,19.60,0.01,30.91
4.00,719.00,12.03,97.29,22.22,0.02,33.44
4.00,721.00,12.96,83.61,17.78,0.03,28.85
4.00,726.00,3.70,25.45,17.00,0.01,28.25
4.00,732.00,2.78,20.83,17.00,0.02,28.11
4.00,731.00,6.29,50.17,20.00,0.01,31.35
4.00,730.00,11.11,97.80,20.89,0.03,31.90
4.00,729.00,11.11,78.21,19.75,0.02,31.00
4.00,727.00,9.26,76.94,19.75,0.01,31.09
4.00,733.00,13.88,111.07,20.55,0.03,31.60
4.00,728.00,9.12,68.63,18.29,0.03,29.32
4.00,750.00,3.70,22.21,17.00,0.01,28.25
4.00,742.00,1.85,12.03,16.00,0.01,27.20
4.00,738.00,1.85,18.51,16.00,0.01,27.35
4.00,744.00,2.78,23.14,17.00,0.01,28.28
4.00,746.00,4.63,34.25,17.33,0.03,28.42
4.00,743.00,3.70,28.08,18.00,0.01,29.41
4.00,745.00,2.78,21.75,15.00,0.01,26.22
4.00,751.00,8.33,58.16,18.00,0.02,29.25
4.00,740.00,11.11,78.57,17.33,0.03,28.36
4.00,749.00,8.33,63.09,20.00,0.02,31.19
4.00,739.00,5.18,40.54,16.80,0.01,28.12
4.00,736.00,15.74,104.68,19.64,0.03,30.71
4.00,735.00,7.40,58.78,19.00,0.02,30.22
4.00,734.00,11.11,82.84,20.50,0.02,31.85
4.00,748.00,12.03,95.34,21.78,0.02,33.10
4.00,737.00,11.11,78.21,19.75,0.02,31.00
4.00,741.00,1.85,12.96,16.00,0.01,27.25
4.00,762.00,1.85,12.96,16.00,0.01,27.35
4.00,758.00,1.85,18.51,17.00,0.01,28.27
4.00,757.00,1.85,18.97,17.00,0.01,28.30
4.00,760.00,5.55,27.77,18.00,0.01,29.42
4.00,747.00,1.85,12.03,14.00,0.01,25.35
4.00,766.00,5.55,33.01,16.00,0.02,27.05
4.00,767.00,4.63,47.58,16.80,0.02,27.96
4.00,764.00,7.40,43.04,20.00,0.01,31.38
4.00,765.00,8.33,62.01,19.67,0.02,30.94
4.00,756.00,8.33,67.41,20.33,0.02,31.38
4.00,759.00,8.33,71.93,19.71,0.02,30.80
4.00,754.00,9.26,80.41,19.75,0.03,30.78
4.00,772.00,12.03,94.10,20.67,0.02,31.80
4.00,763.00,12.03,97.70,21.56,0.02,32.84
4.00,755.00,5.55,37.49,18.50,0.01,29.88
4.00,752.00,15.74,106.63,21.60,0.02,32.82
4.00,753.00,17.59,128.66,22.00,0.03,33.18
4.00,768.00,13.88,101.54,20.60,0.02,31.87
4.00,770.00,22.21,139.62,22.92,0.03,34.38
4.00,783.00,1.85,18.51,16.00,0.01,27.30
4.00,775.00,2.78,23.14,16.00,0.01,27.22
4.00,780.00,5.55,37.02,18.50,0.01,29.93
4.00,771.00,4.40,35.17,17.00,0.01,28.28
4.00,782.00,10.18,66.78,19.71,0.02,30.94
4.00,776.00,5.18,42.39,16.00,0.02,27.09
4.00,778.00,11.11,86.49,19.78,0.02,30.98
4.00,773.00,4.63,38.88,18.50,0.01,29.85
4.00,777.00,6.48,53.87,20.00,0.01,31.25
4.00,769.00,11.11,83.30,20.75,0.02,32.09
4.00,774.00,13.79,102.93,20.80,0.02,32.08
4.00,761.00,16.66,128.04,21.33,0.03,32.35
4.00,784.00,1.85,12.03,14.00,0.01,25.35
4.00,788.00,2.78,24.07,18.00,0.02,29.11
4.00,785.00,1.85,12.96,16.00,0.01,27.35
4.00,781.00,1.85,12.03,16.00,0.01,27.20
4.00,795.00,3.70,30.24,18.00,0.01,29.25
4.00,792.00,7.40,51.46,19.60,0.01,30.92
4.00,786.00,4.63,34.02,18.00,0.01,29.33
4.00,790.00,11.11,77.87,19.50,0.02,30.69
4.00,779.00,6.48,38.88,17.00,0.01,28.23
4.00,793.00,12.03,86.31,20.25,0.03,31.27
4.00,791.00,3.70,35.64,18.00,0.01,29.30
4.00,794.00,6.32,57.39,19.67,0.01,30.99
4.00,789.00,14.81,98.48,20.20,0.03,31.30
4.00,805.00,1.85,12.96,16.00,0.01,27.35
4.00,804.00,3.70,19.44,18.00,0.01,29.25
4.00,803.00,3.70,24.07,16.00,0.02,27.12
4.00,787.00,5.55,27.77,18.00,0.01,29.42
4.00,796.00,5.37,43.69,18.40,0.01,29.76
4.00,797.00,14.81,107.18,22.40,0.02,33.67
4.00,801.00,12.96,107.18,21.00,0.03,32.10
4.00,799.00,17.59,146.46,22.92,0.03,33.98
4.00,800.00,24.99,190.96,25.25,0.03,36.61
4.00,798.00,12.96,96.36,21.11,0.02,32.33
4.00,819.00,1.85,12.03,16.00,0.01,27.20
4.00,822.00,1.85,12.96,16.00,0.01,27.35
4.00,810.00,1.85,12.96,16.00,0.01,27.35
4.00,812.00,1.85,12.96,16.00,0.01,27.35
4.00,817.00,2.78,20.83,17.00,0.02,28.11
4.00,824.00,3.70,20.83,16.00,0.01,27.33
4.00,815.00,1.85,18.97,18.00,0.01,29.27
4.00,809.00,1.85,12.03,14.00,0.01,25.35
4.00,821.00,4.63,31.47,17.33,0.02,28.42
4.00,813.00,8.33,53.68,20.00,0.02,31.15
4.00,811.00,10.18,74.05,20.86,0.02,32.11
4.00,808.00,9.49,70.58,18.50,0.02,29.70
4.00,807.00,6.48,53.13,20.00,0.02,31.10
4.00,806.00,16.66,114.70,20.50,0.02,31.87
4.00,816.00,8.95,61.86,19.67,0.02,30.79
4.00,802.00,19.44,141.33,23.08,0.02,34.58
4.00,814.00,12.03,77.87,21.00,0.02,32.36
4.00,828.00,1.85,12.96,16.00,0.01,27.35
4.00,835.00,1.85,18.51,17.00,0.01,28.27
4.00,820.00,1.85,10.18,12.00,0.01,23.20
4.00,838.00,1.85,12.96,16.00,0.01,27.25
4.00,839.00,1.85,12.96,16.00,0.01,27.35
4.00,830.00,2.78,19.90,14.00,0.01,25.28
4.00,837.00,1.85,18.05,16.00,0.01,27.27
4.00,832.00,8.18,60.63,20.00,0.02,31.19
4.00,818.00,7.40,42.35,19.00,0.02,30.24
4.00,825.00,9.26,70.48,20.00,0.02,31.26
4.00,829.00,14.81,99.50,19.60,0.02,30.79
4.00,834.00,12.96,93.49,20.22,0.02,31.43
4.00,826.00,6.48,47.76,20.00,0.01,31.25
4.00,823.00,14.53,109.59,22.60,0.02,33.75
4.00,831.00,11.11,79.83,20.50,0.02,31.85
4.00,827.00,18.51,137.14,23.50,0.03,34.69
4.00,833.00,1.85,12.96,16.00,0.01,27.35
4.00,842.00,1.85,11.11,16.00,0.02,27.10
4.00,843.00,1.85,19.90,17.00,0.01,28.35
4.00,846.00,3.70,21.29,16.00,0.03,27.11
4.00,845.00,6.48,45.82,21.50,0.02,32.65
4.00,841.00,7.10,57.23,17.67,0.02,28.71
4.00,847.00,6.48,53.87,20.00,0.01,31.25
4.00,836.00,4.40,35.17,17.00,0.01,28.28
4.00,844.00,13.88,102.74,20.40,0.02,31.55
4.00,840.00,12.96,102.54,22.22,0.03,33.29
4.00,853.00,2.78,20.36,17.00,0.01,28.38
4.00,860.00,1.85,18.97,17.00,0.01,28.35
4.00,854.00,2.78,21.29,16.00,0.02,27.11
4.00,849.00,3.70,24.53,18.00,0.02,29.09
4.00,851.00,7.40,64.64,19.00,0.03,30.04
4.00,852.00,2.78,24.07,17.00,0.01,28.28
4.00,850.00,12.03,90.19,20.67,0.02,31.90
4.00,855.00,14.81,96.88,21.33,0.03,32.48
4.00,858.00,14.81,112.64,22.40,0.03,33.43
4.00,848.00,16.58,141.23,23.33,0.03,34.36
4.00,862.00,1.85,12.96,16.00,0.01,27.25
4.00,872.00,3.70,24.53,22.00,0.01,33.31
4.00,864.00,3.70,30.24,18.00,0.01,29.25
4.00,867.00,1.85,12.96,16.00,0.01,27.35
4.00,871.00,4.63,43.97,20.00,0.01,31.17
4.00,866.00,6.48,54.24,21.20,0.01,32.47
4.00,863.00,3.70,29.62,17.33,0.01,28.58
4.00,865.00,2.78,24.53,18.00,0.01,29.22
4.00,869.00,7.40,64.79,20.33,0.02,31.38
4.00,868.00,14.81,104.59,22.00,0.02,33.24
4.00,861.00,9.26,56.62,19.67,0.02,30.96
4.00,870.00,11.11,77.75,19.25,0.02,30.42
4.00,873.00,8.33,64.92,17.71,0.02,28.93
4.00,856.00,21.29,136.60,23.00,0.03,34.30
4.00,859.00,18.51,134.52,22.00,0.04,32.98
4.00,880.00,1.85,12.03,14.00,0.01,25.35
4.00,874.00,4.63,30.24,18.00,0.01,29.35
4.00,881.00,1.85,12.96,16.00,0.01,27.25
4.00,876.00,6.48,48.50,19.60,0.01,30.90
4.00,882.00,5.55,43.04,19.00,0.01,30.19
4.00,875.00,8.64,60.63,19.67,0.02,30.91
4.00,877.00,9.26,71.27,19.43,0.02,30.73
4.00,878.00,10.18,77.29,20.50,0.02,31.81
4.00,884.00,12.96,108.72,20.73,0.02,31.93
4.00,857.00,36.10,281.97,26.45,0.05,37.41
4.00,879.00,22.21,166.67,24.43,0.03,35.62
4.00,905.00,1.85,9.26,10.00,0.01,21.20
4.00,892.00,3.70,29.00,16.67,0.01,27.93
4.00,890.00,5.55,36.79,18.50,0.01,29.88
4.00,886.00,4.63,41.47,16.00,0.01,27.21
4.00,902.00,7.40,41.88,19.50,0.01,30.86
4.00,887.00,8.33,52.02,20.00,0.02,31.26
4.00,894.00,9.26,50.35,20.00,0.02,31.25
4.00,896.00,8.18,63.09,20.33,0.02,31.45
4.00,895.00,5.55,38.41,17.50,0.01,28.75
4.00,898.00,4.63,30.54,18.00,0.01,29.33
4.00,885.00,10.18,77.87,20.50,0.02,31.76
4.00,903.00,8.33,59.24,20.00,0.02,31.22
4.00,893.00,15.46,111.72,22.00,0.03,33.11
4.00,899.00,8.33,68.76,19.14,0.02,30.34
4.00,900.00,17.59,115.36,21.09,0.03,32.13
4.00,891.00,12.96,80.30,21.00,0.02,32.22
4.00,897.00,12.96,102.43,22.44,0.03,33.46
4.00,883.00,23.14,171.35,22.25,0.04,33.23
4.00,889.00,23.54,175.75,23.25,0.04,34.31
4.00,910.00,1.85,12.96,16.00,0.01,27.35
4.00,909.00,1.85,19.90,17.00,0.01,28.35
4.00,907.00,2.78,19.90,14.00,0.01,25.28
4.00,913.00,3.70,29.93,18.00,0.01,29.27
4.00,911.00,3.70,31.47,18.00,0.01,29.27
4.00,912.00,6.11,43.32,17.60,0.01,28.97
4.00,901.00,7.40,59.70,20.67,0.01,32.02
4.00,916.00,9.26,63.47,18.57,0.02,29.77
4.00,915.00,10.18,81.68,21.25,0.02,32.49
4.00,906.00,10.18,79.25,20.25,0.02,31.58
4.00,908.00,12.03,93.07,21.11,0.02,32.29
4.00,904.00,13.88,116.54,21.45,0.02,32.70
4.00,914.00,14.81,108.29,22.60,0.02,33.87
4.00,888.00,16.66,132.36,23.50,0.02,34.85
4.00,923.00,1.85,12.03,14.00,0.01,25.35
4.00,931.00,2.78,18.97,14.00,0.01,25.38
4.00,927.00,1.85,9.26,10.00,0.01,21.20
4.00,924.00,1.85,12.96,16.00,0.01,27.35
4.00,932.00,5.55,36.72,19.33,0.02,30.45
4.00,919.00,3.70,29.00,16.67,0.01,27.91
4.00,930.00,6.48,39.57,18.50,0.01,29.76
4.00,929.00,5.55,43.13,17.20,0.01,28.51
4.00,918.00,3.70,23.76,12.67,0.01,23.84
4.00,921.00,3.70,29.93,18.00,0.01,29.27
4.00,922.00,12.96,79.60,20.25,0.02,31.60
4.00,920.00,12.03,92.66,20.67,0.02,31.86
4.00,917.00,16.16,120.24,22.18,0.02,33.44
4.00,938.00,1.85,12.03,16.00,0.01,27.20
4.00,926.00,2.78,20.36,14.00,0.01,25.22
4.00,940.00,1.85,12.96,16.00,0.01,27.35
4.00,934.00,1.85,12.96,18.00,0.01,29.20
4.00,939.00,8.33,58.16,19.33,0.01,30.63
4.00,933.00,8.33,55.84,19.67,0.01,31.03
4.00,941.00,9.26,58.68,19.60,0.02,30.71
4.00,935.00,4.63,37.26,15.50,0.02,26.57
4.00,936.00,14.81,113.43,21.64,0.02,32.87
4.00,937.00,9.26,62.17,19.67,0.02,30.83
4.00,925.00,13.88,100.24,21.00,0.02,32.23
4.00,928.00,19.44,117.30,22.00,0.03,33.11
4.00,949.00,1.85,12.03,16.00,0.01,27.20
4.00,951.00,1.85,12.03,14.00,0.01,25.35
4.00,946.00,2.78,25.45,18.00,0.01,29.22
4.00,948.00,6.48,47.58,15.60,0.02,26.65
4.00,947.00,6.48,49.98,20.00,0.01,31.27
4.00,945.00,5.55,45.72,17.60,0.02,28.77
4.00,943.00,6.48,48.50,18.40,0.02,29.49
4.00,942.00,10.18,75.32,19.25,0.02,30.54
4.00,944.00,9.26,76.48,19.50,0.02,30.74
4.00,952.00,1.85,18.05,17.00,0.01,28.20
4.00,957.00,1.85,16.66,13.00,0.01,24.27
4.00,961.00,1.85,11.11,14.00,0.01,25.20
4.00,953.00,1.85,18.97,16.00,0.01,27.27
4.00,958.00,5.09,37.26,16.00,0.02,27.16
4.00,964.00,2.78,19.44,18.00,0.01,29.30
4.00,955.00,4.63,39.57,19.50,0.01,30.70
4.00,962.00,4.63,30.54,18.00,0.01,29.33
4.00,960.00,10.18,64.64,20.00,0.02,31.29
4.00,959.00,5.55,37.95,18.50,0.01,29.85
4.00,956.00,9.26,84.34,20.25,0.03,31.29
4.00,968.00,7.40,56.00,18.67,0.01,29.99
4.00,965.00,18.51,138.70,22.46,0.03,33.63
4.00,950.00,12.96,102.43,22.44,0.03,33.46
4.00,954.00,9.26,78.68,20.00,0.02,31.16
4.00,967.00,1.85,18.05,16.00,0.01,27.27
4.00,971.00,6.48,38.88,17.00,0.01,28.23
4.00,977.00,1.85,19.90,17.00,0.01,28.35
4.00,982.00,4.63,35.87,17.50,0.02,28.64
4.00,973.00,4.63,37.72,18.00,0.01,29.28
4.00,972.00,7.40,55.38,20.00,0.02,31.20
4.00,970.00,8.33,67.44,19.71,0.02,30.93
4.00,969.00,9.26,74.51,19.25,0.02,30.53
4.00,974.00,9.26,80.41,19.75,0.03,30.78
4.00,984.00,5.55,46.84,17.60,0.01,28.85
4.00,978.00,9.26,56.09,21.60,0.01,32.92
4.00,983.00,1.85,12.96,16.00,0.01,27.35
4.00,963.00,18.51,136.37,22.83,0.03,33.87
4.00,981.00,25.92,190.27,25.00,0.04,36.14
4.00,980.00,11.11,95.34,21.33,0.02,32.48
4.00,966.00,12.03,95.34,21.78,0.02,33.10
4.00,987.00,1.85,12.96,16.00,0.01,27.35
4.00,996.00,1.85,11.11,12.00,0.01,23.35
4.00,990.00,1.85,12.96,16.00,0.01,27.35
4.00,985.00,1.85,12.03,14.00,0.01,25.35
4.00,998.00,4.63,35.64,16.50,0.01,27.74
4.00,976.00,4.63,29.31,17.33,0.01,28.66
4.00,997.00,1.85,19.90,17.00,0.01,28.35
4.00,992.00,7.40,51.46,19.60,0.01,30.92
4.00,989.00,6.48,57.23,19.00,0.02,30.21
4.00,991.00,12.03,84.34,20.25,0.02,31.61
4.00,993.00,4.63,35.64,18.00,0.01,29.28
4.00,994.00,13.51,101.35,21.40,0.03,32.45
4.00,986.00,9.26,80.41,19.75,0.03,30.78
4.00,979.00,16.66,143.68,22.62,0.03,33.69
4.00,995.00,22.21,154.22,24.00,0.03,35.28
4.00,975.00,11.11,89.78,20.89,0.02,31.98
4.00,988.00,18.51,140.62,21.71,0.03,32.83
4.00,1006.00,1.85,9.26,10.00,0.01,21.20
4.00,1003.00,2.78,12.96,16.00,0.01,27.38
4.00,1004.00,3.39,28.38,16.00,0.01,27.20
4.00,1000.00,4.63,31.47,17.33,0.02,28.42
4.00,1002.00,6.48,47.02,18.00,0.02,29.11
4.00,1005.00,3.70,28.38,16.67,0.01,27.97
4.00,1007.00,6.48,52.94,20.00,0.01,31.28
4.00,999.00,7.40,58.16,19.33,0.02,30.50
4.00,1001.00,15.74,112.59,21.82,0.02,33.30
4.00,1015.00,1.85,12.03,16.00,0.01,27.20
4.00,1022.00,1.85,12.03,16.00,0.01,27.20
4.00,1016.00,1.85,12.03,14.00,0.01,25.35
4.00,1021.00,1.85,17.12,14.00,0.01,25.22
4.00,1013.00,3.70,23.60,18.00,0.01,29.16
4.00,1012.00,1.85,12.96,16.00,0.01,27.25
4.00,1010.00,2.78,20.83,18.00,0.01,29.30
4.00,1019.00,3.70,24.53,18.00,0.02,29.09
4.00,1008.00,2.78,17.59,15.00,0.01,26.22
4.00,1017.00,2.78,21.75,15.00,0.01,26.22
4.00,1018.00,6.48,45.17,18.00,0.01,29.41
4.00,1023.00,5.55,47.95,18.80,0.01,30.04
4.00,1009.00,9.26,85.62,20.75,0.03,31.77
4.00,1020.00,10.18,69.07,17.25,0.02,28.50
4.00,1011.00,29.62,184.07,25.33,0.03,36.93
4.00,1014.00,14.81,103.11,20.80,0.02,32.05
4.00,1029.00,1.85,11.11,12.00,0.01,23.35
4.00,1030.00,5.55,33.01,20.67,0.01,31.88
4.00,1035.00,1.85,12.03,14.00,0.01,25.35
4.00,1027.00,4.63,35.87,17.50,0.02,28.64
4.00,1032.00,7.10,64.79,20.33,0.03,31.40
4.00,1034.00,5.55,45.82,19.00,0.02,30.16
4.00,1028.00,14.81,105.52,22.00,0.02,33.21
4.00,1033.00,8.33,67.41,20.33,0.02,31.38
4.00,1024.00,18.51,151.66,24.15,0.03,35.41
4.00,1031.00,22.21,160.13,23.14,0.04,34.09
4.00,1025.00,13.63,110.31,21.09,0.03,32.16
4.00,1036.00,10.18,70.61,20.00,0.02,31.26
4.00,1026.00,12.03,97.19,21.11,0.02,32.33
4.00,1047.00,3.70,24.07,17.00,0.02,28.09
4.00,1039.00,1.85,12.03,16.00,0.01,27.20
4.00,1040.00,5.55,30.85,17.33,0.01,28.62
4.00,1048.00,1.85,12.03,16.00,0.01,27.20
4.00,1052.00,1.85,17.59,15.00,0.01,26.27
4.00,1046.00,5.55,40.03,19.50,0.01,30.74
4.00,1043.00,6.11,45.54,18.00,0.01,29.29
4.00,1045.00,9.26,64.39,19.43,0.01,30.78
4.00,1051.00,6.48,51.83,19.60,0.01,30.82
4.00,1041.00,4.63,34.02,18.00,0.01,29.33
4.00,1049.00,6.11,48.13,18.40,0.01,29.62
4.00,1037.00,12.96,82.61,21.00,0.02,32.28
4.00,1038.00,11.11,80.06,21.00,0.02,32.23
4.00,1050.00,6.48,48.13,17.20,0.02,28.35
4.00,1042.00,21.29,113.48,23.20,0.02,34.84
4.00,1053.00,13.88,99.24,21.11,0.03,32.22
4.00,1044.00,15.74,123.26,21.33,0.02,32.56
4.00,1059.00,1.85,14.81,20.00,0.01,31.35
4.00,1054.00,2.78,25.45,17.00,0.01,28.22
4.00,1058.00,3.70,26.38,21.00,0.01,32.25
4.00,1057.00,9.26,59.39,20.33,0.01,31.70
4.00,1056.00,7.40,61.71,20.33,0.02,31.44
4.00,1061.00,9.26,62.28,17.43,0.02,28.63
4.00,1063.00,11.11,78.91,20.00,0.02,31.24
4.00,1055.00,19.44,133.52,22.00,0.04,32.99
4.00,1060.00,23.14,152.99,22.43,0.03,33.59
4.00,1062.00,1.85,12.03,14.00,0.01,25.35
4.00,1066.00,3.70,26.84,22.00,0.01,33.25
4.00,1074.00,1.85,17.12,14.00,0.01,25.27
4.00,1073.00,5.18,42.39,16.00,0.02,27.09
4.00,1072.00,6.48,49.80,19.20,0.01,30.43
4.00,1070.00,11.11,79.02,19.75,0.02,30.95
4.00,1069.00,11.11,83.20,20.00,0.02,31.29
4.00,1071.00,5.55,43.04,19.00,0.01,30.25
4.00,1064.00,12.77,110.42,22.40,0.02,33.57
4.00,1067.00,15.74,133.29,20.92,0.03,31.95
4.00,1075.00,8.33,62.41,17.71,0.02,28.91
4.00,1065.00,7.40,63.73,18.57,0.02,29.66
4.00,1068.00,12.96,103.57,21.80,0.02,33.00
4.00,1079.00,2.78,23.14,18.00,0.02,29.11
4.00,1084.00,4.63,30.54,18.00,0.01,29.33
4.00,1080.00,3.39,29.00,17.33,0.01,28.62
4.00,1077.00,2.78,24.07,18.00,0.02,29.11
4.00,1076.00,7.40,62.94,20.33,0.02,31.46
4.00,1081.00,11.11,83.20,20.00,0.02,31.29
4.00,1082.00,4.63,37.26,18.00,0.01,29.29
4.00,1083.00,11.83,87.42,18.89,0.02,30.12
4.00,1078.00,12.96,108.72,20.73,0.02,31.93
4.00,1092.00,1.85,12.96,16.00,0.01,27.35
4.00,1088.00,1.85,12.96,16.00,0.01,27.35
4.00,1091.00,1.85,11.11,14.00,0.01,25.20
4.00,1093.00,2.78,23.14,17.00,0.01,28.28
4.00,1095.00,3.70,29.31,17.33,0.01,28.67
4.00,1098.00,9.26,46.28,19.20,0.01,30.68
4.00,1090.00,1.85,12.96,16.00,0.01,27.35
4.00,1094.00,6.48,47.02,18.40,0.01,29.65
4.00,1087.00,6.48,47.95,17.20,0.02,28.27
4.00,1089.00,8.33,52.02,20.00,0.02,31.26
4.00,1097.00,8.33,66.38,19.14,0.02,30.25
4.00,1085.00,7.40,62.94,20.33,0.02,31.46
4.00,1086.00,12.03,96.63,20.00,0.02,31.24
4.00,1100.00,12.96,100.99,22.44,0.02,33.62
4.00,1099.00,6.48,53.87,20.00,0.01,31.25
4.00,1101.00,15.74,104.13,21.60,0.03,32.68
4.00,1096.00,23.96,202.98,25.29,0.04,36.35
4.00,1107.00,1.85,12.03,14.00,0.01,25.35
4.00,1112.00,2.78,19.90,18.00,0.01,29.30
4.00,1105.00,6.48,54.42,20.80,0.01,32.03
4.00,1109.00,7.40,56.77,18.33,0.02,29.58
4.00,1113.00,3.70,29.00,16.67,0.01,27.93
4.00,1110.00,14.81,104.59,22.00,0.02,33.24
4.00,1104.00,16.66,103.94,21.60,0.02,32.92
4.00,1106.00,12.96,108.38,20.55,0.02,31.77
4.00,1103.00,9.26,64.26,19.14,0.02,30.40
4.00,1108.00,13.88,103.48,21.20,0.02,32.40
4.00,1102.00,13.88,111.16,22.80,0.03,33.92
4.00,1121.00,1.85,11.11,12.00,0.01,23.35
4.00,1125.00,1.85,12.03,16.00,0.01,27.20
4.00,1124.00,3.39,28.69,17.33,0.01,28.62
4.00,1120.00,4.63,36.79,18.00,0.01,29.21
4.00,1114.00,3.70,29.00,18.00,0.01,29.30
4.00,1116.00,9.26,66.80,20.00,0.03,31.04
4.00,1117.00,5.55,38.18,18.50,0.01,29.79
4.00,1111.00,12.03,92.56,20.89,0.02,32.25
4.00,1115.00,14.81,95.95,21.78,0.02,33.07
4.00,1118.00,1.85,12.96,16.00,0.01,27.25
4.00,1130.00,1.85,12.03,14.00,0.01,25.35
4.00,1129.00,1.85,12.03,14.00,0.01,25.35
4.00,1122.00,1.85,18.05,17.00,0.01,28.20
4.00,1135.00,1.85,12.03,14.00,0.01,25.35
4.00,1131.00,2.78,26.23,14.67,0.01,25.92
4.00,1123.00,1.85,12.96,16.00,0.01,27.35
4.00,1126.00,4.63,38.64,17.00,0.01,28.30
4.00,1136.00,3.70,24.07,16.00,0.02,27.12
4.00,1132.00,11.11,63.40,19.67,0.02,30.84
4.00,1133.00,4.63,36.33,17.50,0.01,28.76
4.00,1128.00,9.26,46.28,19.20,0.01,30.68
4.00,1119.00,11.11,83.30,20.75,0.02,32.09
4.00,1127.00,13.78,98.73,21.33,0.03,32.39
4.00,1148.00,1.85,12.03,14.00,0.01,25.35
4.00,1142.00,1.85,14.81,20.00,0.01,31.25
4.00,1151.00,1.85,12.03,14.00,0.01,25.35
4.00,1150.00,1.85,11.11,12.00,0.01,23.35
4.00,1141.00,4.63,33.94,19.33,0.01,30.66
4.00,1134.00,6.29,52.20,19.60,0.01,30.83
4.00,1146.00,3.70,29.62,17.33,0.01,28.60
4.00,1147.00,3.70,21.75,18.00,0.01,29.28
4.00,1137.00,4.63,38.88,17.50,0.02,28.59
4.00,1138.00,9.26,58.93,20.00,0.01,31.36
4.00,1139.00,7.25,62.94,20.00,0.02,31.19
4.00,1149.00,5.55,38.18,19.00,0.01,30.37
4.00,1143.00,14.81,111.16,21.09,0.02,32.30
4.00,1140.00,8.33,54.15,18.67,0.01,30.05
4.00,1144.00,20.36,153.12,22.43,0.03,33.59
4.00,1145.00,10.18,82.69,18.89,0.03,29.93
4.00,1160.00,1.85,12.96,16.00,0.01,27.25
4.00,1170.00,1.85,12.96,16.00,0.01,27.35
4.00,1163.00,2.78,19.44,17.00,0.01,28.38
4.00,1157.00,2.78,19.44,17.00,0.01,28.38
4.00,1162.00,3.70,30.54,18.00,0.01,29.30
4.00,1165.00,8.33,58.16,18.00,0.02,29.25
4.00,1168.00,9.26,68.36,20.00,0.02,31.25
4.00,1154.00,10.07,80.41,20.00,0.02,31.14
4.00,1155.00,4.63,35.87,17.50,0.02,28.64
4.00,1156.00,11.11,83.20,20.00,0.02,31.29
4.00,1152.00,6.48,44.61,18.40,0.01,29.78
4.00,1158.00,5.18,42.39,15.20,0.02,26.34
4.00,1169.00,13.88,103.02,21.80,0.02,33.16
4.00,1153.00,11.85,102.19,21.20,0.02,32.45
4.00,1161.00,11.11,82.73,19.50,0.02,30.57
4.00,1159.00,26.84,186.59,22.94,0.04,34.17
4.00,1167.00,14.81,95.95,21.78,0.02,33.07
4.00,1171.00,16.66,125.42,21.83,0.02,33.13
4.00,1174.00,1.85,11.11,12.00,0.01,23.35
4.00,1184.00,3.70,24.99,18.00,0.02,29.07
4.00,1182.00,1.85,12.03,14.00,0.01,25.35
4.00,1178.00,2.78,19.44,18.00,0.01,29.30
4.00,1186.00,1.85,12.96,16.00,0.01,27.25
4.00,1175.00,2.78,22.68,16.00,0.01,27.22
4.00,1183.00,6.48,40.49,19.00,0.01,30.26
4.00,1176.00,4.63,39.11,19.00,0.01,30.19
4.00,1185.00,8.33,58.93,19.67,0.02,30.93
4.00,1179.00,6.48,51.46,18.80,0.02,29.89
4.00,1180.00,5.09,37.95,19.00,0.02,30.17
4.00,1166.00,9.26,67.70,20.00,0.02,31.25
4.00,1172.00,6.29,44.98,19.20,0.01,30.56
4.00,1189.00,11.11,82.28,18.67,0.02,29.95
4.00,1173.00,21.72,179.01,23.87,0.04,34.87
4.00,1177.00,17.59,124.88,21.50,0.03,32.63
4.00,1164.00,18.51,131.59,22.50,0.03,33.80
4.00,1193.00,1.85,12.03,16.00,0.01,27.20
4.00,1195.00,1.85,12.96,16.00,0.01,27.35
4.00,1198.00,3.70,30.54,18.00,0.01,29.30
4.00,1202.00,5.55,39.57,19.50,0.01,30.87
4.00,1181.00,5.55,30.54,18.00,0.01,29.33
4.00,1192.00,8.18,62.79,20.33,0.02,31.40
4.00,1197.00,2.78,21.29,17.00,0.01,28.22
4.00,1194.00,8.33,50.54,19.60,0.01,31.00
4.00,1188.00,2.78,20.36,18.00,0.01,29.30
4.00,1200.00,6.48,43.97,19.50,0.01,30.76
4.00,1187.00,9.26,67.70,20.00,0.02,31.25
4.00,1191.00,11.11,78.68,19.75,0.02,30.93
4.00,1199.00,5.32,37.02,18.50,0.01,29.69
4.00,1190.00,14.81,112.92,20.91,0.02,32.14
4.00,1203.00,16.66,118.40,21.17,0.03,32.22
4.00,1196.00,9.26,62.28,17.43,0.02,28.63
4.00,1201.00,17.59,142.48,20.29,0.03,31.38
4.00,1209.00,1.85,12.96,16.00,0.01,27.35
4.00,1218.00,1.85,12.96,16.00,0.01,27.35
4.00,1210.00,1.85,12.03,14.00,0.01,25.35
4.00,1211.00,3.39,28.08,16.00,0.01,27.20
4.00,1207.00,2.78,22.21,15.00,0.01,26.22
4.00,1208.00,8.33,49.43,19.20,0.01,30.51
4.00,1205.00,7.40,53.22,18.00,0.01,29.32
4.00,1206.00,10.05,72.33,20.00,0.02,31.16
4.00,1212.00,9.26,64.39,19.43,0.01,30.78
4.00,1216.00,28.69,177.34,24.80,0.03,36.22
4.00,1204.00,12.03,86.31,20.25,0.03,31.27
4.00,1213.00,11.11,93.59,21.56,0.01,32.94
4.00,1225.00,1.85,12.03,14.00,0.01,25.35
4.00,1214.00,3.70,26.53,17.33,0.01,28.63
4.00,1223.00,3.70,29.00,18.00,0.01,29.30
4.00,1219.00,5.09,37.26,17.00,0.01,28.28
4.00,1217.00,4.63,35.64,18.00,0.01,29.28
4.00,1228.00,3.70,31.47,18.00,0.01,29.27
4.00,1224.00,6.32,57.39,19.67,0.01,30.99
4.00,1220.00,6.48,40.49,19.00,0.01,30.26
4.00,1222.00,11.11,86.70,19.56,0.02,30.65
4.00,1215.00,12.96,104.68,19.82,0.02,30.95
4.00,1221.00,12.03,88.24,20.00,0.02,31.23
4.00,1233.00,1.85,16.66,13.00,0.01,24.27
4.00,1226.00,1.85,12.96,16.00,0.01,27.35
4.00,1235.00,3.70,35.17,17.00,0.01,28.21
4.00,1230.00,8.79,58.78,19.00,0.02,30.28
4.00,1232.00,10.18,56.15,19.33,0.02,30.68
4.00,1231.00,9.26,67.17,19.71,0.01,31.09
4.00,1237.00,15.74,92.56,21.33,0.02,32.75
4.00,1227.00,12.03,95.34,21.78,0.02,33.10
4.00,1229.00,10.99,81.34,20.75,0.02,32.00
4.00,1247.00,3.70,22.21,17.00,0.01,28.25
4.00,1242.00,2.78,18.97,17.00,0.01,28.30
4.00,1239.00,4.40,37.72,18.00,0.01,29.30
4.00,1234.00,5.18,42.39,18.00,0.01,29.22
4.00,1240.00,5.55,43.32,16.80,0.01,28.08
4.00,1248.00,6.48,48.13,17.20,0.02,28.35
4.00,1238.00,8.33,60.94,20.00,0.02,31.22
4.00,1244.00,11.11,75.78,18.75,0.02,29.91
4.00,1245.00,10.18,64.64,20.00,0.02,31.29
4.00,1246.00,10.18,64.48,20.33,0.02,31.45
4.00,1243.00,6.48,38.88,17.00,0.01,28.23
4.00,1241.00,10.18,75.90,18.75,0.02,29.96
4.00,1250.00,8.33,59.08,20.00,0.02,31.27
4.00,1249.00,15.74,124.79,22.73,0.03,33.82
4.00,1236.00,11.11,89.78,20.89,0.02,31.98
4.00,1254.00,1.85,12.96,16.00,0.01,27.35
4.00,1260.00,1.85,12.03,14.00,0.01,25.35
4.00,1258.00,1.85,12.96,16.00,0.01,27.35
4.00,1255.00,1.85,12.96,16.00,0.01,27.35
4.00,1253.00,6.48,57.23,19.00,0.02,30.21
4.00,1259.00,12.03,71.27,21.14,0.02,32.48
4.00,1251.00,12.03,84.23,20.75,0.02,32.10
4.00,1252.00,6.48,40.49,19.00,0.01,30.26
4.00,1256.00,12.96,102.43,22.44,0.03,33.46
4.00,1267.00,1.85,12.96,16.00,0.01,27.35
4.00,1273.00,3.70,34.56,21.33,0.01,32.60
4.00,1272.00,4.63,29.31,17.33,0.01,28.66
4.00,1266.00,2.78,25.45,18.00,0.01,29.22
4.00,1271.00,2.78,25.45,17.00,0.01,28.22
4.00,1261.00,6.48,49.98,19.60,0.01,30.88
4.00,1263.00,1.85,19.90,17.00,0.01,28.35
4.00,1264.00,8.33,52.57,20.00,0.02,31.16
4.00,1262.00,9.26,82.49,19.75,0.02,30.90
4.00,1269.00,11.11,79.49,21.00,0.01,32.46
4.00,1274.00,14.81,116.62,19.33,0.03,30.42
4.00,1268.00,9.26,70.48,20.00,0.02,31.26
4.00,1270.00,12.96,99.76,21.78,0.03,32.88
4.00,1257.00,18.51,139.10,20.14,0.03,31.15
4.00,1279.00,1.85,14.81,20.00,0.01,31.35
4.00,1289.00,2.78,12.96,16.00,0.01,27.38
4.00,1278.00,1.85,10.18,10.00,0.01,21.35
4.00,1284.00,1.85,12.96,16.00,0.01,27.35
4.00,1280.00,1.85,21.29,17.00,0.01,28.22
4.00,1288.00,2.78,19.90,18.00,0.01,29.30
4.00,1281.00,1.85,18.97,17.00,0.01,28.35
4.00,1282.00,6.48,45.59,20.50,0.01,31.76
4.00,1276.00,7.22,49.98,19.60,0.01,30.89
4.00,1277.00,6.48,49.24,18.80,0.01,30.05
4.00,1285.00,6.48,49.06,17.20,0.01,28.42
4.00,1283.00,8.33,67.97,19.43,0.02,30.60
4.00,1275.00,10.18,79.25,19.50,0.03,30.51
4.00,1265.00,12.03,79.49,19.00,0.02,30.17
4.00,1287.00,12.03,80.99,20.00,0.03,31.06
4.00,1286.00,5.55,47.95,18.80,0.01,30.04
4.00,1293.00,1.85,12.03,16.00,0.01,27.20
4.00,1297.00,3.70,24.07,17.00,0.02,28.09
4.00,1299.00,2.78,19.90,14.00,0.01,25.28
4.00,1296.00,1.85,19.44,16.00,0.01,27.35
4.00,1298.00,2.78,22.21,17.00,0.01,28.28
4.00,1309.00,5.55,45.72,17.60,0.02,28.77
4.00,1305.00,2.78,20.36,17.00,0.01,28.38
4.00,1303.00,5.55,43.97,21.50,0.01,32.82
4.00,1308.00,7.40,51.09,19.60,0.01,31.00
4.00,1292.00,6.48,48.69,19.60,0.02,30.75
4.00,1302.00,7.10,52.45,17.33,0.01,28.61
4.00,1295.00,10.18,77.98,19.50,0.02,30.73
4.00,1300.00,9.26,66.91,18.86,0.02,30.09
4.00,1290.00,12.03,89.68,20.89,0.02,32.23
4.00,1291.00,19.44,113.93,21.82,0.02,33.30
4.00,1315.00,1.85,12.03,14.00,0.01,25.35
4.00,1307.00,3.39,26.84,16.67,0.01,27.98
4.00,1294.00,1.85,18.05,16.00,0.01,27.27
4.00,1313.00,5.55,44.06,17.20,0.02,28.37
4.00,1311.00,7.40,55.84,18.67,0.02,29.85
4.00,1306.00,9.12,68.36,19.14,0.02,30.31
4.00,1318.00,6.48,47.02,18.00,0.02,29.11
4.00,1310.00,6.48,55.38,19.00,0.01,30.33
4.00,1312.00,6.48,47.39,18.80,0.01,30.02
4.00,1314.00,8.33,64.64,20.33,0.02,31.56
4.00,1301.00,19.44,121.84,22.73,0.03,34.07
4.00,1316.00,9.26,71.39,18.00,0.02,29.12
4.00,1304.00,28.38,223.33,25.33,0.04,36.33
4.00,1328.00,1.85,11.11,12.00,0.01,23.35
4.00,1326.00,3.70,24.53,18.00,0.02,29.09
4.00,1324.00,1.85,12.96,16.00,0.01,27.35
4.00,1322.00,3.39,26.84,16.67,0.01,27.98
4.00,1317.00,2.78,20.36,16.00,0.01,27.22
4.00,1320.00,7.25,62.17,19.67,0.02,30.81
4.00,1319.00,11.11,71.54,20.86,0.02,32.10
4.00,1325.00,13.88,102.19,20.20,0.03,31.30
4.00,1323.00,13.88,104.50,21.60,0.02,32.77
4.00,1321.00,20.36,151.00,22.29,0.03,33.33
4.00,1340.00,1.85,12.96,16.00,0.01,27.35
4.00,1334.00,1.85,21.29,16.00,0.01,27.25
4.00,1336.00,6.48,38.88,17.00,0.01,28.23
4.00,1333.00,7.40,45.91,17.20,0.02,28.38
4.00,1343.00,6.48,47.95,17.60,0.02,28.69
4.00,1337.00,6.48,51.83,19.60,0.01,30.82
4.00,1327.00,7.40,47.58,19.20,0.01,30.54
4.00,1338.00,6.48,49.80,19.20,0.01,30.43
4.00,1329.00,9.26,78.79,20.25,0.02,31.50
4.00,1332.00,10.18,72.43,18.50,0.02,29.72
4.00,1331.00,9.26,84.34,20.25,0.03,31.29
4.00,1335.00,14.81,105.52,22.00,0.02,33.26
4.00,1342.00,13.88,102.09,21.80,0.02,33.23
4.00,1330.00,15.74,104.68,19.64,0.03,30.71
4.00,1339.00,7.40,62.94,20.33,0.02,31.46
4.00,1349.00,1.85,12.03,14.00,0.01,25.35
4.00,1352.00,2.78,23.14,16.00,0.01,27.22
4.00,1351.00,3.70,25.45,17.00,0.01,28.25
4.00,1346.00,4.63,26.53,16.00,0.01,27.30
4.00,1347.00,2.78,18.51,17.00,0.01,28.22
4.00,1341.00,7.40,53.22,18.00,0.01,29.32
4.00,1345.00,10.18,76.82,20.00,0.02,31.12
4.00,1344.00,11.11,94.62,21.78,0.02,33.11
4.00,1348.00,16.66,128.19,22.17,0.02,33.44
4.00,1363.00,1.85,11.11,14.00,0.01,25.20
4.00,1368.00,1.85,21.29,16.00,0.01,27.25
4.00,1353.00,2.78,23.14,18.00,0.02,29.11
4.00,1366.00,2.78,21.29,17.00,0.01,28.38
4.00,1359.00,2.78,21.29,17.00,0.01,28.38
4.00,1367.00,5.09,37.95,19.00,0.02,30.17
4.00,1355.00,8.33,58.16,18.00,0.02,29.25
4.00,1356.00,13.88,95.23,21.78,0.03,32.77
4.00,1360.00,11.11,89.32,21.50,0.03,32.57
4.00,1382.00,2.78,17.59,15.00,0.01,26.22
4.00,1388.00,2.78,20.36,17.00,0.01,28.38
4.00,1362.00,6.48,50.72,19.60,0.01,30.87
4.00,1354.00,14.81,116.62,19.33,0.03,30.42
4.00,1369.00,20.36,126.81,21.67,0.03,32.86
4.00,1370.00,7.40,56.77,18.33,0.02,29.58
4.00,1357.00,5.55,33.32,18.00,0.02,29.08
4.00,1358.00,13.88,103.67,21.20,0.02,32.44
4.00,1365.00,9.26,71.39,18.00,0.02,29.12
4.00,1350.00,24.76,190.09,24.62,0.03,35.90
4.00,1364.00,1.85,12.96,16.00,0.01,27.25
4.00,1373.00,1.85,12.03,14.00,0.01,25.35
4.00,1379.00,3.39,27.46,17.33,0.01,28.54
4.00,1392.00,3.70,30.54,18.00,0.01,29.34
4.00,1377.00,2.78,20.36,18.00,0.01,29.30
4.00,1378.00,5.55,40.49,17.50,0.02,28.61
4.00,1371.00,7.40,53.22,18.00,0.01,29.32
4.00,1383.00,7.40,59.24,19.67,0.02,30.88
4.00,1381.00,3.70,29.00,16.67,0.01,27.93
4.00,1385.00,11.11,86.08,21.00,0.02,32.35
4.00,1374.00,13.88,101.30,22.22,0.03,33.21
4.00,1372.00,11.11,79.60,21.00,0.01,32.43
4.00,1389.00,12.96,102.74,20.80,0.02,32.00
4.00,1375.00,10.05,72.33,20.00,0.02,31.16
4.00,1376.00,8.33,58.93,19.67,0.02,30.93
4.00,1361.00,22.58,172.41,24.40,0.04,35.47
4.00,1384.00,12.96,94.00,21.11,0.02,32.23
4.00,1380.00,16.66,122.10,21.33,0.02,32.58
4.00,1401.00,1.85,12.96,16.00,0.01,27.25
4.00,1406.00,1.85,12.96,16.00,0.01,27.35
4.00,1393.00,1.85,18.97,18.00,0.01,29.27
4.00,1404.00,7.40,39.57,19.00,0.01,30.38
4.00,1394.00,6.48,48.69,19.20,0.01,30.53
4.00,1399.00,7.40,53.13,20.80,0.02,32.03
4.00,1400.00,9.26,62.63,19.00,0.02,30.16
4.00,1396.00,7.10,57.08,19.00,0.02,30.13
4.00,1387.00,9.26,59.08,20.00,0.02,31.19
4.00,1403.00,3.70,28.08,17.33,0.01,28.62
4.00,1405.00,8.33,60.32,19.67,0.02,30.81
4.00,1395.00,10.07,78.33,19.50,0.02,30.64
4.00,1391.00,7.40,60.78,20.00,0.02,31.16
4.00,1398.00,10.18,76.01,19.50,0.02,30.62
4.00,1386.00,9.26,75.32,18.75,0.03,29.77
4.00,1397.00,15.74,100.15,21.20,0.02,32.53
4.00,1390.00,11.11,99.45,22.22,0.02,33.35
4.00,1402.00,21.23,179.20,24.13,0.04,35.15
4.00,1412.00,1.85,12.96,16.00,0.01,27.35
4.00,1416.00,2.78,19.44,17.00,0.01,28.38
4.00,1413.00,4.63,34.02,18.00,0.01,29.33
4.00,1408.00,5.32,40.96,19.00,0.01,30.20
4.00,1422.00,6.48,48.69,19.60,0.01,30.90
4.00,1421.00,3.70,24.07,16.00,0.02,27.12
4.00,1417.00,9.26,59.08,20.00,0.02,31.19
4.00,1411.00,6.48,52.20,20.00,0.01,31.25
4.00,1414.00,9.26,71.14,18.86,0.02,30.10
4.00,1415.00,8.33,52.91,18.67,0.01,30.03
4.00,1419.00,5.55,51.37,21.00,0.02,32.13
4.00,1409.00,21.29,140.19,22.92,0.02,34.43
4.00,1407.00,17.59,135.21,21.54,0.03,32.75
4.00,1418.00,10.18,87.42,19.78,0.03,30.80
4.00,1410.00,25.92,186.85,24.50,0.04,35.70
4.00,1425.00,3.70,31.78,20.67,0.01,31.91
4.00,1420.00,6.48,47.95,17.20,0.02,28.34
4.00,1431.00,3.70,23.14,16.00,0.01,27.19
4.00,1426.00,10.18,59.08,20.33,0.01,31.78
4.00,1423.00,2.78,19.90,18.00,0.01,29.30
4.00,1432.00,11.11,66.64,19.14,0.02,30.43
4.00,1429.00,11.11,78.33,20.00,0.02,31.23
4.00,1430.00,11.11,82.15,20.50,0.02,31.60
4.00,1428.00,7.40,50.54,19.60,0.02,30.80
4.00,1424.00,15.66,128.19,21.83,0.03,32.94
4.00,1427.00,11.85,94.04,19.00,0.02,30.11
4.00,1441.00,1.85,18.05,16.00,0.01,27.27
4.00,1435.00,1.85,10.18,12.00,0.01,23.20
4.00,1438.00,1.85,10.18,12.00,0.01,23.20
4.00,1433.00,6.48,39.80,18.00,0.01,29.33
4.00,1443.00,5.55,33.32,18.00,0.02,29.08
4.00,1436.00,12.03,79.91,18.00,0.02,29.18
4.00,1434.00,12.03,90.40,20.22,0.03,31.30
4.00,1449.00,1.85,11.11,12.00,0.01,23.35
4.00,1448.00,2.78,24.53,18.00,0.01,29.22
4.00,1447.00,2.78,25.45,17.00,0.01,28.22
4.00,1446.00,7.25,62.94,20.00,0.02,31.19
4.00,1440.00,10.05,73.52,20.00,0.02,31.09
4.00,1451.00,6.48,47.58,19.20,0.01,30.58
4.00,1453.00,5.32,40.73,17.50,0.02,28.65
4.00,1444.00,12.03,79.25,19.50,0.02,30.71
4.00,1439.00,8.33,66.38,19.14,0.02,30.25
4.00,1442.00,18.51,120.50,22.55,0.02,33.99
4.00,1437.00,18.51,151.24,21.20,0.03,32.25
4.00,1458.00,6.48,47.39,18.80,0.01,30.02
4.00,1468.00,2.78,23.14,18.00,0.02,29.11
4.00,1464.00,2.78,20.36,18.00,0.01,29.30
4.00,1462.00,7.40,53.22,18.00,0.01,29.32
4.00,1460.00,4.63,29.62,17.33,0.01,28.66
4.00,1459.00,5.32,37.02,18.50,0.01,29.69
4.00,1463.00,11.11,79.49,21.00,0.01,32.46
4.00,1456.00,12.03,92.25,21.11,0.02,32.40
4.00,1466.00,7.40,57.54,19.00,0.02,30.17
4.00,1461.00,6.48,51.83,19.60,0.01,30.82
4.00,1454.00,9.26,78.79,20.25,0.02,31.50
4.00,1465.00,9.26,56.62,19.67,0.02,30.96
4.00,1467.00,17.59,140.48,22.62,0.03,33.70
4.00,1450.00,7.40,58.47,20.00,0.02,31.21
4.00,1445.00,22.21,159.93,23.57,0.03,34.94
4.00,1455.00,15.74,121.17,22.73,0.02,34.02
4.00,1457.00,19.44,138.92,23.33,0.03,34.40
4.00,1452.00,19.44,136.56,21.69,0.03,32.75
4.00,1492.00,1.85,12.96,16.00,0.01,27.35
4.00,1491.00,1.85,12.96,16.00,0.01,27.35
4.00,1473.00,1.85,18.97,17.00,0.01,28.30
4.00,1471.00,2.78,20.36,16.00,0.01,27.30
4.00,1488.00,1.85,10.18,12.00,0.01,23.20
4.00,1472.00,2.78,21.29,16.00,0.02,27.11
4.00,1475.00,3.70,30.54,18.00,0.01,29.34
4.00,1476.00,1.85,12.03,14.00,0.01,25.35
4.00,1483.00,2.78,21.75,15.00,0.01,26.22
4.00,1477.00,3.70,24.07,18.00,0.01,29.25
4.00,1480.00,9.26,60.32,19.33,0.01,30.74
4.00,1482.00,4.63,41.84,16.40,0.02,27.57
4.00,1479.00,11.11,82.03,19.75,0.02,31.00
4.00,1474.00,14.81,79.72,20.75,0.02,32.19
4.00,1486.00,5.55,40.96,18.50,0.02,29.60
4.00,1490.00,6.48,45.72,17.60,0.02,28.80
4.00,1470.00,6.48,47.02,18.00,0.02,29.11
4.00,1478.00,12.96,104.96,22.00,0.03,33.09
4.00,1469.00,12.03,92.66,20.67,0.02,31.86
4.00,1487.00,15.74,105.89,21.00,0.03,32.13
4.00,1484.00,12.96,91.02,20.22,0.02,31.50
4.00,1515.00,1.85,12.96,16.00,0.01,27.35
4.00,1501.00,1.85,9.26,8.00,0.01,19.25
4.00,1485.00,1.85,11.11,12.00,0.01,23.35
4.00,1510.00,1.85,12.03,16.00,0.01,27.20
4.00,1512.00,1.85,12.96,16.00,0.01,27.35
4.00,1500.00,2.78,19.44,16.00,0.01,27.30
4.00,1520.00,6.48,38.41,18.00,0.01,29.35
4.00,1506.00,3.39,26.53,14.00,0.01,25.26
4.00,1502.00,2.78,18.97,17.00,0.01,28.30
4.00,1497.00,2.78,19.90,18.00,0.01,29.25
4.00,1518.00,3.70,23.76,12.67,0.01,23.84
4.00,1504.00,2.78,25.61,16.00,0.01,27.31
4.00,1493.00,3.70,20.83,14.00,0.02,25.09
4.00,1495.00,2.78,19.90,16.00,0.01,27.33
4.00,1511.00,9.26,60.01,20.00,0.02,31.24
4.00,1516.00,8.18,57.23,17.67,0.02,28.82
4.00,1498.00,7.40,63.25,20.33,0.02,31.45
4.00,1489.00,3.70,27.46,17.33,0.01,28.53
4.00,1499.00,6.48,49.06,19.20,0.01,30.48
4.00,1509.00,8.33,70.74,20.00,0.02,31.26
4.00,1481.00,12.75,90.40,20.22,0.02,31.35
4.00,1494.00,12.03,85.85,21.00,0.02,32.27
4.00,1503.00,12.03,100.27,21.56,0.03,32.64
4.00,1507.00,13.88,112.17,20.73,0.02,31.88
4.00,1496.00,11.11,83.30,20.75,0.02,32.01
4.00,1505.00,11.11,82.48,18.44,0.02,29.69
4.00,1521.00,1.85,11.11,12.00,0.01,23.35
4.00,1519.00,1.85,12.96,16.00,0.01,27.35
4.00,1523.00,3.70,21.75,18.00,0.01,29.28
4.00,1522.00,2.78,22.21,17.00,0.01,28.28
4.00,1514.00,2.78,20.83,18.00,0.01,29.30
4.00,1526.00,3.70,29.00,16.67,0.01,27.93
4.00,1508.00,1.85,12.03,14.00,0.01,25.35
4.00,1524.00,8.33,64.00,18.86,0.02,30.09
4.00,1513.00,10.18,78.01,21.43,0.03,32.48
4.00,1525.00,5.18,42.39,16.00,0.02,27.09
4.00,1517.00,16.66,108.11,22.60,0.02,34.00
4.00,1530.00,18.51,149.52,23.23,0.03,34.34
4.00,1528.00,16.66,126.96,22.00,0.02,33.31
4.00,1535.00,1.85,12.03,14.00,0.01,25.35
4.00,1532.00,2.78,18.97,16.00,0.01,27.30
4.00,1538.00,1.85,18.97,16.00,0.01,27.27
4.00,1534.00,1.85,18.05,16.00,0.01,27.27
4.00,1539.00,3.70,35.64,18.00,0.01,29.30
4.00,1529.00,7.40,53.53,18.00,0.02,29.18
4.00,1537.00,8.33,68.76,18.86,0.02,29.96
4.00,1533.00,6.48,52.30,17.67,0.02,28.86
4.00,1531.00,8.18,60.63,20.00,0.02,31.19
4.00,1536.00,9.49,70.58,18.50,0.02,29.70
4.00,1527.00,15.43,123.34,20.83,0.03,31.86
4.00,1544.00,3.70,23.60,18.00,0.01,29.25
4.00,1543.00,2.78,24.07,18.00,0.02,29.11
4.00,1545.00,9.26,70.48,20.00,0.02,31.26
4.00,1540.00,10.90,91.33,20.44,0.02,31.66
4.00,1542.00,10.18,87.52,19.56,0.02,30.75
4.00,1541.00,26.95,196.06,23.76,0.05,34.70
4.00,1547.00,1.85,18.51,17.00,0.01,28.27
4.00,1546.00,8.33,58.93,19.67,0.02,30.93
4.00,1550.00,1.85,12.96,16.00,0.01,27.35
4.00,1549.00,2.78,25.61,16.00,0.01,27.31
4.00,1551.00,2.78,22.68,18.00,0.01,29.25
4.00,1548.00,11.11,97.29,21.33,0.03,32.38
4.00,1552.00,6.48,45.17,18.00,0.01,29.41
4.00,1567.00,5.55,27.77,18.00,0.01,29.42
4.00,1571.00,1.85,21.29,17.00,0.01,28.22
4.00,1563.00,6.48,39.80,18.00,0.01,29.33
4.00,1560.00,7.40,53.53,18.00,0.02,29.18
4.00,1557.00,2.78,20.83,18.00,0.01,29.28
4.00,1568.00,8.33,50.54,19.60,0.01,31.00
4.00,1564.00,1.85,18.05,16.00,0.01,27.27
4.00,1570.00,7.40,62.94,20.33,0.02,31.46
4.00,1556.00,6.48,60.32,20.33,0.01,31.60
4.00,1555.00,11.11,78.91,20.00,0.02,31.24
4.00,1558.00,11.11,85.85,21.25,0.02,32.46
4.00,1569.00,9.26,78.79,20.25,0.02,31.50
4.00,1553.00,6.29,49.98,18.80,0.02,29.94
4.00,1562.00,7.40,49.98,19.20,0.01,30.61
4.00,1559.00,9.26,69.77,17.00,0.02,28.21
4.00,1561.00,9.26,58.93,20.00,0.01,31.36
4.00,1554.00,13.88,118.81,22.18,0.03,33.29
4.00,1582.00,1.85,12.96,16.00,0.01,27.35
4.00,1572.00,3.70,22.21,17.00,0.01,28.25
4.00,1590.00,3.70,29.00,17.33,0.02,28.43
4.00,1583.00,1.85,18.97,16.00,0.01,27.27
4.00,1573.00,3.70,30.24,18.67,0.01,29.97
4.00,1576.00,4.40,38.64,18.00,0.02,29.09
4.00,1588.00,2.78,21.75,18.00,0.01,29.30
4.00,1581.00,2.78,20.36,16.00,0.01,27.30
4.00,1589.00,4.63,39.11,19.00,0.01,30.19
4.00,1566.00,4.63,31.47,17.33,0.02,28.42
4.00,1577.00,3.39,26.53,14.00,0.01,25.26
4.00,1574.00,10.18,86.70,20.00,0.02,31.19
4.00,1575.00,14.81,95.95,21.78,0.02,33.07
4.00,1579.00,13.88,102.46,21.80,0.02,33.15
4.00,1587.00,6.48,51.65,19.60,0.02,30.75
4.00,1584.00,11.11,84.11,20.75,0.02,31.89
4.00,1580.00,7.40,58.47,20.00,0.02,31.21
4.00,1578.00,17.59,129.87,20.31,0.03,31.37
4.00,1586.00,10.18,76.43,20.00,0.03,31.04
4.00,1606.00,2.78,18.97,13.00,0.01,24.22
4.00,1599.00,1.85,21.29,17.00,0.01,28.22
4.00,1603.00,1.85,19.90,17.00,0.01,28.35
4.00,1601.00,2.78,20.36,17.00,0.01,28.33
4.00,1607.00,2.78,16.66,24.00,0.01,35.38
4.00,1591.00,8.18,60.78,19.67,0.02,30.88
4.00,1597.00,6.48,47.58,18.40,0.02,29.45
4.00,1595.00,7.40,64.79,21.00,0.02,32.13
4.00,1593.00,8.33,65.72,20.67,0.02,31.79
4.00,1592.00,4.63,29.62,17.33,0.01,28.66
4.00,1600.00,5.09,37.26,16.00,0.02,27.16
4.00,1596.00,11.11,82.84,20.50,0.02,31.85
4.00,1585.00,8.33,58.16,19.33,0.01,30.63
4.00,1608.00,7.40,62.17,21.00,0.02,32.23
4.00,1602.00,14.81,95.95,21.78,0.02,33.07
4.00,1594.00,9.26,86.49,19.56,0.02,30.62
4.00,1598.00,12.03,100.27,21.56,0.03,32.64
4.00,1604.00,15.74,99.87,21.20,0.02,32.55
4.00,1565.00,20.36,144.96,22.92,0.02,34.36
4.00,1612.00,1.85,18.51,16.00,0.01,27.35
4.00,1619.00,2.78,20.36,16.00,0.01,27.22
4.00,1616.00,1.85,12.96,16.00,0.01,27.35
4.00,1615.00,2.78,22.68,19.00,0.01,30.38
4.00,1613.00,1.85,18.51,17.00,0.01,28.27
4.00,1605.00,1.85,12.96,16.00,0.01,27.35
4.00,1610.00,6.48,52.39,19.20,0.02,30.29
4.00,1621.00,1.85,19.44,16.00,0.01,27.35
4.00,1617.00,7.25,61.71,20.33,0.02,31.45
4.00,1620.00,6.48,50.35,19.60,0.01,30.96
4.00,1611.00,9.26,79.49,20.25,0.02,31.50
4.00,1618.00,16.66,119.82,22.36,0.03,33.51
4.00,1609.00,17.59,127.35,21.17,0.04,32.15
4.00,1614.00,9.26,69.16,19.14,0.02,30.43
4.00,1641.00,1.85,12.96,16.00,0.01,27.25
4.00,1636.00,3.39,26.84,15.33,0.01,26.54
4.00,1628.00,3.70,23.60,18.00,0.01,29.25
4.00,1631.00,3.70,26.23,17.33,0.01,28.69
4.00,1633.00,2.78,28.38,18.00,0.01,29.31
4.00,1625.00,4.63,29.93,18.67,0.01,30.00
4.00,1640.00,4.63,33.01,21.33,0.01,32.66
4.00,1632.00,1.85,19.90,17.00,0.01,28.35
4.00,1639.00,7.40,51.68,17.00,0.01,28.32
4.00,1637.00,9.26,66.25,19.14,0.02,30.32
4.00,1635.00,8.18,62.79,20.33,0.02,31.40
4.00,1627.00,7.40,58.16,19.33,0.02,30.50
4.00,1624.00,7.40,53.68,18.00,0.02,29.14
4.00,1626.00,11.11,78.91,20.00,0.02,31.24
4.00,1638.00,11.11,78.79,20.50,0.02,31.84
4.00,1622.00,15.74,105.89,21.00,0.03,32.13
4.00,1629.00,14.81,107.18,22.40,0.02,33.67
4.00,1634.00,15.74,125.46,22.55,0.03,33.53
4.00,1623.00,14.81,116.04,21.82,0.03,32.92
4.00,1630.00,21.29,146.10,23.38,0.03,34.64
4.00,1648.00,2.78,25.45,18.00,0.01,29.22
4.00,1643.00,1.85,12.96,16.00,0.01,27.25
4.00,1647.00,2.78,17.59,15.00,0.01,26.22
4.00,1646.00,2.78,12.96,16.00,0.01,27.38
4.00,1645.00,3.70,31.47,18.67,0.01,29.83
4.00,1642.00,4.63,41.19,18.50,0.01,29.70
4.00,1644.00,10.18,77.87,19.50,0.02,30.74
4.00,1655.00,1.85,12.96,16.00,0.01,27.35
4.00,1650.00,1.85,11.11,12.00,0.01,23.35
4.00,1659.00,1.85,12.96,16.00,0.01,27.35
4.00,1656.00,3.70,28.69,18.00,0.01,29.29
4.00,1651.00,5.55,41.19,19.00,0.01,30.19
4.00,1658.00,12.03,92.66,20.67,0.02,31.86
4.00,1654.00,13.88,101.54,21.00,0.02,32.24
4.00,1649.00,17.59,130.28,22.00,0.02,33.29
4.00,1653.00,21.29,148.76,22.43,0.03,33.67
4.00,1664.00,3.70,19.44,18.00,0.01,29.25
4.00,1660.00,1.85,18.97,17.00,0.01,28.30
4.00,1657.00,4.63,34.25,17.50,0.01,28.85
4.00,1668.00,5.55,37.95,18.50,0.01,29.85
4.00,1665.00,9.26,62.28,17.43,0.02,28.63
4.00,1662.00,7.40,47.02,18.00,0.02,29.18
4.00,1652.00,9.26,74.28,18.50,0.02,29.66
4.00,1663.00,9.95,78.68,18.75,0.02,29.83
4.00,1670.00,5.55,42.35,18.50,0.01,29.71
4.00,1661.00,7.40,58.47,20.00,0.02,31.21
4.00,1667.00,9.26,76.94,19.50,0.02,30.70
4.00,1669.00,24.99,192.36,24.24,0.04,35.39
4.00,1671.00,2.78,22.68,16.00,0.01,27.22
4.00,1676.00,2.78,22.68,16.00,0.01,27.22
4.00,1684.00,2.78,20.83,18.00,0.01,29.33
4.00,1675.00,1.85,12.03,16.00,0.01,27.20
4.00,1666.00,2.78,20.83,19.00,0.01,30.30
4.00,1682.00,6.48,50.91,18.80,0.01,30.13
4.00,1687.00,8.33,57.02,21.60,0.01,32.96
4.00,1680.00,1.85,18.51,17.00,0.01,28.27
4.00,1673.00,5.55,43.13,17.20,0.01,28.51
4.00,1674.00,9.26,69.02,19.43,0.02,30.63
4.00,1679.00,6.48,50.17,19.20,0.01,30.44
4.00,1678.00,11.11,85.85,21.25,0.02,32.46
4.00,1685.00,7.40,51.46,19.60,0.01,30.92
4.00,1686.00,14.81,107.62,20.55,0.03,31.59
4.00,1681.00,9.26,58.93,20.00,0.01,31.36
4.00,1677.00,13.88,91.33,21.11,0.02,32.45
4.00,1672.00,18.51,138.70,22.46,0.03,33.63
4.00,1700.00,1.85,9.26,10.00,0.01,21.20
4.00,1692.00,1.85,11.11,12.00,0.01,23.35
4.00,1693.00,1.85,12.96,16.00,0.01,27.35
4.00,1699.00,3.70,24.53,19.00,0.02,30.12
4.00,1694.00,5.55,41.65,19.00,0.02,30.09
4.00,1695.00,2.78,28.38,18.00,0.01,29.31
4.00,1689.00,1.85,12.03,16.00,0.01,27.20
4.00,1688.00,2.78,20.83,18.00,0.01,29.28
4.00,1690.00,2.78,22.68,16.00,0.01,27.22
4.00,1704.00,1.85,17.12,14.00,0.01,25.22
4.00,1702.00,5.55,40.03,18.50,0.01,29.75
4.00,1696.00,5.55,43.50,18.00,0.02,29.16
4.00,1703.00,1.85,18.97,17.00,0.01,28.35
4.00,1705.00,8.33,56.28,20.00,0.02,31.15
4.00,1683.00,3.70,28.08,17.33,0.01,28.62
4.00,1697.00,5.32,40.73,17.50,0.02,28.65
4.00,1691.00,7.40,58.78,19.33,0.02,30.53
4.00,1698.00,10.18,65.85,19.14,0.02,30.37
4.00,1701.00,12.03,88.24,20.00,0.02,31.23
4.00,1706.00,11.11,78.57,17.33,0.03,28.36
4.00,1707.00,1.85,12.96,16.00,0.01,27.25
4.00,1713.00,3.70,24.07,17.00,0.02,28.09
4.00,1721.00,5.55,39.34,19.00,0.01,30.37
4.00,1719.00,5.55,40.03,18.50,0.01,29.75
4.00,1716.00,5.55,49.80,18.80,0.01,30.03
4.00,1710.00,6.48,49.24,18.80,0.01,30.05
4.00,1711.00,9.26,58.93,20.00,0.01,31.36
4.00,1717.00,12.03,70.08,19.14,0.02,30.44
4.00,1708.00,8.33,69.29,18.57,0.02,29.66
4.00,1723.00,4.63,29.62,17.33,0.01,28.65
4.00,1714.00,12.96,117.09,23.00,0.03,34.07
4.00,1722.00,9.26,67.70,20.00,0.02,31.25
4.00,1715.00,6.48,50.35,19.60,0.01,30.96
4.00,1709.00,7.40,58.78,19.33,0.02,30.53
4.00,1720.00,20.36,152.92,22.14,0.03,33.21
4.00,1712.00,12.03,97.19,21.11,0.02,32.33
4.00,1718.00,10.18,76.25,20.00,0.02,31.31
4.00,1733.00,1.85,12.03,16.00,0.01,27.20
4.00,1728.00,1.85,12.96,16.00,0.01,27.35
4.00,1726.00,3.70,25.45,17.00,0.01,28.25
4.00,1729.00,5.55,40.03,18.50,0.01,29.75
4.00,1724.00,6.48,45.72,17.60,0.02,28.80
4.00,1731.00,4.63,27.46,16.00,0.01,27.33
4.00,1725.00,16.66,108.11,22.60,0.02,34.00
4.00,1727.00,14.81,106.17,22.20,0.02,33.48
4.00,1740.00,1.85,19.44,18.00,0.01,29.30
4.00,1739.00,7.40,47.02,18.00,0.02,29.18
4.00,1736.00,4.63,34.25,17.50,0.01,28.85
4.00,1732.00,5.55,37.49,18.50,0.01,29.88
4.00,1737.00,1.85,19.44,18.00,0.01,29.35
4.00,1743.00,8.33,67.41,20.67,0.02,31.86
4.00,1734.00,5.55,36.79,18.50,0.01,29.88
4.00,1741.00,17.59,110.73,21.27,0.02,32.71
4.00,1735.00,15.74,91.94,20.44,0.02,31.67
4.00,1738.00,9.26,80.06,20.50,0.02,31.70
4.00,1742.00,11.11,80.64,19.75,0.03,30.81
4.00,1730.00,24.99,196.01,23.18,0.04,34.22
4.00,1745.00,1.85,12.96,16.00,0.01,27.35
4.00,1747.00,7.40,59.24,20.00,0.02,31.17
4.00,1744.00,9.26,69.77,17.00,0.02,28.21
4.00,1746.00,12.96,106.35,20.80,0.02,31.92
4.00,1748.00,13.79,110.79,23.00,0.02,34.29
4.00,1749.00,16.66,122.56,21.67,0.03,32.88
4.00,1760.00,1.85,12.03,16.00,0.01,27.20
4.00,1759.00,3.39,26.84,16.67,0.01,27.98
4.00,1754.00,5.55,41.65,18.50,0.02,29.66
4.00,1755.00,1.85,11.11,12.00,0.01,23.35
4.00,1753.00,3.70,28.69,18.00,0.01,29.29
4.00,1758.00,9.26,62.28,17.43,0.02,28.63
4.00,1752.00,10.18,83.30,18.67,0.02,29.79
4.00,1757.00,12.03,81.45,21.50,0.01,32.97
4.00,1751.00,5.32,36.56,17.50,0.01,28.85
4.00,1750.00,15.74,102.83,21.60,0.02,32.94
4.00,1756.00,14.81,118.86,21.33,0.02,32.53
4.00,1767.00,2.78,19.90,18.00,0.01,29.30
4.00,1770.00,3.70,35.48,21.33,0.01,32.63
4.00,1766.00,2.78,21.75,18.00,0.01,29.38
4.00,1769.00,5.55,29.62,15.33,0.01,26.60
4.00,1771.00,6.48,49.06,19.20,0.02,30.41
4.00,1763.00,8.33,54.76,18.67,0.01,30.01
4.00,1764.00,9.26,72.54,19.00,0.02,30.25
4.00,1765.00,13.88,97.70,21.56,0.02,32.81
4.00,1762.00,6.29,52.39,19.60,0.01,30.93
4.00,1761.00,13.88,102.09,21.80,0.02,33.23
4.00,1773.00,2.78,25.45,18.00,0.01,29.22
4.00,1780.00,2.78,23.14,16.00,0.01,27.22
4.00,1774.00,1.85,11.11,14.00,0.01,25.20
4.00,1784.00,3.70,30.54,18.00,0.01,29.30
4.00,1782.00,6.48,40.49,19.00,0.01,30.26
4.00,1776.00,6.48,47.76,20.00,0.01,31.25
4.00,1783.00,11.11,77.87,19.50,0.02,30.69
4.00,1778.00,4.63,41.19,18.50,0.01,29.70
4.00,1768.00,12.96,102.19,21.80,0.02,33.01
4.00,1775.00,18.51,119.25,20.83,0.03,32.00
4.00,1779.00,12.03,88.24,20.00,0.02,31.23
4.00,1789.00,1.85,11.11,12.00,0.01,23.35
4.00,1790.00,2.78,20.36,18.00,0.01,29.30
4.00,1786.00,8.33,64.00,18.86,0.02,30.13
4.00,1785.00,11.11,83.19,21.00,0.02,32.17
4.00,1787.00,3.70,36.10,17.50,0.01,28.72
4.00,1781.00,7.40,63.73,18.57,0.02,29.66
4.00,1788.00,8.33,69.42,19.71,0.02,30.87
4.00,1772.00,16.66,126.19,21.17,0.03,32.22
4.00,1777.00,18.51,116.25,23.80,0.02,35.25
4.00,1793.00,1.85,12.96,16.00,0.01,27.35
4.00,1799.00,2.78,24.53,20.00,0.01,31.22
4.00,1800.00,4.63,28.69,15.33,0.02,26.39
4.00,1795.00,7.25,56.92,17.67,0.01,28.91
4.00,1794.00,9.26,74.86,19.75,0.01,31.16
4.00,1802.00,11.11,76.48,19.75,0.02,30.85
4.00,1791.00,10.07,83.19,21.25,0.02,32.49
4.00,1803.00,4.63,39.11,19.00,0.01,30.19
4.00,1797.00,12.03,104.87,21.80,0.02,32.98
4.00,1798.00,9.26,56.46,19.60,0.02,30.78
4.00,1792.00,13.88,88.96,20.67,0.02,32.07
4.00,1796.00,14.81,103.94,21.40,0.02,32.64
4.00,1812.00,1.85,11.11,14.00,0.01,25.20
4.00,1813.00,2.78,21.29,17.00,0.01,28.38
4.00,1806.00,1.85,12.96,16.00,0.01,27.35
4.00,1805.00,1.85,12.96,16.00,0.01,27.35
4.00,1807.00,4.63,32.40,18.00,0.02,29.14
4.00,1801.00,1.85,17.12,14.00,0.01,25.22
4.00,1814.00,5.32,36.56,17.50,0.01,28.85
4.00,1809.00,6.48,54.24,19.20,0.02,30.35
4.00,1818.00,6.48,47.39,18.40,0.01,29.72
4.00,1811.00,3.39,27.46,18.00,0.01,29.34
4.00,1816.00,11.11,77.87,19.50,0.02,30.69
4.00,1804.00,7.40,60.78,20.00,0.02,31.16
4.00,1808.00,19.44,145.39,22.00,0.03,33.03
4.00,1817.00,9.26,79.60,20.25,0.02,31.49
4.00,1821.00,1.85,10.18,12.00,0.01,23.20
4.00,1836.00,2.78,23.60,18.00,0.01,29.22
4.00,1831.00,2.78,27.31,20.00,0.01,31.22
4.00,1835.00,2.78,20.83,18.00,0.01,29.28
4.00,1837.00,5.55,33.32,18.00,0.02,29.08
4.00,1819.00,2.78,18.97,17.00,0.01,28.30
4.00,1839.00,1.85,18.05,14.00,0.01,25.22
4.00,1828.00,4.63,38.88,17.50,0.02,28.59
4.00,1823.00,6.48,56.62,18.00,0.02,29.14
4.00,1833.00,3.70,23.60,16.00,0.02,27.09
4.00,1824.00,10.18,75.90,18.75,0.02,29.96
4.00,1825.00,12.03,77.29,19.25,0.02,30.41
4.00,1827.00,12.03,94.10,20.67,0.02,31.80
4.00,1822.00,9.26,70.48,19.71,0.02,30.91
4.00,1838.00,9.26,69.02,19.43,0.02,30.63
4.00,1815.00,10.18,68.10,19.71,0.02,30.90
4.00,1820.00,11.11,85.85,21.25,0.02,32.46
4.00,1832.00,19.44,121.76,22.00,0.03,33.04
4.00,1810.00,23.14,188.47,23.75,0.04,34.81
4.00,1849.00,1.85,12.96,16.00,0.01,27.35
4.00,1830.00,3.39,27.77,14.00,0.02,25.13
4.00,1855.00,2.78,23.60,18.00,0.01,29.22
4.00,1848.00,4.63,44.89,18.00,0.02,29.14
4.00,1834.00,2.78,21.75,18.00,0.01,29.38
4.00,1843.00,6.48,51.28,19.60,0.02,30.67
4.00,1845.00,6.48,53.31,20.00,0.02,31.20
4.00,1840.00,10.18,69.29,20.00,0.02,31.28
4.00,1841.00,4.63,31.47,17.33,0.02,28.42
4.00,1842.00,7.40,53.53,18.00,0.01,29.38
4.00,1844.00,6.48,58.16,20.00,0.01,31.25
4.00,1847.00,8.33,78.91,19.50,0.03,30.53
4.00,1853.00,8.33,66.38,19.14,0.02,30.25
4.00,1851.00,14.81,105.52,22.00,0.02,33.21
4.00,1850.00,12.96,96.63,20.00,0.02,31.28
4.00,1846.00,9.26,62.01,20.33,0.01,31.74
4.00,1826.00,9.12,68.36,19.14,0.02,30.31
4.00,1852.00,26.41,205.16,24.59,0.04,35.73
4.00,1864.00,1.85,12.03,14.00,0.01,25.35
4.00,1856.00,1.85,11.11,14.00,0.01,25.20
4.00,1861.00,1.85,12.03,14.00,0.01,25.35
4.00,1858.00,4.63,37.26,18.00,0.01,29.29
4.00,1865.00,2.78,20.36,18.00,0.01,29.30
4.00,1859.00,1.85,18.05,16.00,0.01,27.27
4.00,1860.00,9.26,66.25,19.14,0.02,30.32
4.00,1854.00,8.33,68.10,20.00,0.02,31.28
4.00,1863.00,14.72,110.79,22.20,0.02,33.55
4.00,1829.00,23.14,182.34,23.62,0.04,34.65
4.00,1869.00,1.85,12.96,16.00,0.01,27.35
4.00,1868.00,2.78,21.75,18.00,0.01,29.38
4.00,1877.00,1.85,12.96,16.00,0.01,27.35
4.00,1880.00,2.78,20.36,17.00,0.01,28.33
4.00,1872.00,5.55,31.16,19.33,0.01,30.72
4.00,1873.00,4.63,36.79,17.50,0.01,28.88
4.00,1876.00,5.32,37.72,18.50,0.02,29.65
4.00,1862.00,6.48,51.46,18.80,0.02,29.89
4.00,1871.00,6.29,49.98,18.80,0.02,29.94
4.00,1870.00,5.32,37.02,18.50,0.01,29.69
4.00,1874.00,5.32,38.64,17.50,0.01,28.82
4.00,1878.00,10.18,77.52,19.75,0.02,31.02
4.00,1866.00,7.40,45.91,17.20,0.02,28.38
4.00,1875.00,14.30,111.07,19.82,0.03,30.81
4.00,1879.00,15.55,112.37,23.20,0.02,34.41
4.00,1867.00,20.36,156.76,23.29,0.04,34.29
4.00,1857.00,15.74,119.57,22.55,0.03,33.71
4.00,1885.00,1.85,12.96,16.00,0.01,27.35
4.00,1882.00,1.85,19.90,17.00,0.01,28.35
4.00,1881.00,7.40,53.53,18.00,0.02,29.18
4.00,1884.00,6.48,48.69,19.60,0.01,30.90
4.00,1883.00,15.74,108.48,21.80,0.03,32.86
4.00,1890.00,1.85,12.03,14.00,0.01,25.35
4.00,1888.00,2.78,12.96,16.00,0.01,27.38
4.00,1893.00,1.85,12.03,14.00,0.01,25.35
4.00,1900.00,1.85,18.97,17.00,0.01,28.35
4.00,1896.00,2.78,18.97,17.00,0.01,28.30
4.00,1897.00,2.78,23.14,17.00,0.01,28.28
4.00,1887.00,6.29,50.17,20.00,0.01,31.35
4.00,1891.00,4.63,41.42,20.00,0.01,31.29
4.00,1892.00,8.33,67.41,20.33,0.02,31.38
4.00,1889.00,3.70,27.77,18.00,0.01,29.29
4.00,1886.00,5.55,43.13,17.20,0.01,28.51
4.00,1895.00,7.40,53.53,18.00,0.01,29.38
4.00,1898.00,3.70,27.77,18.00,0.01,29.29
4.00,1905.00,4.63,34.56,22.00,0.01,33.37
4.00,1902.00,3.70,29.00,17.33,0.01,28.65
4.00,1907.00,2.78,18.51,17.00,0.01,28.22
4.00,1901.00,11.11,63.40,19.67,0.02,30.84
4.00,1904.00,12.96,97.93,20.20,0.02,31.54
4.00,1894.00,6.48,53.13,20.00,0.02,31.10
4.00,1899.00,16.16,120.24,22.18,0.02,33.44
4.00,1908.00,15.74,121.02,20.67,0.03,31.75
4.00,1910.00,10.18,70.61,20.00,0.02,31.26
4.00,1906.00,16.58,141.23,23.33,0.03,34.36
4.00,1903.00,11.11,83.20,20.00,0.02,31.29
4.00,1920.00,1.85,12.03,14.00,0.01,25.35
4.00,1915.00,3.70,24.37,16.00,0.01,27.36
4.00,1914.00,3.39,33.32,18.67,0.01,29.89
4.00,1927.00,4.63,41.19,18.50,0.01,29.70
4.00,1930.00,6.48,45.72,17.60,0.02,28.80
4.00,1921.00,3.70,24.53,18.00,0.01,29.31
4.00,1919.00,7.40,56.92,19.00,0.01,30.29
4.00,1913.00,11.11,83.42,20.00,0.02,31.07
4.00,1929.00,11.11,89.89,20.44,0.02,31.64
4.00,1916.00,12.96,102.00,21.60,0.02,32.92
4.00,1926.00,7.25,55.54,18.33,0.01,29.64
4.00,1911.00,14.81,112.64,22.40,0.03,33.43
4.00,1912.00,15.74,116.62,22.00,0.02,33.30
4.00,1928.00,8.33,62.48,18.00,0.02,29.05
4.00,1909.00,10.18,81.34,20.50,0.02,31.65
4.00,1924.00,24.07,184.57,22.71,0.03,33.88
4.00,1918.00,13.88,90.09,20.67,0.02,32.04
4.00,1917.00,17.59,108.94,21.60,0.03,32.69
4.00,1922.00,1.85,9.26,10.00,0.01,21.20
4.00,1939.00,2.78,20.83,17.00,0.02,28.11
4.00,1940.00,2.78,24.07,17.00,0.01,28.28
4.00,1933.00,2.78,18.97,17.00,0.01,28.30
4.00,1935.00,2.78,20.36,14.00,0.01,25.22
4.00,1932.00,7.40,50.17,20.00,0.01,31.26
4.00,1925.00,7.40,49.98,19.20,0.01,30.61
4.00,1934.00,8.18,63.09,20.33,0.02,31.45
4.00,1931.00,11.00,94.31,21.11,0.02,32.25
4.00,1923.00,16.11,109.87,21.60,0.03,32.61
4.00,1936.00,23.14,183.44,23.75,0.04,34.78
4.00,1938.00,1.85,12.03,14.00,0.01,25.35
4.00,1944.00,1.85,18.51,16.00,0.01,27.30
4.00,1951.00,2.78,21.29,17.00,0.01,28.38
4.00,1942.00,2.78,25.45,17.00,0.01,28.22
4.00,1941.00,2.78,19.44,18.00,0.01,29.30
4.00,1945.00,9.26,58.68,19.60,0.02,30.71
4.00,1947.00,14.81,105.52,22.00,0.02,33.21
4.00,1937.00,7.40,64.02,20.33,0.02,31.40
4.00,1943.00,23.14,152.99,22.43,0.03,33.59
4.00,1957.00,1.85,15.74,22.00,0.01,33.35
4.00,1958.00,1.85,12.96,16.00,0.01,27.35
4.00,1946.00,6.29,49.98,18.80,0.02,29.94
4.00,1948.00,7.10,57.08,19.00,0.02,30.13
4.00,1953.00,12.96,89.17,21.56,0.02,32.89
4.00,1956.00,5.55,41.42,17.00,0.02,28.07
4.00,1960.00,1.85,16.66,13.00,0.01,24.27
4.00,1954.00,6.48,50.17,20.00,0.01,31.32
4.00,1949.00,16.66,137.70,22.00,0.03,33.10
4.00,1955.00,6.48,49.06,20.00,0.01,31.33
4.00,1952.00,13.88,111.41,20.91,0.02,32.12
4.00,1950.00,12.03,92.66,20.67,0.02,31.86
4.00,1968.00,1.85,12.03,16.00,0.01,27.20
4.00,1962.00,3.70,24.53,21.00,0.01,32.41
4.00,1959.00,3.70,30.54,18.00,0.01,29.27
4.00,1970.00,1.85,18.51,16.00,0.01,27.30
4.00,1969.00,4.63,38.88,18.50,0.01,29.85
4.00,1964.00,11.11,63.40,19.67,0.02,30.84
4.00,1966.00,10.07,78.33,19.50,0.02,30.64
4.00,1961.00,14.81,104.04,22.00,0.02,33.38
4.00,1963.00,9.26,70.11,18.75,0.02,29.96
4.00,1982.00,1.85,12.03,16.00,0.01,27.20
4.00,1972.00,1.85,12.96,16.00,0.01,27.35
4.00,1971.00,1.85,12.03,14.00,0.01,25.35
4.00,1980.00,1.85,18.05,16.00,0.01,27.27
4.00,1976.00,3.70,28.08,18.00,0.01,29.16
4.00,1977.00,1.85,12.96,16.00,0.01,27.35
4.00,1985.00,1.85,18.97,18.00,0.01,29.27
4.00,1991.00,1.85,12.96,16.00,0.01,27.35
4.00,1983.00,2.78,20.83,18.00,0.01,29.30
4.00,1978.00,3.70,26.38,22.00,0.01,33.31
4.00,1979.00,5.55,38.41,16.50,0.01,27.71
4.00,1981.00,8.33,50.17,18.40,0.01,29.70
4.00,1984.00,7.40,60.78,17.67,0.02,28.73
4.00,1973.00,12.96,82.61,20.50,0.02,31.83
4.00,1988.00,12.03,90.19,20.67,0.02,31.90
4.00,1975.00,11.11,78.10,20.50,0.02,31.80
4.00,1974.00,11.11,83.30,20.75,0.02,32.09
4.00,1967.00,14.81,104.96,22.20,0.02,33.58
4.00,1986.00,17.59,142.94,21.14,0.02,32.43
4.00,1965.00,27.77,238.48,24.10,0.06,35.23
4.00,1997.00,1.85,12.03,16.00,0.01,27.20
4.00,1993.00,1.85,12.96,16.00,0.01,27.25
4.00,1998.00,3.70,27.46,17.33,0.01,28.53
4.00,1994.00,4.63,32.09,19.33,0.01,30.63
4.00,1990.00,5.55,36.79,18.50,0.01,29.88
4.00,1999.00,8.33,58.16,19.33,0.01,30.63
4.00,1989.00,7.40,58.47,19.33,0.01,30.62
4.00,1992.00,10.18,76.25,19.00,0.03,30.02
4.00,1995.00,9.26,79.37,20.25,0.02,31.44
4.00,1987.00,12.03,91.12,20.89,0.02,32.19
4.00,1996.00,14.81,116.04,21.82,0.03,32.92
