method, generation, latency, ar
surrogate, 1, 36.0, 0.4666666666666667
surrogate, 1, 32.0, 0.3
surrogate, 1, 30.0, 0.1
surrogate, 1, 27.0, 0.03333333333333333
surrogate, 1, 26.0, 0.016666666666666666
surrogate, 2, 36.0, 0.4666666666666667
surrogate, 2, 36.0, 0.4666666666666667
surrogate, 2, 32.0, 0.3
surrogate, 2, 32.0, 0.3
surrogate, 2, 30.0, 0.1
surrogate, 2, 30.0, 0.1
surrogate, 2, 27.0, 0.03333333333333333
surrogate, 2, 27.0, 0.03333333333333333
surrogate, 2, 26.0, 0.016666666666666666
surrogate, 2, 26.0, 0.016666666666666666
surrogate, 3, 36.0, 0.4666666666666667
surrogate, 3, 36.0, 0.4666666666666667
surrogate, 3, 36.0, 0.4666666666666667
surrogate, 3, 32.0, 0.36666666666666664
surrogate, 3, 30.0, 0.1
surrogate, 3, 30.0, 0.1
surrogate, 3, 30.0, 0.1
surrogate, 3, 28.0, 0.05
surrogate, 3, 27.0, 0.03333333333333333
surrogate, 3, 27.0, 0.03333333333333333
surrogate, 3, 27.0, 0.03333333333333333
surrogate, 3, 27.0, 0.03333333333333333
surrogate, 3, 26.0, 0.016666666666666666
surrogate, 3, 26.0, 0.016666666666666666
surrogate, 3, 26.0, 0.016666666666666666
surrogate, 3, 26.0, 0.016666666666666666
surrogate, 4, 100.0, 0.7166666666666667
surrogate, 4, 36.0, 0.4666666666666667
surrogate, 4, 36.0, 0.4666666666666667
surrogate, 4, 36.0, 0.4666666666666667
surrogate, 4, 36.0, 0.4666666666666667
surrogate, 4, 32.0, 0.36666666666666664
surrogate, 4, 32.0, 0.36666666666666664
surrogate, 4, 30.0, 0.1
surrogate, 4, 30.0, 0.1
surrogate, 4, 30.0, 0.1
surrogate, 4, 30.0, 0.1
surrogate, 4, 28.0, 0.05
surrogate, 4, 28.0, 0.05
surrogate, 4, 27.0, 0.03333333333333333
surrogate, 4, 27.0, 0.03333333333333333
surrogate, 4, 27.0, 0.03333333333333333
surrogate, 4, 27.0, 0.03333333333333333
surrogate, 4, 27.0, 0.03333333333333333
surrogate, 4, 26.0, 0.016666666666666666
surrogate, 4, 26.0, 0.016666666666666666
surrogate, 4, 26.0, 0.016666666666666666
surrogate, 4, 26.0, 0.016666666666666666
surrogate, 4, 26.0, 0.016666666666666666
surrogate, 4, 26.0, 0.016666666666666666
surrogate, 4, 26.0, 0.016666666666666666
surrogate, 4, 26.0, 0.016666666666666666
surrogate, 5, 100.0, 0.7166666666666667
surrogate, 5, 34.0, 0.4666666666666667
surrogate, 5, 32.0, 0.36666666666666664
surrogate, 5, 32.0, 0.36666666666666664
surrogate, 5, 30.0, 0.1
surrogate, 5, 30.0, 0.1
surrogate, 5, 30.0, 0.1
surrogate, 5, 30.0, 0.1
surrogate, 5, 30.0, 0.1
surrogate, 5, 28.0, 0.05
surrogate, 5, 28.0, 0.05
surrogate, 5, 28.0, 0.05
surrogate, 5, 27.0, 0.03333333333333333
surrogate, 5, 27.0, 0.03333333333333333
surrogate, 5, 27.0, 0.03333333333333333
surrogate, 5, 27.0, 0.03333333333333333
surrogate, 5, 27.0, 0.03333333333333333
surrogate, 5, 27.0, 0.03333333333333333
surrogate, 5, 26.0, 0.016666666666666666
surrogate, 5, 26.0, 0.016666666666666666
surrogate, 5, 26.0, 0.016666666666666666
surrogate, 5, 26.0, 0.016666666666666666
surrogate, 5, 26.0, 0.016666666666666666
surrogate, 5, 26.0, 0.016666666666666666
surrogate, 5, 26.0, 0.016666666666666666
surrogate, 5, 26.0, 0.016666666666666666
surrogate, 5, 26.0, 0.016666666666666666
surrogate, 5, 26.0, 0.016666666666666666
surrogate, 6, 190.0, 0.75
surrogate, 6, 100.0, 0.7166666666666667
surrogate, 6, 34.0, 0.4666666666666667
surrogate, 6, 34.0, 0.4666666666666667
surrogate, 6, 32.0, 0.36666666666666664
surrogate, 6, 32.0, 0.36666666666666664
surrogate, 6, 32.0, 0.36666666666666664
surrogate, 6, 30.0, 0.1
surrogate, 6, 30.0, 0.1
surrogate, 6, 30.0, 0.1
surrogate, 6, 30.0, 0.1
surrogate, 6, 30.0, 0.1
surrogate, 6, 30.0, 0.1
surrogate, 6, 28.0, 0.05
surrogate, 6, 28.0, 0.05
surrogate, 6, 28.0, 0.05
surrogate, 6, 27.0, 0.03333333333333333
surrogate, 6, 27.0, 0.03333333333333333
surrogate, 6, 27.0, 0.03333333333333333
surrogate, 6, 27.0, 0.03333333333333333
surrogate, 6, 27.0, 0.03333333333333333
surrogate, 6, 27.0, 0.03333333333333333
surrogate, 6, 27.0, 0.03333333333333333
surrogate, 6, 26.0, 0.016666666666666666
surrogate, 6, 26.0, 0.016666666666666666
surrogate, 6, 26.0, 0.016666666666666666
surrogate, 6, 26.0, 0.016666666666666666
surrogate, 6, 26.0, 0.016666666666666666
surrogate, 6, 26.0, 0.016666666666666666
surrogate, 6, 26.0, 0.016666666666666666
surrogate, 6, 26.0, 0.016666666666666666
surrogate, 6, 26.0, 0.016666666666666666
surrogate, 6, 26.0, 0.016666666666666666
surrogate, 6, 26.0, 0.016666666666666666
surrogate, 7, 190.0, 0.75
surrogate, 7, 100.0, 0.7166666666666667
surrogate, 7, 34.0, 0.4666666666666667
surrogate, 7, 34.0, 0.4666666666666667
surrogate, 7, 33.0, 0.43333333333333335
surrogate, 7, 32.0, 0.36666666666666664
surrogate, 7, 32.0, 0.36666666666666664
surrogate, 7, 32.0, 0.36666666666666664
surrogate, 7, 30.0, 0.1
surrogate, 7, 30.0, 0.1
surrogate, 7, 30.0, 0.1
surrogate, 7, 30.0, 0.1
surrogate, 7, 30.0, 0.1
surrogate, 7, 30.0, 0.1
surrogate, 7, 29.0, 0.06666666666666667
surrogate, 7, 28.0, 0.05
surrogate, 7, 28.0, 0.05
surrogate, 7, 28.0, 0.05
surrogate, 7, 28.0, 0.05
surrogate, 7, 27.0, 0.03333333333333333
surrogate, 7, 27.0, 0.03333333333333333
surrogate, 7, 27.0, 0.03333333333333333
surrogate, 7, 27.0, 0.03333333333333333
surrogate, 7, 27.0, 0.03333333333333333
surrogate, 7, 27.0, 0.03333333333333333
surrogate, 7, 27.0, 0.03333333333333333
surrogate, 7, 27.0, 0.03333333333333333
surrogate, 7, 26.0, 0.016666666666666666
surrogate, 7, 26.0, 0.016666666666666666
surrogate, 7, 26.0, 0.016666666666666666
surrogate, 7, 26.0, 0.016666666666666666
surrogate, 7, 26.0, 0.016666666666666666
surrogate, 7, 26.0, 0.016666666666666666
surrogate, 7, 26.0, 0.016666666666666666
surrogate, 7, 26.0, 0.016666666666666666
surrogate, 7, 26.0, 0.016666666666666666
surrogate, 7, 26.0, 0.016666666666666666
surrogate, 7, 26.0, 0.016666666666666666
surrogate, 7, 26.0, 0.016666666666666666
surrogate, 8, 138.0, 0.75
surrogate, 8, 100.0, 0.7166666666666667
surrogate, 8, 37.0, 0.5
surrogate, 8, 34.0, 0.4666666666666667
surrogate, 8, 34.0, 0.4666666666666667
surrogate, 8, 34.0, 0.4666666666666667
surrogate, 8, 33.0, 0.43333333333333335
surrogate, 8, 33.0, 0.43333333333333335
surrogate, 8, 32.0, 0.36666666666666664
surrogate, 8, 32.0, 0.36666666666666664
surrogate, 8, 32.0, 0.36666666666666664
surrogate, 8, 32.0, 0.36666666666666664
surrogate, 8, 30.0, 0.1
surrogate, 8, 30.0, 0.1
surrogate, 8, 30.0, 0.1
surrogate, 8, 30.0, 0.1
surrogate, 8, 30.0, 0.1
surrogate, 8, 30.0, 0.1
surrogate, 8, 30.0, 0.1
surrogate, 8, 29.0, 0.06666666666666667
surrogate, 8, 29.0, 0.06666666666666667
surrogate, 8, 28.0, 0.05
surrogate, 8, 28.0, 0.05
surrogate, 8, 28.0, 0.05
surrogate, 8, 28.0, 0.05
surrogate, 8, 28.0, 0.05
surrogate, 8, 27.0, 0.03333333333333333
surrogate, 8, 27.0, 0.03333333333333333
surrogate, 8, 27.0, 0.03333333333333333
surrogate, 8, 27.0, 0.03333333333333333
surrogate, 8, 27.0, 0.03333333333333333
surrogate, 8, 27.0, 0.03333333333333333
surrogate, 8, 27.0, 0.03333333333333333
surrogate, 8, 27.0, 0.03333333333333333
surrogate, 8, 27.0, 0.03333333333333333
surrogate, 8, 26.0, 0.016666666666666666
surrogate, 8, 26.0, 0.016666666666666666
surrogate, 8, 26.0, 0.016666666666666666
surrogate, 8, 26.0, 0.016666666666666666
surrogate, 8, 26.0, 0.016666666666666666
surrogate, 8, 26.0, 0.016666666666666666
surrogate, 8, 26.0, 0.016666666666666666
surrogate, 8, 26.0, 0.016666666666666666
surrogate, 8, 26.0, 0.016666666666666666
surrogate, 8, 26.0, 0.016666666666666666
surrogate, 8, 26.0, 0.016666666666666666
surrogate, 8, 26.0, 0.016666666666666666
surrogate, 8, 26.0, 0.016666666666666666
surrogate, 9, 138.0, 0.75
surrogate, 9, 100.0, 0.7166666666666667
surrogate, 9, 37.0, 0.5
surrogate, 9, 37.0, 0.5
surrogate, 9, 34.0, 0.4666666666666667
surrogate, 9, 34.0, 0.4666666666666667
surrogate, 9, 34.0, 0.4666666666666667
surrogate, 9, 34.0, 0.4666666666666667
surrogate, 9, 33.0, 0.43333333333333335
surrogate, 9, 33.0, 0.43333333333333335
surrogate, 9, 33.0, 0.43333333333333335
surrogate, 9, 32.0, 0.36666666666666664
surrogate, 9, 32.0, 0.36666666666666664
surrogate, 9, 32.0, 0.36666666666666664
surrogate, 9, 32.0, 0.36666666666666664
surrogate, 9, 32.0, 0.36666666666666664
surrogate, 9, 30.0, 0.1
surrogate, 9, 30.0, 0.1
surrogate, 9, 30.0, 0.1
surrogate, 9, 30.0, 0.1
surrogate, 9, 30.0, 0.1
surrogate, 9, 30.0, 0.1
surrogate, 9, 30.0, 0.1
surrogate, 9, 30.0, 0.1
surrogate, 9, 29.0, 0.06666666666666667
surrogate, 9, 29.0, 0.06666666666666667
surrogate, 9, 29.0, 0.06666666666666667
surrogate, 9, 28.0, 0.05
surrogate, 9, 28.0, 0.05
surrogate, 9, 28.0, 0.05
surrogate, 9, 28.0, 0.05
surrogate, 9, 28.0, 0.05
surrogate, 9, 27.0, 0.03333333333333333
surrogate, 9, 27.0, 0.03333333333333333
surrogate, 9, 27.0, 0.03333333333333333
surrogate, 9, 27.0, 0.03333333333333333
surrogate, 9, 27.0, 0.03333333333333333
surrogate, 9, 27.0, 0.03333333333333333
surrogate, 9, 27.0, 0.03333333333333333
surrogate, 9, 27.0, 0.03333333333333333
surrogate, 9, 27.0, 0.03333333333333333
surrogate, 9, 27.0, 0.03333333333333333
surrogate, 9, 26.0, 0.016666666666666666
surrogate, 9, 26.0, 0.016666666666666666
surrogate, 9, 26.0, 0.016666666666666666
surrogate, 9, 26.0, 0.016666666666666666
surrogate, 9, 26.0, 0.016666666666666666
surrogate, 9, 26.0, 0.016666666666666666
surrogate, 9, 26.0, 0.016666666666666666
surrogate, 9, 26.0, 0.016666666666666666
surrogate, 9, 26.0, 0.016666666666666666
surrogate, 9, 26.0, 0.016666666666666666
surrogate, 9, 26.0, 0.016666666666666666
surrogate, 9, 26.0, 0.016666666666666666
surrogate, 9, 26.0, 0.016666666666666666
surrogate, 9, 26.0, 0.016666666666666666
surrogate, 10, 138.0, 0.75
surrogate, 10, 100.0, 0.7166666666666667
surrogate, 10, 35.0, 0.5
surrogate, 10, 33.0, 0.4666666666666667
surrogate, 10, 32.0, 0.36666666666666664
surrogate, 10, 32.0, 0.36666666666666664
surrogate, 10, 32.0, 0.36666666666666664
surrogate, 10, 32.0, 0.36666666666666664
surrogate, 10, 32.0, 0.36666666666666664
surrogate, 10, 32.0, 0.36666666666666664
surrogate, 10, 30.0, 0.1
surrogate, 10, 30.0, 0.1
surrogate, 10, 30.0, 0.1
surrogate, 10, 30.0, 0.1
surrogate, 10, 30.0, 0.1
surrogate, 10, 30.0, 0.1
surrogate, 10, 30.0, 0.1
surrogate, 10, 30.0, 0.1
surrogate, 10, 30.0, 0.1
surrogate, 10, 29.0, 0.06666666666666667
surrogate, 10, 29.0, 0.06666666666666667
surrogate, 10, 29.0, 0.06666666666666667
surrogate, 10, 29.0, 0.06666666666666667
surrogate, 10, 28.0, 0.05
surrogate, 10, 28.0, 0.05
surrogate, 10, 28.0, 0.05
surrogate, 10, 28.0, 0.05
surrogate, 10, 28.0, 0.05
surrogate, 10, 28.0, 0.05
surrogate, 10, 27.0, 0.03333333333333333
surrogate, 10, 27.0, 0.03333333333333333
surrogate, 10, 27.0, 0.03333333333333333
surrogate, 10, 27.0, 0.03333333333333333
surrogate, 10, 27.0, 0.03333333333333333
surrogate, 10, 27.0, 0.03333333333333333
surrogate, 10, 27.0, 0.03333333333333333
surrogate, 10, 27.0, 0.03333333333333333
surrogate, 10, 27.0, 0.03333333333333333
surrogate, 10, 27.0, 0.03333333333333333
surrogate, 10, 27.0, 0.03333333333333333
surrogate, 10, 26.0, 0.016666666666666666
surrogate, 10, 26.0, 0.016666666666666666
surrogate, 10, 26.0, 0.016666666666666666
surrogate, 10, 26.0, 0.016666666666666666
surrogate, 10, 26.0, 0.016666666666666666
surrogate, 10, 26.0, 0.016666666666666666
surrogate, 10, 26.0, 0.016666666666666666
surrogate, 10, 26.0, 0.016666666666666666
surrogate, 10, 26.0, 0.016666666666666666
surrogate, 10, 26.0, 0.016666666666666666
surrogate, 10, 26.0, 0.016666666666666666
surrogate, 10, 26.0, 0.016666666666666666
surrogate, 10, 26.0, 0.016666666666666666
surrogate, 10, 26.0, 0.016666666666666666
surrogate, 10, 26.0, 0.016666666666666666
surrogate, 10, 26.0, 0.016666666666666666
surrogate, 11, 138.0, 0.75
surrogate, 11, 89.0, 0.7166666666666667
surrogate, 11, 35.0, 0.5
surrogate, 11, 35.0, 0.5
surrogate, 11, 33.0, 0.4666666666666667
surrogate, 11, 33.0, 0.4666666666666667
surrogate, 11, 32.0, 0.36666666666666664
surrogate, 11, 32.0, 0.36666666666666664
surrogate, 11, 32.0, 0.36666666666666664
surrogate, 11, 32.0, 0.36666666666666664
surrogate, 11, 32.0, 0.36666666666666664
surrogate, 11, 32.0, 0.36666666666666664
surrogate, 11, 32.0, 0.36666666666666664
surrogate, 11, 30.0, 0.1
surrogate, 11, 30.0, 0.1
surrogate, 11, 30.0, 0.1
surrogate, 11, 30.0, 0.1
surrogate, 11, 30.0, 0.1
surrogate, 11, 30.0, 0.1
surrogate, 11, 30.0, 0.1
surrogate, 11, 30.0, 0.1
surrogate, 11, 30.0, 0.1
surrogate, 11, 30.0, 0.1
surrogate, 11, 29.0, 0.06666666666666667
surrogate, 11, 29.0, 0.06666666666666667
surrogate, 11, 29.0, 0.06666666666666667
surrogate, 11, 29.0, 0.06666666666666667
surrogate, 11, 29.0, 0.06666666666666667
surrogate, 11, 28.0, 0.05
surrogate, 11, 28.0, 0.05
surrogate, 11, 28.0, 0.05
surrogate, 11, 28.0, 0.05
surrogate, 11, 28.0, 0.05
surrogate, 11, 28.0, 0.05
surrogate, 11, 28.0, 0.05
surrogate, 11, 27.0, 0.03333333333333333
surrogate, 11, 27.0, 0.03333333333333333
surrogate, 11, 27.0, 0.03333333333333333
surrogate, 11, 27.0, 0.03333333333333333
surrogate, 11, 27.0, 0.03333333333333333
surrogate, 11, 27.0, 0.03333333333333333
surrogate, 11, 27.0, 0.03333333333333333
surrogate, 11, 27.0, 0.03333333333333333
surrogate, 11, 27.0, 0.03333333333333333
surrogate, 11, 27.0, 0.03333333333333333
surrogate, 11, 27.0, 0.03333333333333333
surrogate, 11, 26.0, 0.016666666666666666
surrogate, 11, 26.0, 0.016666666666666666
surrogate, 11, 26.0, 0.016666666666666666
surrogate, 11, 26.0, 0.016666666666666666
surrogate, 11, 26.0, 0.016666666666666666
surrogate, 11, 26.0, 0.016666666666666666
surrogate, 11, 26.0, 0.016666666666666666
surrogate, 11, 26.0, 0.016666666666666666
surrogate, 11, 26.0, 0.016666666666666666
surrogate, 11, 26.0, 0.016666666666666666
surrogate, 11, 26.0, 0.016666666666666666
surrogate, 11, 26.0, 0.016666666666666666
surrogate, 11, 26.0, 0.016666666666666666
surrogate, 11, 26.0, 0.016666666666666666
surrogate, 11, 26.0, 0.016666666666666666
surrogate, 11, 26.0, 0.016666666666666666
surrogate, 11, 26.0, 0.016666666666666666
surrogate, 12, 138.0, 0.75
surrogate, 12, 64.0, 0.7166666666666667
surrogate, 12, 42.0, 0.65
surrogate, 12, 38.0, 0.55
surrogate, 12, 35.0, 0.5
surrogate, 12, 35.0, 0.5
surrogate, 12, 33.0, 0.4666666666666667
surrogate, 12, 33.0, 0.4666666666666667
surrogate, 12, 32.0, 0.36666666666666664
surrogate, 12, 32.0, 0.36666666666666664
surrogate, 12, 32.0, 0.36666666666666664
surrogate, 12, 32.0, 0.36666666666666664
surrogate, 12, 32.0, 0.36666666666666664
surrogate, 12, 32.0, 0.36666666666666664
surrogate, 12, 32.0, 0.36666666666666664
surrogate, 12, 32.0, 0.36666666666666664
surrogate, 12, 30.0, 0.1
surrogate, 12, 30.0, 0.1
surrogate, 12, 30.0, 0.1
surrogate, 12, 30.0, 0.1
surrogate, 12, 30.0, 0.1
surrogate, 12, 30.0, 0.1
surrogate, 12, 30.0, 0.1
surrogate, 12, 30.0, 0.1
surrogate, 12, 30.0, 0.1
surrogate, 12, 30.0, 0.1
surrogate, 12, 29.0, 0.06666666666666667
surrogate, 12, 29.0, 0.06666666666666667
surrogate, 12, 29.0, 0.06666666666666667
surrogate, 12, 29.0, 0.06666666666666667
surrogate, 12, 29.0, 0.06666666666666667
surrogate, 12, 29.0, 0.06666666666666667
surrogate, 12, 28.0, 0.05
surrogate, 12, 28.0, 0.05
surrogate, 12, 28.0, 0.05
surrogate, 12, 28.0, 0.05
surrogate, 12, 28.0, 0.05
surrogate, 12, 28.0, 0.05
surrogate, 12, 28.0, 0.05
surrogate, 12, 27.0, 0.03333333333333333
surrogate, 12, 27.0, 0.03333333333333333
surrogate, 12, 27.0, 0.03333333333333333
surrogate, 12, 27.0, 0.03333333333333333
surrogate, 12, 27.0, 0.03333333333333333
surrogate, 12, 27.0, 0.03333333333333333
surrogate, 12, 27.0, 0.03333333333333333
surrogate, 12, 27.0, 0.03333333333333333
surrogate, 12, 27.0, 0.03333333333333333
surrogate, 12, 27.0, 0.03333333333333333
surrogate, 12, 27.0, 0.03333333333333333
surrogate, 12, 26.0, 0.016666666666666666
surrogate, 12, 26.0, 0.016666666666666666
surrogate, 12, 26.0, 0.016666666666666666
surrogate, 12, 26.0, 0.016666666666666666
surrogate, 12, 26.0, 0.016666666666666666
surrogate, 12, 26.0, 0.016666666666666666
surrogate, 12, 26.0, 0.016666666666666666
surrogate, 12, 26.0, 0.016666666666666666
surrogate, 12, 26.0, 0.016666666666666666
surrogate, 12, 26.0, 0.016666666666666666
surrogate, 12, 26.0, 0.016666666666666666
surrogate, 12, 26.0, 0.016666666666666666
surrogate, 12, 26.0, 0.016666666666666666
surrogate, 12, 26.0, 0.016666666666666666
surrogate, 12, 26.0, 0.016666666666666666
surrogate, 12, 26.0, 0.016666666666666666
surrogate, 12, 26.0, 0.016666666666666666
surrogate, 12, 26.0, 0.016666666666666666
surrogate, 13, 90.0, 0.7666666666666667
surrogate, 13, 62.0, 0.7166666666666667
surrogate, 13, 42.0, 0.65
surrogate, 13, 42.0, 0.65
surrogate, 13, 38.0, 0.55
surrogate, 13, 35.0, 0.5
surrogate, 13, 35.0, 0.5
surrogate, 13, 35.0, 0.5
surrogate, 13, 33.0, 0.4666666666666667
surrogate, 13, 33.0, 0.4666666666666667
surrogate, 13, 32.0, 0.36666666666666664
surrogate, 13, 32.0, 0.36666666666666664
surrogate, 13, 32.0, 0.36666666666666664
surrogate, 13, 32.0, 0.36666666666666664
surrogate, 13, 32.0, 0.36666666666666664
surrogate, 13, 32.0, 0.36666666666666664
surrogate, 13, 32.0, 0.36666666666666664
surrogate, 13, 32.0, 0.36666666666666664
surrogate, 13, 32.0, 0.36666666666666664
surrogate, 13, 30.0, 0.1
surrogate, 13, 30.0, 0.1
surrogate, 13, 30.0, 0.1
surrogate, 13, 30.0, 0.1
surrogate, 13, 30.0, 0.1
surrogate, 13, 30.0, 0.1
surrogate, 13, 30.0, 0.1
surrogate, 13, 30.0, 0.1
surrogate, 13, 30.0, 0.1
surrogate, 13, 30.0, 0.1
surrogate, 13, 30.0, 0.1
surrogate, 13, 29.0, 0.06666666666666667
surrogate, 13, 29.0, 0.06666666666666667
surrogate, 13, 29.0, 0.06666666666666667
surrogate, 13, 29.0, 0.06666666666666667
surrogate, 13, 29.0, 0.06666666666666667
surrogate, 13, 29.0, 0.06666666666666667
surrogate, 13, 29.0, 0.06666666666666667
surrogate, 13, 28.0, 0.05
surrogate, 13, 28.0, 0.05
surrogate, 13, 28.0, 0.05
surrogate, 13, 28.0, 0.05
surrogate, 13, 28.0, 0.05
surrogate, 13, 28.0, 0.05
surrogate, 13, 28.0, 0.05
surrogate, 13, 27.0, 0.03333333333333333
surrogate, 13, 27.0, 0.03333333333333333
surrogate, 13, 27.0, 0.03333333333333333
surrogate, 13, 27.0, 0.03333333333333333
surrogate, 13, 27.0, 0.03333333333333333
surrogate, 13, 27.0, 0.03333333333333333
surrogate, 13, 27.0, 0.03333333333333333
surrogate, 13, 27.0, 0.03333333333333333
surrogate, 13, 27.0, 0.03333333333333333
surrogate, 13, 27.0, 0.03333333333333333
surrogate, 13, 27.0, 0.03333333333333333
surrogate, 13, 27.0, 0.03333333333333333
surrogate, 13, 26.0, 0.016666666666666666
surrogate, 13, 26.0, 0.016666666666666666
surrogate, 13, 26.0, 0.016666666666666666
surrogate, 13, 26.0, 0.016666666666666666
surrogate, 13, 26.0, 0.016666666666666666
surrogate, 13, 26.0, 0.016666666666666666
surrogate, 13, 26.0, 0.016666666666666666
surrogate, 13, 26.0, 0.016666666666666666
surrogate, 13, 26.0, 0.016666666666666666
surrogate, 13, 26.0, 0.016666666666666666
surrogate, 13, 26.0, 0.016666666666666666
surrogate, 13, 26.0, 0.016666666666666666
surrogate, 13, 26.0, 0.016666666666666666
surrogate, 13, 26.0, 0.016666666666666666
surrogate, 13, 26.0, 0.016666666666666666
surrogate, 13, 26.0, 0.016666666666666666
surrogate, 13, 26.0, 0.016666666666666666
surrogate, 13, 26.0, 0.016666666666666666
surrogate, 13, 26.0, 0.016666666666666666
surrogate, 14, 90.0, 0.7666666666666667
surrogate, 14, 62.0, 0.7166666666666667
surrogate, 14, 42.0, 0.65
surrogate, 14, 42.0, 0.65
surrogate, 14, 42.0, 0.65
surrogate, 14, 38.0, 0.55
surrogate, 14, 38.0, 0.55
surrogate, 14, 35.0, 0.5
surrogate, 14, 35.0, 0.5
surrogate, 14, 35.0, 0.5
surrogate, 14, 35.0, 0.5
surrogate, 14, 33.0, 0.4666666666666667
surrogate, 14, 33.0, 0.4666666666666667
surrogate, 14, 33.0, 0.4666666666666667
surrogate, 14, 32.0, 0.36666666666666664
surrogate, 14, 32.0, 0.36666666666666664
surrogate, 14, 32.0, 0.36666666666666664
surrogate, 14, 32.0, 0.36666666666666664
surrogate, 14, 32.0, 0.36666666666666664
surrogate, 14, 32.0, 0.36666666666666664
surrogate, 14, 32.0, 0.36666666666666664
surrogate, 14, 32.0, 0.36666666666666664
surrogate, 14, 32.0, 0.36666666666666664
surrogate, 14, 32.0, 0.36666666666666664
surrogate, 14, 30.0, 0.1
surrogate, 14, 30.0, 0.1
surrogate, 14, 30.0, 0.1
surrogate, 14, 30.0, 0.1
surrogate, 14, 30.0, 0.1
surrogate, 14, 30.0, 0.1
surrogate, 14, 30.0, 0.1
surrogate, 14, 30.0, 0.1
surrogate, 14, 30.0, 0.1
surrogate, 14, 30.0, 0.1
surrogate, 14, 30.0, 0.1
surrogate, 14, 30.0, 0.1
surrogate, 14, 29.0, 0.06666666666666667
surrogate, 14, 29.0, 0.06666666666666667
surrogate, 14, 29.0, 0.06666666666666667
surrogate, 14, 29.0, 0.06666666666666667
surrogate, 14, 29.0, 0.06666666666666667
surrogate, 14, 29.0, 0.06666666666666667
surrogate, 14, 29.0, 0.06666666666666667
surrogate, 14, 29.0, 0.06666666666666667
surrogate, 14, 28.0, 0.05
surrogate, 14, 28.0, 0.05
surrogate, 14, 28.0, 0.05
surrogate, 14, 28.0, 0.05
surrogate, 14, 28.0, 0.05
surrogate, 14, 28.0, 0.05
surrogate, 14, 28.0, 0.05
surrogate, 14, 27.0, 0.03333333333333333
surrogate, 14, 27.0, 0.03333333333333333
surrogate, 14, 27.0, 0.03333333333333333
surrogate, 14, 27.0, 0.03333333333333333
surrogate, 14, 27.0, 0.03333333333333333
surrogate, 14, 27.0, 0.03333333333333333
surrogate, 14, 27.0, 0.03333333333333333
surrogate, 14, 27.0, 0.03333333333333333
surrogate, 14, 27.0, 0.03333333333333333
surrogate, 14, 27.0, 0.03333333333333333
surrogate, 14, 27.0, 0.03333333333333333
surrogate, 14, 27.0, 0.03333333333333333
surrogate, 14, 27.0, 0.03333333333333333
surrogate, 14, 26.0, 0.016666666666666666
surrogate, 14, 26.0, 0.016666666666666666
surrogate, 14, 26.0, 0.016666666666666666
surrogate, 14, 26.0, 0.016666666666666666
surrogate, 14, 26.0, 0.016666666666666666
surrogate, 14, 26.0, 0.016666666666666666
surrogate, 14, 26.0, 0.016666666666666666
surrogate, 14, 26.0, 0.016666666666666666
surrogate, 14, 26.0, 0.016666666666666666
surrogate, 14, 26.0, 0.016666666666666666
surrogate, 14, 26.0, 0.016666666666666666
surrogate, 14, 26.0, 0.016666666666666666
surrogate, 14, 26.0, 0.016666666666666666
surrogate, 14, 26.0, 0.016666666666666666
surrogate, 14, 26.0, 0.016666666666666666
surrogate, 14, 26.0, 0.016666666666666666
surrogate, 14, 26.0, 0.016666666666666666
surrogate, 14, 26.0, 0.016666666666666666
surrogate, 14, 26.0, 0.016666666666666666
surrogate, 14, 26.0, 0.016666666666666666
surrogate, 15, 90.0, 0.7666666666666667
surrogate, 15, 62.0, 0.7166666666666667
surrogate, 15, 62.0, 0.7166666666666667
surrogate, 15, 42.0, 0.65
surrogate, 15, 42.0, 0.65
surrogate, 15, 42.0, 0.65
surrogate, 15, 42.0, 0.65
surrogate, 15, 36.0, 0.55
surrogate, 15, 35.0, 0.5
surrogate, 15, 35.0, 0.5
surrogate, 15, 35.0, 0.5
surrogate, 15, 35.0, 0.5
surrogate, 15, 35.0, 0.5
surrogate, 15, 33.0, 0.4666666666666667
surrogate, 15, 33.0, 0.4666666666666667
surrogate, 15, 33.0, 0.4666666666666667
surrogate, 15, 32.0, 0.36666666666666664
surrogate, 15, 32.0, 0.36666666666666664
surrogate, 15, 32.0, 0.36666666666666664
surrogate, 15, 32.0, 0.36666666666666664
surrogate, 15, 32.0, 0.36666666666666664
surrogate, 15, 32.0, 0.36666666666666664
surrogate, 15, 32.0, 0.36666666666666664
surrogate, 15, 32.0, 0.36666666666666664
surrogate, 15, 32.0, 0.36666666666666664
surrogate, 15, 32.0, 0.36666666666666664
surrogate, 15, 32.0, 0.36666666666666664
surrogate, 15, 30.0, 0.1
surrogate, 15, 30.0, 0.1
surrogate, 15, 30.0, 0.1
surrogate, 15, 30.0, 0.1
surrogate, 15, 30.0, 0.1
surrogate, 15, 30.0, 0.1
surrogate, 15, 30.0, 0.1
surrogate, 15, 30.0, 0.1
surrogate, 15, 30.0, 0.1
surrogate, 15, 30.0, 0.1
surrogate, 15, 30.0, 0.1
surrogate, 15, 30.0, 0.1
surrogate, 15, 30.0, 0.1
surrogate, 15, 29.0, 0.06666666666666667
surrogate, 15, 29.0, 0.06666666666666667
surrogate, 15, 29.0, 0.06666666666666667
surrogate, 15, 29.0, 0.06666666666666667
surrogate, 15, 29.0, 0.06666666666666667
surrogate, 15, 29.0, 0.06666666666666667
surrogate, 15, 29.0, 0.06666666666666667
surrogate, 15, 29.0, 0.06666666666666667
surrogate, 15, 29.0, 0.06666666666666667
surrogate, 15, 28.0, 0.05
surrogate, 15, 28.0, 0.05
surrogate, 15, 28.0, 0.05
surrogate, 15, 28.0, 0.05
surrogate, 15, 28.0, 0.05
surrogate, 15, 28.0, 0.05
surrogate, 15, 28.0, 0.05
surrogate, 15, 27.0, 0.03333333333333333
surrogate, 15, 27.0, 0.03333333333333333
surrogate, 15, 27.0, 0.03333333333333333
surrogate, 15, 27.0, 0.03333333333333333
surrogate, 15, 27.0, 0.03333333333333333
surrogate, 15, 27.0, 0.03333333333333333
surrogate, 15, 27.0, 0.03333333333333333
surrogate, 15, 27.0, 0.03333333333333333
surrogate, 15, 27.0, 0.03333333333333333
surrogate, 15, 27.0, 0.03333333333333333
surrogate, 15, 27.0, 0.03333333333333333
surrogate, 15, 27.0, 0.03333333333333333
surrogate, 15, 27.0, 0.03333333333333333
surrogate, 15, 27.0, 0.03333333333333333
surrogate, 15, 26.0, 0.016666666666666666
surrogate, 15, 26.0, 0.016666666666666666
surrogate, 15, 26.0, 0.016666666666666666
surrogate, 15, 26.0, 0.016666666666666666
surrogate, 15, 26.0, 0.016666666666666666
surrogate, 15, 26.0, 0.016666666666666666
surrogate, 15, 26.0, 0.016666666666666666
surrogate, 15, 26.0, 0.016666666666666666
surrogate, 15, 26.0, 0.016666666666666666
surrogate, 15, 26.0, 0.016666666666666666
surrogate, 15, 26.0, 0.016666666666666666
surrogate, 15, 26.0, 0.016666666666666666
surrogate, 15, 26.0, 0.016666666666666666
surrogate, 15, 26.0, 0.016666666666666666
surrogate, 15, 26.0, 0.016666666666666666
surrogate, 15, 26.0, 0.016666666666666666
surrogate, 15, 26.0, 0.016666666666666666
surrogate, 15, 26.0, 0.016666666666666666
surrogate, 15, 26.0, 0.016666666666666666
surrogate, 15, 26.0, 0.016666666666666666
surrogate, 15, 26.0, 0.016666666666666666
surrogate, 16, 90.0, 0.7666666666666667
surrogate, 16, 54.0, 0.7166666666666667
surrogate, 16, 42.0, 0.65
surrogate, 16, 42.0, 0.65
surrogate, 16, 42.0, 0.65
surrogate, 16, 42.0, 0.65
surrogate, 16, 36.0, 0.55
surrogate, 16, 35.0, 0.5
surrogate, 16, 35.0, 0.5
surrogate, 16, 35.0, 0.5
surrogate, 16, 35.0, 0.5
surrogate, 16, 35.0, 0.5
surrogate, 16, 33.0, 0.4666666666666667
surrogate, 16, 33.0, 0.4666666666666667
surrogate, 16, 33.0, 0.4666666666666667
surrogate, 16, 32.0, 0.36666666666666664
surrogate, 16, 32.0, 0.36666666666666664
surrogate, 16, 32.0, 0.36666666666666664
surrogate, 16, 32.0, 0.36666666666666664
surrogate, 16, 32.0, 0.36666666666666664
surrogate, 16, 32.0, 0.36666666666666664
surrogate, 16, 32.0, 0.36666666666666664
surrogate, 16, 32.0, 0.36666666666666664
surrogate, 16, 32.0, 0.36666666666666664
surrogate, 16, 32.0, 0.36666666666666664
surrogate, 16, 32.0, 0.36666666666666664
surrogate, 16, 32.0, 0.36666666666666664
surrogate, 16, 30.0, 0.1
surrogate, 16, 30.0, 0.1
surrogate, 16, 30.0, 0.1
surrogate, 16, 30.0, 0.1
surrogate, 16, 30.0, 0.1
surrogate, 16, 30.0, 0.1
surrogate, 16, 30.0, 0.1
surrogate, 16, 30.0, 0.1
surrogate, 16, 30.0, 0.1
surrogate, 16, 30.0, 0.1
surrogate, 16, 30.0, 0.1
surrogate, 16, 30.0, 0.1
surrogate, 16, 30.0, 0.1
surrogate, 16, 30.0, 0.1
surrogate, 16, 29.0, 0.06666666666666667
surrogate, 16, 29.0, 0.06666666666666667
surrogate, 16, 29.0, 0.06666666666666667
surrogate, 16, 29.0, 0.06666666666666667
surrogate, 16, 29.0, 0.06666666666666667
surrogate, 16, 29.0, 0.06666666666666667
surrogate, 16, 29.0, 0.06666666666666667
surrogate, 16, 29.0, 0.06666666666666667
surrogate, 16, 29.0, 0.06666666666666667
surrogate, 16, 29.0, 0.06666666666666667
surrogate, 16, 28.0, 0.05
surrogate, 16, 28.0, 0.05
surrogate, 16, 28.0, 0.05
surrogate, 16, 28.0, 0.05
surrogate, 16, 28.0, 0.05
surrogate, 16, 28.0, 0.05
surrogate, 16, 28.0, 0.05
surrogate, 16, 27.0, 0.03333333333333333
surrogate, 16, 27.0, 0.03333333333333333
surrogate, 16, 27.0, 0.03333333333333333
surrogate, 16, 27.0, 0.03333333333333333
surrogate, 16, 27.0, 0.03333333333333333
surrogate, 16, 27.0, 0.03333333333333333
surrogate, 16, 27.0, 0.03333333333333333
surrogate, 16, 27.0, 0.03333333333333333
surrogate, 16, 27.0, 0.03333333333333333
surrogate, 16, 27.0, 0.03333333333333333
surrogate, 16, 27.0, 0.03333333333333333
surrogate, 16, 27.0, 0.03333333333333333
surrogate, 16, 27.0, 0.03333333333333333
surrogate, 16, 27.0, 0.03333333333333333
surrogate, 16, 26.0, 0.016666666666666666
surrogate, 16, 26.0, 0.016666666666666666
surrogate, 16, 26.0, 0.016666666666666666
surrogate, 16, 26.0, 0.016666666666666666
surrogate, 16, 26.0, 0.016666666666666666
surrogate, 16, 26.0, 0.016666666666666666
surrogate, 16, 26.0, 0.016666666666666666
surrogate, 16, 26.0, 0.016666666666666666
surrogate, 16, 26.0, 0.016666666666666666
surrogate, 16, 26.0, 0.016666666666666666
surrogate, 16, 26.0, 0.016666666666666666
surrogate, 16, 26.0, 0.016666666666666666
surrogate, 16, 26.0, 0.016666666666666666
surrogate, 16, 26.0, 0.016666666666666666
surrogate, 16, 26.0, 0.016666666666666666
surrogate, 16, 26.0, 0.016666666666666666
surrogate, 16, 26.0, 0.016666666666666666
surrogate, 16, 26.0, 0.016666666666666666
surrogate, 16, 26.0, 0.016666666666666666
surrogate, 16, 26.0, 0.016666666666666666
surrogate, 16, 26.0, 0.016666666666666666
surrogate, 16, 26.0, 0.016666666666666666
surrogate, 17, 90.0, 0.7666666666666667
surrogate, 17, 90.0, 0.7666666666666667
surrogate, 17, 76.0, 0.75
surrogate, 17, 54.0, 0.7166666666666667
surrogate, 17, 42.0, 0.65
surrogate, 17, 42.0, 0.65
surrogate, 17, 42.0, 0.65
surrogate, 17, 42.0, 0.65
surrogate, 17, 36.0, 0.55
surrogate, 17, 35.0, 0.5
surrogate, 17, 35.0, 0.5
surrogate, 17, 35.0, 0.5
surrogate, 17, 35.0, 0.5
surrogate, 17, 35.0, 0.5
surrogate, 17, 35.0, 0.5
surrogate, 17, 33.0, 0.4666666666666667
surrogate, 17, 33.0, 0.4666666666666667
surrogate, 17, 33.0, 0.4666666666666667
surrogate, 17, 32.0, 0.36666666666666664
surrogate, 17, 32.0, 0.36666666666666664
surrogate, 17, 32.0, 0.36666666666666664
surrogate, 17, 32.0, 0.36666666666666664
surrogate, 17, 32.0, 0.36666666666666664
surrogate, 17, 32.0, 0.36666666666666664
surrogate, 17, 32.0, 0.36666666666666664
surrogate, 17, 32.0, 0.36666666666666664
surrogate, 17, 32.0, 0.36666666666666664
surrogate, 17, 32.0, 0.36666666666666664
surrogate, 17, 32.0, 0.36666666666666664
surrogate, 17, 32.0, 0.36666666666666664
surrogate, 17, 32.0, 0.36666666666666664
surrogate, 17, 30.0, 0.1
surrogate, 17, 30.0, 0.1
surrogate, 17, 30.0, 0.1
surrogate, 17, 30.0, 0.1
surrogate, 17, 30.0, 0.1
surrogate, 17, 30.0, 0.1
surrogate, 17, 30.0, 0.1
surrogate, 17, 30.0, 0.1
surrogate, 17, 30.0, 0.1
surrogate, 17, 30.0, 0.1
surrogate, 17, 30.0, 0.1
surrogate, 17, 30.0, 0.1
surrogate, 17, 30.0, 0.1
surrogate, 17, 30.0, 0.1
surrogate, 17, 30.0, 0.1
surrogate, 17, 29.0, 0.06666666666666667
surrogate, 17, 29.0, 0.06666666666666667
surrogate, 17, 29.0, 0.06666666666666667
surrogate, 17, 29.0, 0.06666666666666667
surrogate, 17, 29.0, 0.06666666666666667
surrogate, 17, 29.0, 0.06666666666666667
surrogate, 17, 29.0, 0.06666666666666667
surrogate, 17, 29.0, 0.06666666666666667
surrogate, 17, 29.0, 0.06666666666666667
surrogate, 17, 29.0, 0.06666666666666667
surrogate, 17, 29.0, 0.06666666666666667
surrogate, 17, 28.0, 0.05
surrogate, 17, 28.0, 0.05
surrogate, 17, 28.0, 0.05
surrogate, 17, 28.0, 0.05
surrogate, 17, 28.0, 0.05
surrogate, 17, 28.0, 0.05
surrogate, 17, 28.0, 0.05
surrogate, 17, 27.0, 0.03333333333333333
surrogate, 17, 27.0, 0.03333333333333333
surrogate, 17, 27.0, 0.03333333333333333
surrogate, 17, 27.0, 0.03333333333333333
surrogate, 17, 27.0, 0.03333333333333333
surrogate, 17, 27.0, 0.03333333333333333
surrogate, 17, 27.0, 0.03333333333333333
surrogate, 17, 27.0, 0.03333333333333333
surrogate, 17, 27.0, 0.03333333333333333
surrogate, 17, 27.0, 0.03333333333333333
surrogate, 17, 27.0, 0.03333333333333333
surrogate, 17, 27.0, 0.03333333333333333
surrogate, 17, 27.0, 0.03333333333333333
surrogate, 17, 27.0, 0.03333333333333333
surrogate, 17, 26.0, 0.016666666666666666
surrogate, 17, 26.0, 0.016666666666666666
surrogate, 17, 26.0, 0.016666666666666666
surrogate, 17, 26.0, 0.016666666666666666
surrogate, 17, 26.0, 0.016666666666666666
surrogate, 17, 26.0, 0.016666666666666666
surrogate, 17, 26.0, 0.016666666666666666
surrogate, 17, 26.0, 0.016666666666666666
surrogate, 17, 26.0, 0.016666666666666666
surrogate, 17, 26.0, 0.016666666666666666
surrogate, 17, 26.0, 0.016666666666666666
surrogate, 17, 26.0, 0.016666666666666666
surrogate, 17, 26.0, 0.016666666666666666
surrogate, 17, 26.0, 0.016666666666666666
surrogate, 17, 26.0, 0.016666666666666666
surrogate, 17, 26.0, 0.016666666666666666
surrogate, 17, 26.0, 0.016666666666666666
surrogate, 17, 26.0, 0.016666666666666666
surrogate, 17, 26.0, 0.016666666666666666
surrogate, 17, 26.0, 0.016666666666666666
surrogate, 17, 26.0, 0.016666666666666666
surrogate, 17, 26.0, 0.016666666666666666
surrogate, 17, 26.0, 0.016666666666666666
surrogate, 18, 90.0, 0.7666666666666667
surrogate, 18, 90.0, 0.7666666666666667
surrogate, 18, 76.0, 0.75
surrogate, 18, 54.0, 0.7166666666666667
surrogate, 18, 42.0, 0.65
surrogate, 18, 42.0, 0.65
surrogate, 18, 42.0, 0.65
surrogate, 18, 42.0, 0.65
surrogate, 18, 36.0, 0.55
surrogate, 18, 36.0, 0.55
surrogate, 18, 35.0, 0.5
surrogate, 18, 35.0, 0.5
surrogate, 18, 35.0, 0.5
surrogate, 18, 35.0, 0.5
surrogate, 18, 35.0, 0.5
surrogate, 18, 35.0, 0.5
surrogate, 18, 35.0, 0.5
surrogate, 18, 33.0, 0.4666666666666667
surrogate, 18, 33.0, 0.4666666666666667
surrogate, 18, 33.0, 0.4666666666666667
surrogate, 18, 33.0, 0.4666666666666667
surrogate, 18, 32.0, 0.36666666666666664
surrogate, 18, 32.0, 0.36666666666666664
surrogate, 18, 32.0, 0.36666666666666664
surrogate, 18, 32.0, 0.36666666666666664
surrogate, 18, 32.0, 0.36666666666666664
surrogate, 18, 32.0, 0.36666666666666664
surrogate, 18, 32.0, 0.36666666666666664
surrogate, 18, 32.0, 0.36666666666666664
surrogate, 18, 32.0, 0.36666666666666664
surrogate, 18, 32.0, 0.36666666666666664
surrogate, 18, 32.0, 0.36666666666666664
surrogate, 18, 32.0, 0.36666666666666664
surrogate, 18, 32.0, 0.36666666666666664
surrogate, 18, 30.0, 0.1
surrogate, 18, 30.0, 0.1
surrogate, 18, 30.0, 0.1
surrogate, 18, 30.0, 0.1
surrogate, 18, 30.0, 0.1
surrogate, 18, 30.0, 0.1
surrogate, 18, 30.0, 0.1
surrogate, 18, 30.0, 0.1
surrogate, 18, 30.0, 0.1
surrogate, 18, 30.0, 0.1
surrogate, 18, 30.0, 0.1
surrogate, 18, 30.0, 0.1
surrogate, 18, 30.0, 0.1
surrogate, 18, 30.0, 0.1
surrogate, 18, 30.0, 0.1
surrogate, 18, 29.0, 0.06666666666666667
surrogate, 18, 29.0, 0.06666666666666667
surrogate, 18, 29.0, 0.06666666666666667
surrogate, 18, 29.0, 0.06666666666666667
surrogate, 18, 29.0, 0.06666666666666667
surrogate, 18, 29.0, 0.06666666666666667
surrogate, 18, 29.0, 0.06666666666666667
surrogate, 18, 29.0, 0.06666666666666667
surrogate, 18, 29.0, 0.06666666666666667
surrogate, 18, 29.0, 0.06666666666666667
surrogate, 18, 29.0, 0.06666666666666667
surrogate, 18, 28.0, 0.05
surrogate, 18, 28.0, 0.05
surrogate, 18, 28.0, 0.05
surrogate, 18, 28.0, 0.05
surrogate, 18, 28.0, 0.05
surrogate, 18, 28.0, 0.05
surrogate, 18, 28.0, 0.05
surrogate, 18, 27.0, 0.03333333333333333
surrogate, 18, 27.0, 0.03333333333333333
surrogate, 18, 27.0, 0.03333333333333333
surrogate, 18, 27.0, 0.03333333333333333
surrogate, 18, 27.0, 0.03333333333333333
surrogate, 18, 27.0, 0.03333333333333333
surrogate, 18, 27.0, 0.03333333333333333
surrogate, 18, 27.0, 0.03333333333333333
surrogate, 18, 27.0, 0.03333333333333333
surrogate, 18, 27.0, 0.03333333333333333
surrogate, 18, 27.0, 0.03333333333333333
surrogate, 18, 27.0, 0.03333333333333333
surrogate, 18, 27.0, 0.03333333333333333
surrogate, 18, 27.0, 0.03333333333333333
surrogate, 18, 26.0, 0.016666666666666666
surrogate, 18, 26.0, 0.016666666666666666
surrogate, 18, 26.0, 0.016666666666666666
surrogate, 18, 26.0, 0.016666666666666666
surrogate, 18, 26.0, 0.016666666666666666
surrogate, 18, 26.0, 0.016666666666666666
surrogate, 18, 26.0, 0.016666666666666666
surrogate, 18, 26.0, 0.016666666666666666
surrogate, 18, 26.0, 0.016666666666666666
surrogate, 18, 26.0, 0.016666666666666666
surrogate, 18, 26.0, 0.016666666666666666
surrogate, 18, 26.0, 0.016666666666666666
surrogate, 18, 26.0, 0.016666666666666666
surrogate, 18, 26.0, 0.016666666666666666
surrogate, 18, 26.0, 0.016666666666666666
surrogate, 18, 26.0, 0.016666666666666666
surrogate, 18, 26.0, 0.016666666666666666
surrogate, 18, 26.0, 0.016666666666666666
surrogate, 18, 26.0, 0.016666666666666666
surrogate, 18, 26.0, 0.016666666666666666
surrogate, 18, 26.0, 0.016666666666666666
surrogate, 18, 26.0, 0.016666666666666666
surrogate, 18, 26.0, 0.016666666666666666
surrogate, 18, 26.0, 0.016666666666666666
surrogate, 19, 68.0, 0.7666666666666667
surrogate, 19, 54.0, 0.7166666666666667
surrogate, 19, 41.0, 0.65
surrogate, 19, 36.0, 0.55
surrogate, 19, 36.0, 0.55
surrogate, 19, 35.0, 0.5
surrogate, 19, 35.0, 0.5
surrogate, 19, 35.0, 0.5
surrogate, 19, 35.0, 0.5
surrogate, 19, 35.0, 0.5
surrogate, 19, 35.0, 0.5
surrogate, 19, 35.0, 0.5
surrogate, 19, 33.0, 0.4666666666666667
surrogate, 19, 33.0, 0.4666666666666667
surrogate, 19, 33.0, 0.4666666666666667
surrogate, 19, 33.0, 0.4666666666666667
surrogate, 19, 33.0, 0.4666666666666667
surrogate, 19, 32.0, 0.36666666666666664
surrogate, 19, 32.0, 0.36666666666666664
surrogate, 19, 32.0, 0.36666666666666664
surrogate, 19, 32.0, 0.36666666666666664
surrogate, 19, 32.0, 0.36666666666666664
surrogate, 19, 32.0, 0.36666666666666664
surrogate, 19, 32.0, 0.36666666666666664
surrogate, 19, 32.0, 0.36666666666666664
surrogate, 19, 32.0, 0.36666666666666664
surrogate, 19, 32.0, 0.36666666666666664
surrogate, 19, 32.0, 0.36666666666666664
surrogate, 19, 32.0, 0.36666666666666664
surrogate, 19, 32.0, 0.36666666666666664
surrogate, 19, 32.0, 0.36666666666666664
surrogate, 19, 30.0, 0.1
surrogate, 19, 30.0, 0.1
surrogate, 19, 30.0, 0.1
surrogate, 19, 30.0, 0.1
surrogate, 19, 30.0, 0.1
surrogate, 19, 30.0, 0.1
surrogate, 19, 30.0, 0.1
surrogate, 19, 30.0, 0.1
surrogate, 19, 30.0, 0.1
surrogate, 19, 30.0, 0.1
surrogate, 19, 30.0, 0.1
surrogate, 19, 30.0, 0.1
surrogate, 19, 30.0, 0.1
surrogate, 19, 30.0, 0.1
surrogate, 19, 30.0, 0.1
surrogate, 19, 30.0, 0.1
surrogate, 19, 29.0, 0.06666666666666667
surrogate, 19, 29.0, 0.06666666666666667
surrogate, 19, 29.0, 0.06666666666666667
surrogate, 19, 29.0, 0.06666666666666667
surrogate, 19, 29.0, 0.06666666666666667
surrogate, 19, 29.0, 0.06666666666666667
surrogate, 19, 29.0, 0.06666666666666667
surrogate, 19, 29.0, 0.06666666666666667
surrogate, 19, 29.0, 0.06666666666666667
surrogate, 19, 29.0, 0.06666666666666667
surrogate, 19, 29.0, 0.06666666666666667
surrogate, 19, 29.0, 0.06666666666666667
surrogate, 19, 28.0, 0.05
surrogate, 19, 28.0, 0.05
surrogate, 19, 28.0, 0.05
surrogate, 19, 28.0, 0.05
surrogate, 19, 28.0, 0.05
surrogate, 19, 28.0, 0.05
surrogate, 19, 28.0, 0.05
surrogate, 19, 28.0, 0.05
surrogate, 19, 27.0, 0.03333333333333333
surrogate, 19, 27.0, 0.03333333333333333
surrogate, 19, 27.0, 0.03333333333333333
surrogate, 19, 27.0, 0.03333333333333333
surrogate, 19, 27.0, 0.03333333333333333
surrogate, 19, 27.0, 0.03333333333333333
surrogate, 19, 27.0, 0.03333333333333333
surrogate, 19, 27.0, 0.03333333333333333
surrogate, 19, 27.0, 0.03333333333333333
surrogate, 19, 27.0, 0.03333333333333333
surrogate, 19, 27.0, 0.03333333333333333
surrogate, 19, 27.0, 0.03333333333333333
surrogate, 19, 27.0, 0.03333333333333333
surrogate, 19, 27.0, 0.03333333333333333
surrogate, 19, 26.0, 0.016666666666666666
surrogate, 19, 26.0, 0.016666666666666666
surrogate, 19, 26.0, 0.016666666666666666
surrogate, 19, 26.0, 0.016666666666666666
surrogate, 19, 26.0, 0.016666666666666666
surrogate, 19, 26.0, 0.016666666666666666
surrogate, 19, 26.0, 0.016666666666666666
surrogate, 19, 26.0, 0.016666666666666666
surrogate, 19, 26.0, 0.016666666666666666
surrogate, 19, 26.0, 0.016666666666666666
surrogate, 19, 26.0, 0.016666666666666666
surrogate, 19, 26.0, 0.016666666666666666
surrogate, 19, 26.0, 0.016666666666666666
surrogate, 19, 26.0, 0.016666666666666666
surrogate, 19, 26.0, 0.016666666666666666
surrogate, 19, 26.0, 0.016666666666666666
surrogate, 19, 26.0, 0.016666666666666666
surrogate, 19, 26.0, 0.016666666666666666
surrogate, 19, 26.0, 0.016666666666666666
surrogate, 19, 26.0, 0.016666666666666666
surrogate, 19, 26.0, 0.016666666666666666
surrogate, 19, 26.0, 0.016666666666666666
surrogate, 19, 26.0, 0.016666666666666666
surrogate, 19, 26.0, 0.016666666666666666
surrogate, 19, 26.0, 0.016666666666666666
surrogate, 20, 68.0, 0.7666666666666667
surrogate, 20, 54.0, 0.7166666666666667
surrogate, 20, 41.0, 0.65
surrogate, 20, 36.0, 0.55
surrogate, 20, 36.0, 0.55
surrogate, 20, 36.0, 0.55
surrogate, 20, 35.0, 0.5
surrogate, 20, 35.0, 0.5
surrogate, 20, 35.0, 0.5
surrogate, 20, 35.0, 0.5
surrogate, 20, 35.0, 0.5
surrogate, 20, 35.0, 0.5
surrogate, 20, 35.0, 0.5
surrogate, 20, 35.0, 0.5
surrogate, 20, 33.0, 0.4666666666666667
surrogate, 20, 33.0, 0.4666666666666667
surrogate, 20, 33.0, 0.4666666666666667
surrogate, 20, 33.0, 0.4666666666666667
surrogate, 20, 33.0, 0.4666666666666667
surrogate, 20, 32.0, 0.36666666666666664
surrogate, 20, 32.0, 0.36666666666666664
surrogate, 20, 32.0, 0.36666666666666664
surrogate, 20, 32.0, 0.36666666666666664
surrogate, 20, 32.0, 0.36666666666666664
surrogate, 20, 32.0, 0.36666666666666664
surrogate, 20, 32.0, 0.36666666666666664
surrogate, 20, 32.0, 0.36666666666666664
surrogate, 20, 32.0, 0.36666666666666664
surrogate, 20, 32.0, 0.36666666666666664
surrogate, 20, 32.0, 0.36666666666666664
surrogate, 20, 32.0, 0.36666666666666664
surrogate, 20, 32.0, 0.36666666666666664
surrogate, 20, 32.0, 0.36666666666666664
surrogate, 20, 32.0, 0.36666666666666664
surrogate, 20, 30.0, 0.1
surrogate, 20, 30.0, 0.1
surrogate, 20, 30.0, 0.1
surrogate, 20, 30.0, 0.1
surrogate, 20, 30.0, 0.1
surrogate, 20, 30.0, 0.1
surrogate, 20, 30.0, 0.1
surrogate, 20, 30.0, 0.1
surrogate, 20, 30.0, 0.1
surrogate, 20, 30.0, 0.1
surrogate, 20, 30.0, 0.1
surrogate, 20, 30.0, 0.1
surrogate, 20, 30.0, 0.1
surrogate, 20, 30.0, 0.1
surrogate, 20, 30.0, 0.1
surrogate, 20, 30.0, 0.1
surrogate, 20, 30.0, 0.1
surrogate, 20, 29.0, 0.06666666666666667
surrogate, 20, 29.0, 0.06666666666666667
surrogate, 20, 29.0, 0.06666666666666667
surrogate, 20, 29.0, 0.06666666666666667
surrogate, 20, 29.0, 0.06666666666666667
surrogate, 20, 29.0, 0.06666666666666667
surrogate, 20, 29.0, 0.06666666666666667
surrogate, 20, 29.0, 0.06666666666666667
surrogate, 20, 29.0, 0.06666666666666667
surrogate, 20, 29.0, 0.06666666666666667
surrogate, 20, 29.0, 0.06666666666666667
surrogate, 20, 29.0, 0.06666666666666667
surrogate, 20, 29.0, 0.06666666666666667
surrogate, 20, 28.0, 0.05
surrogate, 20, 28.0, 0.05
surrogate, 20, 28.0, 0.05
surrogate, 20, 28.0, 0.05
surrogate, 20, 28.0, 0.05
surrogate, 20, 28.0, 0.05
surrogate, 20, 28.0, 0.05
surrogate, 20, 28.0, 0.05
surrogate, 20, 28.0, 0.05
surrogate, 20, 27.0, 0.03333333333333333
surrogate, 20, 27.0, 0.03333333333333333
surrogate, 20, 27.0, 0.03333333333333333
surrogate, 20, 27.0, 0.03333333333333333
surrogate, 20, 27.0, 0.03333333333333333
surrogate, 20, 27.0, 0.03333333333333333
surrogate, 20, 27.0, 0.03333333333333333
surrogate, 20, 27.0, 0.03333333333333333
surrogate, 20, 27.0, 0.03333333333333333
surrogate, 20, 27.0, 0.03333333333333333
surrogate, 20, 27.0, 0.03333333333333333
surrogate, 20, 27.0, 0.03333333333333333
surrogate, 20, 27.0, 0.03333333333333333
surrogate, 20, 27.0, 0.03333333333333333
surrogate, 20, 26.0, 0.016666666666666666
surrogate, 20, 26.0, 0.016666666666666666
surrogate, 20, 26.0, 0.016666666666666666
surrogate, 20, 26.0, 0.016666666666666666
surrogate, 20, 26.0, 0.016666666666666666
surrogate, 20, 26.0, 0.016666666666666666
surrogate, 20, 26.0, 0.016666666666666666
surrogate, 20, 26.0, 0.016666666666666666
surrogate, 20, 26.0, 0.016666666666666666
surrogate, 20, 26.0, 0.016666666666666666
surrogate, 20, 26.0, 0.016666666666666666
surrogate, 20, 26.0, 0.016666666666666666
surrogate, 20, 26.0, 0.016666666666666666
surrogate, 20, 26.0, 0.016666666666666666
surrogate, 20, 26.0, 0.016666666666666666
surrogate, 20, 26.0, 0.016666666666666666
surrogate, 20, 26.0, 0.016666666666666666
surrogate, 20, 26.0, 0.016666666666666666
surrogate, 20, 26.0, 0.016666666666666666
surrogate, 20, 26.0, 0.016666666666666666
surrogate, 20, 26.0, 0.016666666666666666
surrogate, 20, 26.0, 0.016666666666666666
surrogate, 20, 26.0, 0.016666666666666666
surrogate, 20, 26.0, 0.016666666666666666
surrogate, 20, 26.0, 0.016666666666666666
surrogate, 20, 26.0, 0.016666666666666666
surrogate, 21, 68.0, 0.7666666666666667
surrogate, 21, 54.0, 0.7166666666666667
surrogate, 21, 41.0, 0.65
surrogate, 21, 41.0, 0.65
surrogate, 21, 36.0, 0.55
surrogate, 21, 36.0, 0.55
surrogate, 21, 36.0, 0.55
surrogate, 21, 36.0, 0.55
surrogate, 21, 35.0, 0.5
surrogate, 21, 35.0, 0.5
surrogate, 21, 35.0, 0.5
surrogate, 21, 35.0, 0.5
surrogate, 21, 35.0, 0.5
surrogate, 21, 35.0, 0.5
surrogate, 21, 35.0, 0.5
surrogate, 21, 35.0, 0.5
surrogate, 21, 33.0, 0.4666666666666667
surrogate, 21, 33.0, 0.4666666666666667
surrogate, 21, 33.0, 0.4666666666666667
surrogate, 21, 33.0, 0.4666666666666667
surrogate, 21, 33.0, 0.4666666666666667
surrogate, 21, 33.0, 0.4666666666666667
surrogate, 21, 32.0, 0.36666666666666664
surrogate, 21, 32.0, 0.36666666666666664
surrogate, 21, 32.0, 0.36666666666666664
surrogate, 21, 32.0, 0.36666666666666664
surrogate, 21, 32.0, 0.36666666666666664
surrogate, 21, 32.0, 0.36666666666666664
surrogate, 21, 32.0, 0.36666666666666664
surrogate, 21, 32.0, 0.36666666666666664
surrogate, 21, 32.0, 0.36666666666666664
surrogate, 21, 32.0, 0.36666666666666664
surrogate, 21, 32.0, 0.36666666666666664
surrogate, 21, 32.0, 0.36666666666666664
surrogate, 21, 32.0, 0.36666666666666664
surrogate, 21, 32.0, 0.36666666666666664
surrogate, 21, 32.0, 0.36666666666666664
surrogate, 21, 32.0, 0.36666666666666664
surrogate, 21, 30.0, 0.1
surrogate, 21, 30.0, 0.1
surrogate, 21, 30.0, 0.1
surrogate, 21, 30.0, 0.1
surrogate, 21, 30.0, 0.1
surrogate, 21, 30.0, 0.1
surrogate, 21, 30.0, 0.1
surrogate, 21, 30.0, 0.1
surrogate, 21, 30.0, 0.1
surrogate, 21, 30.0, 0.1
surrogate, 21, 30.0, 0.1
surrogate, 21, 30.0, 0.1
surrogate, 21, 30.0, 0.1
surrogate, 21, 30.0, 0.1
surrogate, 21, 30.0, 0.1
surrogate, 21, 30.0, 0.1
surrogate, 21, 30.0, 0.1
surrogate, 21, 30.0, 0.1
surrogate, 21, 29.0, 0.06666666666666667
surrogate, 21, 29.0, 0.06666666666666667
surrogate, 21, 29.0, 0.06666666666666667
surrogate, 21, 29.0, 0.06666666666666667
surrogate, 21, 29.0, 0.06666666666666667
surrogate, 21, 29.0, 0.06666666666666667
surrogate, 21, 29.0, 0.06666666666666667
surrogate, 21, 29.0, 0.06666666666666667
surrogate, 21, 29.0, 0.06666666666666667
surrogate, 21, 29.0, 0.06666666666666667
surrogate, 21, 29.0, 0.06666666666666667
surrogate, 21, 29.0, 0.06666666666666667
surrogate, 21, 29.0, 0.06666666666666667
surrogate, 21, 29.0, 0.06666666666666667
surrogate, 21, 28.0, 0.05
surrogate, 21, 28.0, 0.05
surrogate, 21, 28.0, 0.05
surrogate, 21, 28.0, 0.05
surrogate, 21, 28.0, 0.05
surrogate, 21, 28.0, 0.05
surrogate, 21, 28.0, 0.05
surrogate, 21, 28.0, 0.05
surrogate, 21, 28.0, 0.05
surrogate, 21, 28.0, 0.05
surrogate, 21, 27.0, 0.03333333333333333
surrogate, 21, 27.0, 0.03333333333333333
surrogate, 21, 27.0, 0.03333333333333333
surrogate, 21, 27.0, 0.03333333333333333
surrogate, 21, 27.0, 0.03333333333333333
surrogate, 21, 27.0, 0.03333333333333333
surrogate, 21, 27.0, 0.03333333333333333
surrogate, 21, 27.0, 0.03333333333333333
surrogate, 21, 27.0, 0.03333333333333333
surrogate, 21, 27.0, 0.03333333333333333
surrogate, 21, 27.0, 0.03333333333333333
surrogate, 21, 27.0, 0.03333333333333333
surrogate, 21, 27.0, 0.03333333333333333
surrogate, 21, 27.0, 0.03333333333333333
surrogate, 21, 26.0, 0.016666666666666666
surrogate, 21, 26.0, 0.016666666666666666
surrogate, 21, 26.0, 0.016666666666666666
surrogate, 21, 26.0, 0.016666666666666666
surrogate, 21, 26.0, 0.016666666666666666
surrogate, 21, 26.0, 0.016666666666666666
surrogate, 21, 26.0, 0.016666666666666666
surrogate, 21, 26.0, 0.016666666666666666
surrogate, 21, 26.0, 0.016666666666666666
surrogate, 21, 26.0, 0.016666666666666666
surrogate, 21, 26.0, 0.016666666666666666
surrogate, 21, 26.0, 0.016666666666666666
surrogate, 21, 26.0, 0.016666666666666666
surrogate, 21, 26.0, 0.016666666666666666
surrogate, 21, 26.0, 0.016666666666666666
surrogate, 21, 26.0, 0.016666666666666666
surrogate, 21, 26.0, 0.016666666666666666
surrogate, 21, 26.0, 0.016666666666666666
surrogate, 21, 26.0, 0.016666666666666666
surrogate, 21, 26.0, 0.016666666666666666
surrogate, 21, 26.0, 0.016666666666666666
surrogate, 21, 26.0, 0.016666666666666666
surrogate, 21, 26.0, 0.016666666666666666
surrogate, 21, 26.0, 0.016666666666666666
surrogate, 21, 26.0, 0.016666666666666666
surrogate, 21, 26.0, 0.016666666666666666
surrogate, 21, 26.0, 0.016666666666666666
surrogate, 22, 68.0, 0.7666666666666667
surrogate, 22, 52.0, 0.7166666666666667
surrogate, 22, 41.0, 0.65
surrogate, 22, 41.0, 0.65
surrogate, 22, 41.0, 0.65
surrogate, 22, 36.0, 0.55
surrogate, 22, 36.0, 0.55
surrogate, 22, 36.0, 0.55
surrogate, 22, 36.0, 0.55
surrogate, 22, 35.0, 0.5
surrogate, 22, 35.0, 0.5
surrogate, 22, 35.0, 0.5
surrogate, 22, 35.0, 0.5
surrogate, 22, 35.0, 0.5
surrogate, 22, 35.0, 0.5
surrogate, 22, 35.0, 0.5
surrogate, 22, 35.0, 0.5
surrogate, 22, 35.0, 0.5
surrogate, 22, 33.0, 0.4666666666666667
surrogate, 22, 33.0, 0.4666666666666667
surrogate, 22, 33.0, 0.4666666666666667
surrogate, 22, 33.0, 0.4666666666666667
surrogate, 22, 33.0, 0.4666666666666667
surrogate, 22, 33.0, 0.4666666666666667
surrogate, 22, 33.0, 0.4666666666666667
surrogate, 22, 32.0, 0.36666666666666664
surrogate, 22, 32.0, 0.36666666666666664
surrogate, 22, 32.0, 0.36666666666666664
surrogate, 22, 32.0, 0.36666666666666664
surrogate, 22, 32.0, 0.36666666666666664
surrogate, 22, 32.0, 0.36666666666666664
surrogate, 22, 32.0, 0.36666666666666664
surrogate, 22, 32.0, 0.36666666666666664
surrogate, 22, 32.0, 0.36666666666666664
surrogate, 22, 32.0, 0.36666666666666664
surrogate, 22, 32.0, 0.36666666666666664
surrogate, 22, 32.0, 0.36666666666666664
surrogate, 22, 32.0, 0.36666666666666664
surrogate, 22, 32.0, 0.36666666666666664
surrogate, 22, 32.0, 0.36666666666666664
surrogate, 22, 32.0, 0.36666666666666664
surrogate, 22, 32.0, 0.36666666666666664
surrogate, 22, 30.0, 0.1
surrogate, 22, 30.0, 0.1
surrogate, 22, 30.0, 0.1
surrogate, 22, 30.0, 0.1
surrogate, 22, 30.0, 0.1
surrogate, 22, 30.0, 0.1
surrogate, 22, 30.0, 0.1
surrogate, 22, 30.0, 0.1
surrogate, 22, 30.0, 0.1
surrogate, 22, 30.0, 0.1
surrogate, 22, 30.0, 0.1
surrogate, 22, 30.0, 0.1
surrogate, 22, 30.0, 0.1
surrogate, 22, 30.0, 0.1
surrogate, 22, 30.0, 0.1
surrogate, 22, 30.0, 0.1
surrogate, 22, 30.0, 0.1
surrogate, 22, 30.0, 0.1
surrogate, 22, 30.0, 0.1
surrogate, 22, 29.0, 0.06666666666666667
surrogate, 22, 29.0, 0.06666666666666667
surrogate, 22, 29.0, 0.06666666666666667
surrogate, 22, 29.0, 0.06666666666666667
surrogate, 22, 29.0, 0.06666666666666667
surrogate, 22, 29.0, 0.06666666666666667
surrogate, 22, 29.0, 0.06666666666666667
surrogate, 22, 29.0, 0.06666666666666667
surrogate, 22, 29.0, 0.06666666666666667
surrogate, 22, 29.0, 0.06666666666666667
surrogate, 22, 29.0, 0.06666666666666667
surrogate, 22, 29.0, 0.06666666666666667
surrogate, 22, 29.0, 0.06666666666666667
surrogate, 22, 29.0, 0.06666666666666667
surrogate, 22, 29.0, 0.06666666666666667
surrogate, 22, 28.0, 0.05
surrogate, 22, 28.0, 0.05
surrogate, 22, 28.0, 0.05
surrogate, 22, 28.0, 0.05
surrogate, 22, 28.0, 0.05
surrogate, 22, 28.0, 0.05
surrogate, 22, 28.0, 0.05
surrogate, 22, 28.0, 0.05
surrogate, 22, 28.0, 0.05
surrogate, 22, 28.0, 0.05
surrogate, 22, 28.0, 0.05
surrogate, 22, 27.0, 0.03333333333333333
surrogate, 22, 27.0, 0.03333333333333333
surrogate, 22, 27.0, 0.03333333333333333
surrogate, 22, 27.0, 0.03333333333333333
surrogate, 22, 27.0, 0.03333333333333333
surrogate, 22, 27.0, 0.03333333333333333
surrogate, 22, 27.0, 0.03333333333333333
surrogate, 22, 27.0, 0.03333333333333333
surrogate, 22, 27.0, 0.03333333333333333
surrogate, 22, 27.0, 0.03333333333333333
surrogate, 22, 27.0, 0.03333333333333333
surrogate, 22, 27.0, 0.03333333333333333
surrogate, 22, 27.0, 0.03333333333333333
surrogate, 22, 27.0, 0.03333333333333333
surrogate, 22, 26.0, 0.016666666666666666
surrogate, 22, 26.0, 0.016666666666666666
surrogate, 22, 26.0, 0.016666666666666666
surrogate, 22, 26.0, 0.016666666666666666
surrogate, 22, 26.0, 0.016666666666666666
surrogate, 22, 26.0, 0.016666666666666666
surrogate, 22, 26.0, 0.016666666666666666
surrogate, 22, 26.0, 0.016666666666666666
surrogate, 22, 26.0, 0.016666666666666666
surrogate, 22, 26.0, 0.016666666666666666
surrogate, 22, 26.0, 0.016666666666666666
surrogate, 22, 26.0, 0.016666666666666666
surrogate, 22, 26.0, 0.016666666666666666
surrogate, 22, 26.0, 0.016666666666666666
surrogate, 22, 26.0, 0.016666666666666666
surrogate, 22, 26.0, 0.016666666666666666
surrogate, 22, 26.0, 0.016666666666666666
surrogate, 22, 26.0, 0.016666666666666666
surrogate, 22, 26.0, 0.016666666666666666
surrogate, 22, 26.0, 0.016666666666666666
surrogate, 22, 26.0, 0.016666666666666666
surrogate, 22, 26.0, 0.016666666666666666
surrogate, 22, 26.0, 0.016666666666666666
surrogate, 22, 26.0, 0.016666666666666666
surrogate, 22, 26.0, 0.016666666666666666
surrogate, 22, 26.0, 0.016666666666666666
surrogate, 22, 26.0, 0.016666666666666666
surrogate, 23, 68.0, 0.7666666666666667
surrogate, 23, 52.0, 0.7166666666666667
surrogate, 23, 41.0, 0.65
surrogate, 23, 41.0, 0.65
surrogate, 23, 41.0, 0.65
surrogate, 23, 41.0, 0.65
surrogate, 23, 36.0, 0.55
surrogate, 23, 36.0, 0.55
surrogate, 23, 36.0, 0.55
surrogate, 23, 36.0, 0.55
surrogate, 23, 35.0, 0.5
surrogate, 23, 35.0, 0.5
surrogate, 23, 35.0, 0.5
surrogate, 23, 35.0, 0.5
surrogate, 23, 35.0, 0.5
surrogate, 23, 35.0, 0.5
surrogate, 23, 35.0, 0.5
surrogate, 23, 35.0, 0.5
surrogate, 23, 35.0, 0.5
surrogate, 23, 35.0, 0.5
surrogate, 23, 33.0, 0.4666666666666667
surrogate, 23, 33.0, 0.4666666666666667
surrogate, 23, 33.0, 0.4666666666666667
surrogate, 23, 33.0, 0.4666666666666667
surrogate, 23, 33.0, 0.4666666666666667
surrogate, 23, 33.0, 0.4666666666666667
surrogate, 23, 33.0, 0.4666666666666667
surrogate, 23, 33.0, 0.4666666666666667
surrogate, 23, 32.0, 0.36666666666666664
surrogate, 23, 32.0, 0.36666666666666664
surrogate, 23, 32.0, 0.36666666666666664
surrogate, 23, 32.0, 0.36666666666666664
surrogate, 23, 32.0, 0.36666666666666664
surrogate, 23, 32.0, 0.36666666666666664
surrogate, 23, 32.0, 0.36666666666666664
surrogate, 23, 32.0, 0.36666666666666664
surrogate, 23, 32.0, 0.36666666666666664
surrogate, 23, 32.0, 0.36666666666666664
surrogate, 23, 32.0, 0.36666666666666664
surrogate, 23, 32.0, 0.36666666666666664
surrogate, 23, 32.0, 0.36666666666666664
surrogate, 23, 32.0, 0.36666666666666664
surrogate, 23, 32.0, 0.36666666666666664
surrogate, 23, 32.0, 0.36666666666666664
surrogate, 23, 32.0, 0.36666666666666664
surrogate, 23, 32.0, 0.36666666666666664
surrogate, 23, 30.0, 0.1
surrogate, 23, 30.0, 0.1
surrogate, 23, 30.0, 0.1
surrogate, 23, 30.0, 0.1
surrogate, 23, 30.0, 0.1
surrogate, 23, 30.0, 0.1
surrogate, 23, 30.0, 0.1
surrogate, 23, 30.0, 0.1
surrogate, 23, 30.0, 0.1
surrogate, 23, 30.0, 0.1
surrogate, 23, 30.0, 0.1
surrogate, 23, 30.0, 0.1
surrogate, 23, 30.0, 0.1
surrogate, 23, 30.0, 0.1
surrogate, 23, 30.0, 0.1
surrogate, 23, 30.0, 0.1
surrogate, 23, 30.0, 0.1
surrogate, 23, 30.0, 0.1
surrogate, 23, 30.0, 0.1
surrogate, 23, 29.0, 0.06666666666666667
surrogate, 23, 29.0, 0.06666666666666667
surrogate, 23, 29.0, 0.06666666666666667
surrogate, 23, 29.0, 0.06666666666666667
surrogate, 23, 29.0, 0.06666666666666667
surrogate, 23, 29.0, 0.06666666666666667
surrogate, 23, 29.0, 0.06666666666666667
surrogate, 23, 29.0, 0.06666666666666667
surrogate, 23, 29.0, 0.06666666666666667
surrogate, 23, 29.0, 0.06666666666666667
surrogate, 23, 29.0, 0.06666666666666667
surrogate, 23, 29.0, 0.06666666666666667
surrogate, 23, 29.0, 0.06666666666666667
surrogate, 23, 29.0, 0.06666666666666667
surrogate, 23, 29.0, 0.06666666666666667
surrogate, 23, 29.0, 0.06666666666666667
surrogate, 23, 28.0, 0.05
surrogate, 23, 28.0, 0.05
surrogate, 23, 28.0, 0.05
surrogate, 23, 28.0, 0.05
surrogate, 23, 28.0, 0.05
surrogate, 23, 28.0, 0.05
surrogate, 23, 28.0, 0.05
surrogate, 23, 28.0, 0.05
surrogate, 23, 28.0, 0.05
surrogate, 23, 28.0, 0.05
surrogate, 23, 28.0, 0.05
surrogate, 23, 28.0, 0.05
surrogate, 23, 27.0, 0.03333333333333333
surrogate, 23, 27.0, 0.03333333333333333
surrogate, 23, 27.0, 0.03333333333333333
surrogate, 23, 27.0, 0.03333333333333333
surrogate, 23, 27.0, 0.03333333333333333
surrogate, 23, 27.0, 0.03333333333333333
surrogate, 23, 27.0, 0.03333333333333333
surrogate, 23, 27.0, 0.03333333333333333
surrogate, 23, 27.0, 0.03333333333333333
surrogate, 23, 27.0, 0.03333333333333333
surrogate, 23, 27.0, 0.03333333333333333
surrogate, 23, 27.0, 0.03333333333333333
surrogate, 23, 27.0, 0.03333333333333333
surrogate, 23, 27.0, 0.03333333333333333
surrogate, 23, 26.0, 0.016666666666666666
surrogate, 23, 26.0, 0.016666666666666666
surrogate, 23, 26.0, 0.016666666666666666
surrogate, 23, 26.0, 0.016666666666666666
surrogate, 23, 26.0, 0.016666666666666666
surrogate, 23, 26.0, 0.016666666666666666
surrogate, 23, 26.0, 0.016666666666666666
surrogate, 23, 26.0, 0.016666666666666666
surrogate, 23, 26.0, 0.016666666666666666
surrogate, 23, 26.0, 0.016666666666666666
surrogate, 23, 26.0, 0.016666666666666666
surrogate, 23, 26.0, 0.016666666666666666
surrogate, 23, 26.0, 0.016666666666666666
surrogate, 23, 26.0, 0.016666666666666666
surrogate, 23, 26.0, 0.016666666666666666
surrogate, 23, 26.0, 0.016666666666666666
surrogate, 23, 26.0, 0.016666666666666666
surrogate, 23, 26.0, 0.016666666666666666
surrogate, 23, 26.0, 0.016666666666666666
surrogate, 23, 26.0, 0.016666666666666666
surrogate, 23, 26.0, 0.016666666666666666
surrogate, 23, 26.0, 0.016666666666666666
surrogate, 23, 26.0, 0.016666666666666666
surrogate, 23, 26.0, 0.016666666666666666
surrogate, 23, 26.0, 0.016666666666666666
surrogate, 23, 26.0, 0.016666666666666666
surrogate, 23, 26.0, 0.016666666666666666
surrogate, 23, 26.0, 0.016666666666666666
surrogate, 24, 68.0, 0.7666666666666667
surrogate, 24, 68.0, 0.7666666666666667
surrogate, 24, 52.0, 0.7166666666666667
surrogate, 24, 41.0, 0.65
surrogate, 24, 41.0, 0.65
surrogate, 24, 41.0, 0.65
surrogate, 24, 41.0, 0.65
surrogate, 24, 41.0, 0.65
surrogate, 24, 36.0, 0.55
surrogate, 24, 36.0, 0.55
surrogate, 24, 36.0, 0.55
surrogate, 24, 36.0, 0.55
surrogate, 24, 35.0, 0.5
surrogate, 24, 35.0, 0.5
surrogate, 24, 35.0, 0.5
surrogate, 24, 35.0, 0.5
surrogate, 24, 35.0, 0.5
surrogate, 24, 35.0, 0.5
surrogate, 24, 35.0, 0.5
surrogate, 24, 35.0, 0.5
surrogate, 24, 35.0, 0.5
surrogate, 24, 35.0, 0.5
surrogate, 24, 35.0, 0.5
surrogate, 24, 33.0, 0.4666666666666667
surrogate, 24, 33.0, 0.4666666666666667
surrogate, 24, 33.0, 0.4666666666666667
surrogate, 24, 33.0, 0.4666666666666667
surrogate, 24, 33.0, 0.4666666666666667
surrogate, 24, 33.0, 0.4666666666666667
surrogate, 24, 33.0, 0.4666666666666667
surrogate, 24, 33.0, 0.4666666666666667
surrogate, 24, 33.0, 0.4666666666666667
surrogate, 24, 32.0, 0.36666666666666664
surrogate, 24, 32.0, 0.36666666666666664
surrogate, 24, 32.0, 0.36666666666666664
surrogate, 24, 32.0, 0.36666666666666664
surrogate, 24, 32.0, 0.36666666666666664
surrogate, 24, 32.0, 0.36666666666666664
surrogate, 24, 32.0, 0.36666666666666664
surrogate, 24, 32.0, 0.36666666666666664
surrogate, 24, 32.0, 0.36666666666666664
surrogate, 24, 32.0, 0.36666666666666664
surrogate, 24, 32.0, 0.36666666666666664
surrogate, 24, 32.0, 0.36666666666666664
surrogate, 24, 32.0, 0.36666666666666664
surrogate, 24, 32.0, 0.36666666666666664
surrogate, 24, 32.0, 0.36666666666666664
surrogate, 24, 32.0, 0.36666666666666664
surrogate, 24, 32.0, 0.36666666666666664
surrogate, 24, 32.0, 0.36666666666666664
surrogate, 24, 32.0, 0.36666666666666664
surrogate, 24, 30.0, 0.1
surrogate, 24, 30.0, 0.1
surrogate, 24, 30.0, 0.1
surrogate, 24, 30.0, 0.1
surrogate, 24, 30.0, 0.1
surrogate, 24, 30.0, 0.1
surrogate, 24, 30.0, 0.1
surrogate, 24, 30.0, 0.1
surrogate, 24, 30.0, 0.1
surrogate, 24, 30.0, 0.1
surrogate, 24, 30.0, 0.1
surrogate, 24, 30.0, 0.1
surrogate, 24, 30.0, 0.1
surrogate, 24, 30.0, 0.1
surrogate, 24, 30.0, 0.1
surrogate, 24, 30.0, 0.1
surrogate, 24, 30.0, 0.1
surrogate, 24, 30.0, 0.1
surrogate, 24, 30.0, 0.1
surrogate, 24, 30.0, 0.1
surrogate, 24, 29.0, 0.06666666666666667
surrogate, 24, 29.0, 0.06666666666666667
surrogate, 24, 29.0, 0.06666666666666667
surrogate, 24, 29.0, 0.06666666666666667
surrogate, 24, 29.0, 0.06666666666666667
surrogate, 24, 29.0, 0.06666666666666667
surrogate, 24, 29.0, 0.06666666666666667
surrogate, 24, 29.0, 0.06666666666666667
surrogate, 24, 29.0, 0.06666666666666667
surrogate, 24, 29.0, 0.06666666666666667
surrogate, 24, 29.0, 0.06666666666666667
surrogate, 24, 29.0, 0.06666666666666667
surrogate, 24, 29.0, 0.06666666666666667
surrogate, 24, 29.0, 0.06666666666666667
surrogate, 24, 29.0, 0.06666666666666667
surrogate, 24, 29.0, 0.06666666666666667
surrogate, 24, 29.0, 0.06666666666666667
surrogate, 24, 28.0, 0.05
surrogate, 24, 28.0, 0.05
surrogate, 24, 28.0, 0.05
surrogate, 24, 28.0, 0.05
surrogate, 24, 28.0, 0.05
surrogate, 24, 28.0, 0.05
surrogate, 24, 28.0, 0.05
surrogate, 24, 28.0, 0.05
surrogate, 24, 28.0, 0.05
surrogate, 24, 28.0, 0.05
surrogate, 24, 28.0, 0.05
surrogate, 24, 28.0, 0.05
surrogate, 24, 28.0, 0.05
surrogate, 24, 27.0, 0.03333333333333333
surrogate, 24, 27.0, 0.03333333333333333
surrogate, 24, 27.0, 0.03333333333333333
surrogate, 24, 27.0, 0.03333333333333333
surrogate, 24, 27.0, 0.03333333333333333
surrogate, 24, 27.0, 0.03333333333333333
surrogate, 24, 27.0, 0.03333333333333333
surrogate, 24, 27.0, 0.03333333333333333
surrogate, 24, 27.0, 0.03333333333333333
surrogate, 24, 27.0, 0.03333333333333333
surrogate, 24, 27.0, 0.03333333333333333
surrogate, 24, 27.0, 0.03333333333333333
surrogate, 24, 27.0, 0.03333333333333333
surrogate, 24, 27.0, 0.03333333333333333
surrogate, 24, 26.0, 0.016666666666666666
surrogate, 24, 26.0, 0.016666666666666666
surrogate, 24, 26.0, 0.016666666666666666
surrogate, 24, 26.0, 0.016666666666666666
surrogate, 24, 26.0, 0.016666666666666666
surrogate, 24, 26.0, 0.016666666666666666
surrogate, 24, 26.0, 0.016666666666666666
surrogate, 24, 26.0, 0.016666666666666666
surrogate, 24, 26.0, 0.016666666666666666
surrogate, 24, 26.0, 0.016666666666666666
surrogate, 24, 26.0, 0.016666666666666666
surrogate, 24, 26.0, 0.016666666666666666
surrogate, 24, 26.0, 0.016666666666666666
surrogate, 24, 26.0, 0.016666666666666666
surrogate, 24, 26.0, 0.016666666666666666
surrogate, 24, 26.0, 0.016666666666666666
surrogate, 24, 26.0, 0.016666666666666666
surrogate, 24, 26.0, 0.016666666666666666
surrogate, 24, 26.0, 0.016666666666666666
surrogate, 24, 26.0, 0.016666666666666666
surrogate, 24, 26.0, 0.016666666666666666
surrogate, 24, 26.0, 0.016666666666666666
surrogate, 24, 26.0, 0.016666666666666666
surrogate, 24, 26.0, 0.016666666666666666
surrogate, 24, 26.0, 0.016666666666666666
surrogate, 24, 26.0, 0.016666666666666666
surrogate, 24, 26.0, 0.016666666666666666
surrogate, 24, 26.0, 0.016666666666666666
surrogate, 24, 26.0, 0.016666666666666666
surrogate, 25, 68.0, 0.7666666666666667
surrogate, 25, 68.0, 0.7666666666666667
surrogate, 25, 68.0, 0.7666666666666667
surrogate, 25, 52.0, 0.7166666666666667
surrogate, 25, 48.0, 0.6833333333333333
surrogate, 25, 41.0, 0.65
surrogate, 25, 41.0, 0.65
surrogate, 25, 41.0, 0.65
surrogate, 25, 41.0, 0.65
surrogate, 25, 41.0, 0.65
surrogate, 25, 36.0, 0.55
surrogate, 25, 36.0, 0.55
surrogate, 25, 36.0, 0.55
surrogate, 25, 36.0, 0.55
surrogate, 25, 34.0, 0.5
surrogate, 25, 33.0, 0.4666666666666667
surrogate, 25, 33.0, 0.4666666666666667
surrogate, 25, 33.0, 0.4666666666666667
surrogate, 25, 33.0, 0.4666666666666667
surrogate, 25, 33.0, 0.4666666666666667
surrogate, 25, 33.0, 0.4666666666666667
surrogate, 25, 33.0, 0.4666666666666667
surrogate, 25, 33.0, 0.4666666666666667
surrogate, 25, 33.0, 0.4666666666666667
surrogate, 25, 32.0, 0.36666666666666664
surrogate, 25, 32.0, 0.36666666666666664
surrogate, 25, 32.0, 0.36666666666666664
surrogate, 25, 32.0, 0.36666666666666664
surrogate, 25, 32.0, 0.36666666666666664
surrogate, 25, 32.0, 0.36666666666666664
surrogate, 25, 32.0, 0.36666666666666664
surrogate, 25, 32.0, 0.36666666666666664
surrogate, 25, 32.0, 0.36666666666666664
surrogate, 25, 32.0, 0.36666666666666664
surrogate, 25, 32.0, 0.36666666666666664
surrogate, 25, 32.0, 0.36666666666666664
surrogate, 25, 32.0, 0.36666666666666664
surrogate, 25, 32.0, 0.36666666666666664
surrogate, 25, 32.0, 0.36666666666666664
surrogate, 25, 32.0, 0.36666666666666664
surrogate, 25, 32.0, 0.36666666666666664
surrogate, 25, 32.0, 0.36666666666666664
surrogate, 25, 32.0, 0.36666666666666664
surrogate, 25, 30.0, 0.1
surrogate, 25, 30.0, 0.1
surrogate, 25, 30.0, 0.1
surrogate, 25, 30.0, 0.1
surrogate, 25, 30.0, 0.1
surrogate, 25, 30.0, 0.1
surrogate, 25, 30.0, 0.1
surrogate, 25, 30.0, 0.1
surrogate, 25, 30.0, 0.1
surrogate, 25, 30.0, 0.1
surrogate, 25, 30.0, 0.1
surrogate, 25, 30.0, 0.1
surrogate, 25, 30.0, 0.1
surrogate, 25, 30.0, 0.1
surrogate, 25, 30.0, 0.1
surrogate, 25, 30.0, 0.1
surrogate, 25, 30.0, 0.1
surrogate, 25, 30.0, 0.1
surrogate, 25, 30.0, 0.1
surrogate, 25, 30.0, 0.1
surrogate, 25, 30.0, 0.1
surrogate, 25, 29.0, 0.06666666666666667
surrogate, 25, 29.0, 0.06666666666666667
surrogate, 25, 29.0, 0.06666666666666667
surrogate, 25, 29.0, 0.06666666666666667
surrogate, 25, 29.0, 0.06666666666666667
surrogate, 25, 29.0, 0.06666666666666667
surrogate, 25, 29.0, 0.06666666666666667
surrogate, 25, 29.0, 0.06666666666666667
surrogate, 25, 29.0, 0.06666666666666667
surrogate, 25, 29.0, 0.06666666666666667
surrogate, 25, 29.0, 0.06666666666666667
surrogate, 25, 29.0, 0.06666666666666667
surrogate, 25, 29.0, 0.06666666666666667
surrogate, 25, 29.0, 0.06666666666666667
surrogate, 25, 29.0, 0.06666666666666667
surrogate, 25, 29.0, 0.06666666666666667
surrogate, 25, 29.0, 0.06666666666666667
surrogate, 25, 29.0, 0.06666666666666667
surrogate, 25, 28.0, 0.05
surrogate, 25, 28.0, 0.05
surrogate, 25, 28.0, 0.05
surrogate, 25, 28.0, 0.05
surrogate, 25, 28.0, 0.05
surrogate, 25, 28.0, 0.05
surrogate, 25, 28.0, 0.05
surrogate, 25, 28.0, 0.05
surrogate, 25, 28.0, 0.05
surrogate, 25, 28.0, 0.05
surrogate, 25, 28.0, 0.05
surrogate, 25, 28.0, 0.05
surrogate, 25, 28.0, 0.05
surrogate, 25, 27.0, 0.03333333333333333
surrogate, 25, 27.0, 0.03333333333333333
surrogate, 25, 27.0, 0.03333333333333333
surrogate, 25, 27.0, 0.03333333333333333
surrogate, 25, 27.0, 0.03333333333333333
surrogate, 25, 27.0, 0.03333333333333333
surrogate, 25, 27.0, 0.03333333333333333
surrogate, 25, 27.0, 0.03333333333333333
surrogate, 25, 27.0, 0.03333333333333333
surrogate, 25, 27.0, 0.03333333333333333
surrogate, 25, 27.0, 0.03333333333333333
surrogate, 25, 27.0, 0.03333333333333333
surrogate, 25, 27.0, 0.03333333333333333
surrogate, 25, 27.0, 0.03333333333333333
surrogate, 25, 26.0, 0.016666666666666666
surrogate, 25, 26.0, 0.016666666666666666
surrogate, 25, 26.0, 0.016666666666666666
surrogate, 25, 26.0, 0.016666666666666666
surrogate, 25, 26.0, 0.016666666666666666
surrogate, 25, 26.0, 0.016666666666666666
surrogate, 25, 26.0, 0.016666666666666666
surrogate, 25, 26.0, 0.016666666666666666
surrogate, 25, 26.0, 0.016666666666666666
surrogate, 25, 26.0, 0.016666666666666666
surrogate, 25, 26.0, 0.016666666666666666
surrogate, 25, 26.0, 0.016666666666666666
surrogate, 25, 26.0, 0.016666666666666666
surrogate, 25, 26.0, 0.016666666666666666
surrogate, 25, 26.0, 0.016666666666666666
surrogate, 25, 26.0, 0.016666666666666666
surrogate, 25, 26.0, 0.016666666666666666
surrogate, 25, 26.0, 0.016666666666666666
surrogate, 25, 26.0, 0.016666666666666666
surrogate, 25, 26.0, 0.016666666666666666
surrogate, 25, 26.0, 0.016666666666666666
surrogate, 25, 26.0, 0.016666666666666666
surrogate, 25, 26.0, 0.016666666666666666
surrogate, 25, 26.0, 0.016666666666666666
surrogate, 25, 26.0, 0.016666666666666666
surrogate, 25, 26.0, 0.016666666666666666
surrogate, 25, 26.0, 0.016666666666666666
surrogate, 25, 26.0, 0.016666666666666666
surrogate, 25, 26.0, 0.016666666666666666
surrogate, 25, 26.0, 0.016666666666666666
surrogate, 26, 68.0, 0.7666666666666667
surrogate, 26, 68.0, 0.7666666666666667
surrogate, 26, 68.0, 0.7666666666666667
surrogate, 26, 52.0, 0.7166666666666667
surrogate, 26, 48.0, 0.6833333333333333
surrogate, 26, 41.0, 0.65
surrogate, 26, 41.0, 0.65
surrogate, 26, 41.0, 0.65
surrogate, 26, 41.0, 0.65
surrogate, 26, 41.0, 0.65
surrogate, 26, 36.0, 0.55
surrogate, 26, 36.0, 0.55
surrogate, 26, 36.0, 0.55
surrogate, 26, 36.0, 0.55
surrogate, 26, 34.0, 0.5
surrogate, 26, 34.0, 0.5
surrogate, 26, 33.0, 0.4666666666666667
surrogate, 26, 33.0, 0.4666666666666667
surrogate, 26, 33.0, 0.4666666666666667
surrogate, 26, 33.0, 0.4666666666666667
surrogate, 26, 33.0, 0.4666666666666667
surrogate, 26, 33.0, 0.4666666666666667
surrogate, 26, 33.0, 0.4666666666666667
surrogate, 26, 33.0, 0.4666666666666667
surrogate, 26, 33.0, 0.4666666666666667
surrogate, 26, 32.0, 0.36666666666666664
surrogate, 26, 32.0, 0.36666666666666664
surrogate, 26, 32.0, 0.36666666666666664
surrogate, 26, 32.0, 0.36666666666666664
surrogate, 26, 32.0, 0.36666666666666664
surrogate, 26, 32.0, 0.36666666666666664
surrogate, 26, 32.0, 0.36666666666666664
surrogate, 26, 32.0, 0.36666666666666664
surrogate, 26, 32.0, 0.36666666666666664
surrogate, 26, 32.0, 0.36666666666666664
surrogate, 26, 32.0, 0.36666666666666664
surrogate, 26, 32.0, 0.36666666666666664
surrogate, 26, 32.0, 0.36666666666666664
surrogate, 26, 32.0, 0.36666666666666664
surrogate, 26, 32.0, 0.36666666666666664
surrogate, 26, 32.0, 0.36666666666666664
surrogate, 26, 32.0, 0.36666666666666664
surrogate, 26, 32.0, 0.36666666666666664
surrogate, 26, 32.0, 0.36666666666666664
surrogate, 26, 30.0, 0.1
surrogate, 26, 30.0, 0.1
surrogate, 26, 30.0, 0.1
surrogate, 26, 30.0, 0.1
surrogate, 26, 30.0, 0.1
surrogate, 26, 30.0, 0.1
surrogate, 26, 30.0, 0.1
surrogate, 26, 30.0, 0.1
surrogate, 26, 30.0, 0.1
surrogate, 26, 30.0, 0.1
surrogate, 26, 30.0, 0.1
surrogate, 26, 30.0, 0.1
surrogate, 26, 30.0, 0.1
surrogate, 26, 30.0, 0.1
surrogate, 26, 30.0, 0.1
surrogate, 26, 30.0, 0.1
surrogate, 26, 30.0, 0.1
surrogate, 26, 30.0, 0.1
surrogate, 26, 30.0, 0.1
surrogate, 26, 30.0, 0.1
surrogate, 26, 30.0, 0.1
surrogate, 26, 30.0, 0.1
surrogate, 26, 29.0, 0.06666666666666667
surrogate, 26, 29.0, 0.06666666666666667
surrogate, 26, 29.0, 0.06666666666666667
surrogate, 26, 29.0, 0.06666666666666667
surrogate, 26, 29.0, 0.06666666666666667
surrogate, 26, 29.0, 0.06666666666666667
surrogate, 26, 29.0, 0.06666666666666667
surrogate, 26, 29.0, 0.06666666666666667
surrogate, 26, 29.0, 0.06666666666666667
surrogate, 26, 29.0, 0.06666666666666667
surrogate, 26, 29.0, 0.06666666666666667
surrogate, 26, 29.0, 0.06666666666666667
surrogate, 26, 29.0, 0.06666666666666667
surrogate, 26, 29.0, 0.06666666666666667
surrogate, 26, 29.0, 0.06666666666666667
surrogate, 26, 29.0, 0.06666666666666667
surrogate, 26, 29.0, 0.06666666666666667
surrogate, 26, 29.0, 0.06666666666666667
surrogate, 26, 29.0, 0.06666666666666667
surrogate, 26, 28.0, 0.05
surrogate, 26, 28.0, 0.05
surrogate, 26, 28.0, 0.05
surrogate, 26, 28.0, 0.05
surrogate, 26, 28.0, 0.05
surrogate, 26, 28.0, 0.05
surrogate, 26, 28.0, 0.05
surrogate, 26, 28.0, 0.05
surrogate, 26, 28.0, 0.05
surrogate, 26, 28.0, 0.05
surrogate, 26, 28.0, 0.05
surrogate, 26, 28.0, 0.05
surrogate, 26, 28.0, 0.05
surrogate, 26, 27.0, 0.03333333333333333
surrogate, 26, 27.0, 0.03333333333333333
surrogate, 26, 27.0, 0.03333333333333333
surrogate, 26, 27.0, 0.03333333333333333
surrogate, 26, 27.0, 0.03333333333333333
surrogate, 26, 27.0, 0.03333333333333333
surrogate, 26, 27.0, 0.03333333333333333
surrogate, 26, 27.0, 0.03333333333333333
surrogate, 26, 27.0, 0.03333333333333333
surrogate, 26, 27.0, 0.03333333333333333
surrogate, 26, 27.0, 0.03333333333333333
surrogate, 26, 27.0, 0.03333333333333333
surrogate, 26, 27.0, 0.03333333333333333
surrogate, 26, 27.0, 0.03333333333333333
surrogate, 26, 26.0, 0.016666666666666666
surrogate, 26, 26.0, 0.016666666666666666
surrogate, 26, 26.0, 0.016666666666666666
surrogate, 26, 26.0, 0.016666666666666666
surrogate, 26, 26.0, 0.016666666666666666
surrogate, 26, 26.0, 0.016666666666666666
surrogate, 26, 26.0, 0.016666666666666666
surrogate, 26, 26.0, 0.016666666666666666
surrogate, 26, 26.0, 0.016666666666666666
surrogate, 26, 26.0, 0.016666666666666666
surrogate, 26, 26.0, 0.016666666666666666
surrogate, 26, 26.0, 0.016666666666666666
surrogate, 26, 26.0, 0.016666666666666666
surrogate, 26, 26.0, 0.016666666666666666
surrogate, 26, 26.0, 0.016666666666666666
surrogate, 26, 26.0, 0.016666666666666666
surrogate, 26, 26.0, 0.016666666666666666
surrogate, 26, 26.0, 0.016666666666666666
surrogate, 26, 26.0, 0.016666666666666666
surrogate, 26, 26.0, 0.016666666666666666
surrogate, 26, 26.0, 0.016666666666666666
surrogate, 26, 26.0, 0.016666666666666666
surrogate, 26, 26.0, 0.016666666666666666
surrogate, 26, 26.0, 0.016666666666666666
surrogate, 26, 26.0, 0.016666666666666666
surrogate, 26, 26.0, 0.016666666666666666
surrogate, 26, 26.0, 0.016666666666666666
surrogate, 26, 26.0, 0.016666666666666666
surrogate, 26, 26.0, 0.016666666666666666
surrogate, 26, 26.0, 0.016666666666666666
surrogate, 26, 26.0, 0.016666666666666666
surrogate, 27, 68.0, 0.7666666666666667
surrogate, 27, 68.0, 0.7666666666666667
surrogate, 27, 68.0, 0.7666666666666667
surrogate, 27, 68.0, 0.7666666666666667
surrogate, 27, 52.0, 0.7166666666666667
surrogate, 27, 48.0, 0.6833333333333333
surrogate, 27, 48.0, 0.6833333333333333
surrogate, 27, 41.0, 0.65
surrogate, 27, 41.0, 0.65
surrogate, 27, 41.0, 0.65
surrogate, 27, 41.0, 0.65
surrogate, 27, 41.0, 0.65
surrogate, 27, 41.0, 0.65
surrogate, 27, 36.0, 0.55
surrogate, 27, 36.0, 0.55
surrogate, 27, 36.0, 0.55
surrogate, 27, 36.0, 0.55
surrogate, 27, 34.0, 0.5
surrogate, 27, 34.0, 0.5
surrogate, 27, 34.0, 0.5
surrogate, 27, 33.0, 0.4666666666666667
surrogate, 27, 33.0, 0.4666666666666667
surrogate, 27, 33.0, 0.4666666666666667
surrogate, 27, 33.0, 0.4666666666666667
surrogate, 27, 33.0, 0.4666666666666667
surrogate, 27, 33.0, 0.4666666666666667
surrogate, 27, 33.0, 0.4666666666666667
surrogate, 27, 33.0, 0.4666666666666667
surrogate, 27, 33.0, 0.4666666666666667
surrogate, 27, 32.0, 0.36666666666666664
surrogate, 27, 32.0, 0.36666666666666664
surrogate, 27, 32.0, 0.36666666666666664
surrogate, 27, 32.0, 0.36666666666666664
surrogate, 27, 32.0, 0.36666666666666664
surrogate, 27, 32.0, 0.36666666666666664
surrogate, 27, 32.0, 0.36666666666666664
surrogate, 27, 32.0, 0.36666666666666664
surrogate, 27, 32.0, 0.36666666666666664
surrogate, 27, 32.0, 0.36666666666666664
surrogate, 27, 32.0, 0.36666666666666664
surrogate, 27, 32.0, 0.36666666666666664
surrogate, 27, 32.0, 0.36666666666666664
surrogate, 27, 32.0, 0.36666666666666664
surrogate, 27, 32.0, 0.36666666666666664
surrogate, 27, 32.0, 0.36666666666666664
surrogate, 27, 32.0, 0.36666666666666664
surrogate, 27, 32.0, 0.36666666666666664
surrogate, 27, 32.0, 0.36666666666666664
surrogate, 27, 32.0, 0.36666666666666664
surrogate, 27, 30.0, 0.1
surrogate, 27, 30.0, 0.1
surrogate, 27, 30.0, 0.1
surrogate, 27, 30.0, 0.1
surrogate, 27, 30.0, 0.1
surrogate, 27, 30.0, 0.1
surrogate, 27, 30.0, 0.1
surrogate, 27, 30.0, 0.1
surrogate, 27, 30.0, 0.1
surrogate, 27, 30.0, 0.1
surrogate, 27, 30.0, 0.1
surrogate, 27, 30.0, 0.1
surrogate, 27, 30.0, 0.1
surrogate, 27, 30.0, 0.1
surrogate, 27, 30.0, 0.1
surrogate, 27, 30.0, 0.1
surrogate, 27, 30.0, 0.1
surrogate, 27, 30.0, 0.1
surrogate, 27, 30.0, 0.1
surrogate, 27, 30.0, 0.1
surrogate, 27, 30.0, 0.1
surrogate, 27, 30.0, 0.1
surrogate, 27, 29.0, 0.06666666666666667
surrogate, 27, 29.0, 0.06666666666666667
surrogate, 27, 29.0, 0.06666666666666667
surrogate, 27, 29.0, 0.06666666666666667
surrogate, 27, 29.0, 0.06666666666666667
surrogate, 27, 29.0, 0.06666666666666667
surrogate, 27, 29.0, 0.06666666666666667
surrogate, 27, 29.0, 0.06666666666666667
surrogate, 27, 29.0, 0.06666666666666667
surrogate, 27, 29.0, 0.06666666666666667
surrogate, 27, 29.0, 0.06666666666666667
surrogate, 27, 29.0, 0.06666666666666667
surrogate, 27, 29.0, 0.06666666666666667
surrogate, 27, 29.0, 0.06666666666666667
surrogate, 27, 29.0, 0.06666666666666667
surrogate, 27, 29.0, 0.06666666666666667
surrogate, 27, 29.0, 0.06666666666666667
surrogate, 27, 29.0, 0.06666666666666667
surrogate, 27, 29.0, 0.06666666666666667
surrogate, 27, 29.0, 0.06666666666666667
surrogate, 27, 28.0, 0.05
surrogate, 27, 28.0, 0.05
surrogate, 27, 28.0, 0.05
surrogate, 27, 28.0, 0.05
surrogate, 27, 28.0, 0.05
surrogate, 27, 28.0, 0.05
surrogate, 27, 28.0, 0.05
surrogate, 27, 28.0, 0.05
surrogate, 27, 28.0, 0.05
surrogate, 27, 28.0, 0.05
surrogate, 27, 28.0, 0.05
surrogate, 27, 28.0, 0.05
surrogate, 27, 28.0, 0.05
surrogate, 27, 27.0, 0.03333333333333333
surrogate, 27, 27.0, 0.03333333333333333
surrogate, 27, 27.0, 0.03333333333333333
surrogate, 27, 27.0, 0.03333333333333333
surrogate, 27, 27.0, 0.03333333333333333
surrogate, 27, 27.0, 0.03333333333333333
surrogate, 27, 27.0, 0.03333333333333333
surrogate, 27, 27.0, 0.03333333333333333
surrogate, 27, 27.0, 0.03333333333333333
surrogate, 27, 27.0, 0.03333333333333333
surrogate, 27, 27.0, 0.03333333333333333
surrogate, 27, 27.0, 0.03333333333333333
surrogate, 27, 27.0, 0.03333333333333333
surrogate, 27, 27.0, 0.03333333333333333
surrogate, 27, 26.0, 0.016666666666666666
surrogate, 27, 26.0, 0.016666666666666666
surrogate, 27, 26.0, 0.016666666666666666
surrogate, 27, 26.0, 0.016666666666666666
surrogate, 27, 26.0, 0.016666666666666666
surrogate, 27, 26.0, 0.016666666666666666
surrogate, 27, 26.0, 0.016666666666666666
surrogate, 27, 26.0, 0.016666666666666666
surrogate, 27, 26.0, 0.016666666666666666
surrogate, 27, 26.0, 0.016666666666666666
surrogate, 27, 26.0, 0.016666666666666666
surrogate, 27, 26.0, 0.016666666666666666
surrogate, 27, 26.0, 0.016666666666666666
surrogate, 27, 26.0, 0.016666666666666666
surrogate, 27, 26.0, 0.016666666666666666
surrogate, 27, 26.0, 0.016666666666666666
surrogate, 27, 26.0, 0.016666666666666666
surrogate, 27, 26.0, 0.016666666666666666
surrogate, 27, 26.0, 0.016666666666666666
surrogate, 27, 26.0, 0.016666666666666666
surrogate, 27, 26.0, 0.016666666666666666
surrogate, 27, 26.0, 0.016666666666666666
surrogate, 27, 26.0, 0.016666666666666666
surrogate, 27, 26.0, 0.016666666666666666
surrogate, 27, 26.0, 0.016666666666666666
surrogate, 27, 26.0, 0.016666666666666666
surrogate, 27, 26.0, 0.016666666666666666
surrogate, 27, 26.0, 0.016666666666666666
surrogate, 27, 26.0, 0.016666666666666666
surrogate, 27, 26.0, 0.016666666666666666
surrogate, 27, 26.0, 0.016666666666666666
surrogate, 27, 26.0, 0.016666666666666666
surrogate, 28, 68.0, 0.7666666666666667
surrogate, 28, 68.0, 0.7666666666666667
surrogate, 28, 68.0, 0.7666666666666667
surrogate, 28, 68.0, 0.7666666666666667
surrogate, 28, 52.0, 0.7166666666666667
surrogate, 28, 48.0, 0.6833333333333333
surrogate, 28, 48.0, 0.6833333333333333
surrogate, 28, 41.0, 0.65
surrogate, 28, 41.0, 0.65
surrogate, 28, 41.0, 0.65
surrogate, 28, 41.0, 0.65
surrogate, 28, 41.0, 0.65
surrogate, 28, 41.0, 0.65
surrogate, 28, 41.0, 0.65
surrogate, 28, 36.0, 0.55
surrogate, 28, 36.0, 0.55
surrogate, 28, 36.0, 0.55
surrogate, 28, 36.0, 0.55
surrogate, 28, 36.0, 0.55
surrogate, 28, 34.0, 0.5
surrogate, 28, 34.0, 0.5
surrogate, 28, 34.0, 0.5
surrogate, 28, 34.0, 0.5
surrogate, 28, 33.0, 0.4666666666666667
surrogate, 28, 33.0, 0.4666666666666667
surrogate, 28, 33.0, 0.4666666666666667
surrogate, 28, 33.0, 0.4666666666666667
surrogate, 28, 33.0, 0.4666666666666667
surrogate, 28, 33.0, 0.4666666666666667
surrogate, 28, 33.0, 0.4666666666666667
surrogate, 28, 33.0, 0.4666666666666667
surrogate, 28, 33.0, 0.4666666666666667
surrogate, 28, 32.0, 0.36666666666666664
surrogate, 28, 32.0, 0.36666666666666664
surrogate, 28, 32.0, 0.36666666666666664
surrogate, 28, 32.0, 0.36666666666666664
surrogate, 28, 32.0, 0.36666666666666664
surrogate, 28, 32.0, 0.36666666666666664
surrogate, 28, 32.0, 0.36666666666666664
surrogate, 28, 32.0, 0.36666666666666664
surrogate, 28, 32.0, 0.36666666666666664
surrogate, 28, 32.0, 0.36666666666666664
surrogate, 28, 32.0, 0.36666666666666664
surrogate, 28, 32.0, 0.36666666666666664
surrogate, 28, 32.0, 0.36666666666666664
surrogate, 28, 32.0, 0.36666666666666664
surrogate, 28, 32.0, 0.36666666666666664
surrogate, 28, 32.0, 0.36666666666666664
surrogate, 28, 32.0, 0.36666666666666664
surrogate, 28, 32.0, 0.36666666666666664
surrogate, 28, 32.0, 0.36666666666666664
surrogate, 28, 32.0, 0.36666666666666664
surrogate, 28, 32.0, 0.36666666666666664
surrogate, 28, 30.0, 0.1
surrogate, 28, 30.0, 0.1
surrogate, 28, 30.0, 0.1
surrogate, 28, 30.0, 0.1
surrogate, 28, 30.0, 0.1
surrogate, 28, 30.0, 0.1
surrogate, 28, 30.0, 0.1
surrogate, 28, 30.0, 0.1
surrogate, 28, 30.0, 0.1
surrogate, 28, 30.0, 0.1
surrogate, 28, 30.0, 0.1
surrogate, 28, 30.0, 0.1
surrogate, 28, 30.0, 0.1
surrogate, 28, 30.0, 0.1
surrogate, 28, 30.0, 0.1
surrogate, 28, 30.0, 0.1
surrogate, 28, 30.0, 0.1
surrogate, 28, 30.0, 0.1
surrogate, 28, 30.0, 0.1
surrogate, 28, 30.0, 0.1
surrogate, 28, 30.0, 0.1
surrogate, 28, 30.0, 0.1
surrogate, 28, 30.0, 0.1
surrogate, 28, 29.0, 0.06666666666666667
surrogate, 28, 29.0, 0.06666666666666667
surrogate, 28, 29.0, 0.06666666666666667
surrogate, 28, 29.0, 0.06666666666666667
surrogate, 28, 29.0, 0.06666666666666667
surrogate, 28, 29.0, 0.06666666666666667
surrogate, 28, 29.0, 0.06666666666666667
surrogate, 28, 29.0, 0.06666666666666667
surrogate, 28, 29.0, 0.06666666666666667
surrogate, 28, 29.0, 0.06666666666666667
surrogate, 28, 29.0, 0.06666666666666667
surrogate, 28, 29.0, 0.06666666666666667
surrogate, 28, 29.0, 0.06666666666666667
surrogate, 28, 29.0, 0.06666666666666667
surrogate, 28, 29.0, 0.06666666666666667
surrogate, 28, 29.0, 0.06666666666666667
surrogate, 28, 29.0, 0.06666666666666667
surrogate, 28, 29.0, 0.06666666666666667
surrogate, 28, 29.0, 0.06666666666666667
surrogate, 28, 29.0, 0.06666666666666667
surrogate, 28, 29.0, 0.06666666666666667
surrogate, 28, 28.0, 0.05
surrogate, 28, 28.0, 0.05
surrogate, 28, 28.0, 0.05
surrogate, 28, 28.0, 0.05
surrogate, 28, 28.0, 0.05
surrogate, 28, 28.0, 0.05
surrogate, 28, 28.0, 0.05
surrogate, 28, 28.0, 0.05
surrogate, 28, 28.0, 0.05
surrogate, 28, 28.0, 0.05
surrogate, 28, 28.0, 0.05
surrogate, 28, 28.0, 0.05
surrogate, 28, 28.0, 0.05
surrogate, 28, 27.0, 0.03333333333333333
surrogate, 28, 27.0, 0.03333333333333333
surrogate, 28, 27.0, 0.03333333333333333
surrogate, 28, 27.0, 0.03333333333333333
surrogate, 28, 27.0, 0.03333333333333333
surrogate, 28, 27.0, 0.03333333333333333
surrogate, 28, 27.0, 0.03333333333333333
surrogate, 28, 27.0, 0.03333333333333333
surrogate, 28, 27.0, 0.03333333333333333
surrogate, 28, 27.0, 0.03333333333333333
surrogate, 28, 27.0, 0.03333333333333333
surrogate, 28, 27.0, 0.03333333333333333
surrogate, 28, 27.0, 0.03333333333333333
surrogate, 28, 27.0, 0.03333333333333333
surrogate, 28, 26.0, 0.016666666666666666
surrogate, 28, 26.0, 0.016666666666666666
surrogate, 28, 26.0, 0.016666666666666666
surrogate, 28, 26.0, 0.016666666666666666
surrogate, 28, 26.0, 0.016666666666666666
surrogate, 28, 26.0, 0.016666666666666666
surrogate, 28, 26.0, 0.016666666666666666
surrogate, 28, 26.0, 0.016666666666666666
surrogate, 28, 26.0, 0.016666666666666666
surrogate, 28, 26.0, 0.016666666666666666
surrogate, 28, 26.0, 0.016666666666666666
surrogate, 28, 26.0, 0.016666666666666666
surrogate, 28, 26.0, 0.016666666666666666
surrogate, 28, 26.0, 0.016666666666666666
surrogate, 28, 26.0, 0.016666666666666666
surrogate, 28, 26.0, 0.016666666666666666
surrogate, 28, 26.0, 0.016666666666666666
surrogate, 28, 26.0, 0.016666666666666666
surrogate, 28, 26.0, 0.016666666666666666
surrogate, 28, 26.0, 0.016666666666666666
surrogate, 28, 26.0, 0.016666666666666666
surrogate, 28, 26.0, 0.016666666666666666
surrogate, 28, 26.0, 0.016666666666666666
surrogate, 28, 26.0, 0.016666666666666666
surrogate, 28, 26.0, 0.016666666666666666
surrogate, 28, 26.0, 0.016666666666666666
surrogate, 28, 26.0, 0.016666666666666666
surrogate, 28, 26.0, 0.016666666666666666
surrogate, 28, 26.0, 0.016666666666666666
surrogate, 28, 26.0, 0.016666666666666666
surrogate, 28, 26.0, 0.016666666666666666
surrogate, 28, 26.0, 0.016666666666666666
surrogate, 28, 26.0, 0.016666666666666666
surrogate, 29, 68.0, 0.7666666666666667
surrogate, 29, 68.0, 0.7666666666666667
surrogate, 29, 68.0, 0.7666666666666667
surrogate, 29, 68.0, 0.7666666666666667
surrogate, 29, 52.0, 0.7166666666666667
surrogate, 29, 45.0, 0.6833333333333333
surrogate, 29, 41.0, 0.65
surrogate, 29, 41.0, 0.65
surrogate, 29, 41.0, 0.65
surrogate, 29, 41.0, 0.65
surrogate, 29, 41.0, 0.65
surrogate, 29, 41.0, 0.65
surrogate, 29, 41.0, 0.65
surrogate, 29, 36.0, 0.55
surrogate, 29, 36.0, 0.55
surrogate, 29, 36.0, 0.55
surrogate, 29, 36.0, 0.55
surrogate, 29, 36.0, 0.55
surrogate, 29, 36.0, 0.55
surrogate, 29, 34.0, 0.5
surrogate, 29, 34.0, 0.5
surrogate, 29, 34.0, 0.5
surrogate, 29, 34.0, 0.5
surrogate, 29, 33.0, 0.4666666666666667
surrogate, 29, 33.0, 0.4666666666666667
surrogate, 29, 33.0, 0.4666666666666667
surrogate, 29, 33.0, 0.4666666666666667
surrogate, 29, 33.0, 0.4666666666666667
surrogate, 29, 33.0, 0.4666666666666667
surrogate, 29, 33.0, 0.4666666666666667
surrogate, 29, 33.0, 0.4666666666666667
surrogate, 29, 33.0, 0.4666666666666667
surrogate, 29, 32.0, 0.36666666666666664
surrogate, 29, 32.0, 0.36666666666666664
surrogate, 29, 32.0, 0.36666666666666664
surrogate, 29, 32.0, 0.36666666666666664
surrogate, 29, 32.0, 0.36666666666666664
surrogate, 29, 32.0, 0.36666666666666664
surrogate, 29, 32.0, 0.36666666666666664
surrogate, 29, 32.0, 0.36666666666666664
surrogate, 29, 32.0, 0.36666666666666664
surrogate, 29, 32.0, 0.36666666666666664
surrogate, 29, 32.0, 0.36666666666666664
surrogate, 29, 32.0, 0.36666666666666664
surrogate, 29, 32.0, 0.36666666666666664
surrogate, 29, 32.0, 0.36666666666666664
surrogate, 29, 32.0, 0.36666666666666664
surrogate, 29, 32.0, 0.36666666666666664
surrogate, 29, 32.0, 0.36666666666666664
surrogate, 29, 32.0, 0.36666666666666664
surrogate, 29, 32.0, 0.36666666666666664
surrogate, 29, 32.0, 0.36666666666666664
surrogate, 29, 32.0, 0.36666666666666664
surrogate, 29, 31.0, 0.26666666666666666
surrogate, 29, 30.0, 0.1
surrogate, 29, 30.0, 0.1
surrogate, 29, 30.0, 0.1
surrogate, 29, 30.0, 0.1
surrogate, 29, 30.0, 0.1
surrogate, 29, 30.0, 0.1
surrogate, 29, 30.0, 0.1
surrogate, 29, 30.0, 0.1
surrogate, 29, 30.0, 0.1
surrogate, 29, 30.0, 0.1
surrogate, 29, 30.0, 0.1
surrogate, 29, 30.0, 0.1
surrogate, 29, 30.0, 0.1
surrogate, 29, 30.0, 0.1
surrogate, 29, 30.0, 0.1
surrogate, 29, 30.0, 0.1
surrogate, 29, 30.0, 0.1
surrogate, 29, 30.0, 0.1
surrogate, 29, 30.0, 0.1
surrogate, 29, 30.0, 0.1
surrogate, 29, 30.0, 0.1
surrogate, 29, 30.0, 0.1
surrogate, 29, 30.0, 0.1
surrogate, 29, 30.0, 0.1
surrogate, 29, 29.0, 0.06666666666666667
surrogate, 29, 29.0, 0.06666666666666667
surrogate, 29, 29.0, 0.06666666666666667
surrogate, 29, 29.0, 0.06666666666666667
surrogate, 29, 29.0, 0.06666666666666667
surrogate, 29, 29.0, 0.06666666666666667
surrogate, 29, 29.0, 0.06666666666666667
surrogate, 29, 29.0, 0.06666666666666667
surrogate, 29, 29.0, 0.06666666666666667
surrogate, 29, 29.0, 0.06666666666666667
surrogate, 29, 29.0, 0.06666666666666667
surrogate, 29, 29.0, 0.06666666666666667
surrogate, 29, 29.0, 0.06666666666666667
surrogate, 29, 29.0, 0.06666666666666667
surrogate, 29, 29.0, 0.06666666666666667
surrogate, 29, 29.0, 0.06666666666666667
surrogate, 29, 29.0, 0.06666666666666667
surrogate, 29, 29.0, 0.06666666666666667
surrogate, 29, 29.0, 0.06666666666666667
surrogate, 29, 29.0, 0.06666666666666667
surrogate, 29, 29.0, 0.06666666666666667
surrogate, 29, 29.0, 0.06666666666666667
surrogate, 29, 28.0, 0.05
surrogate, 29, 28.0, 0.05
surrogate, 29, 28.0, 0.05
surrogate, 29, 28.0, 0.05
surrogate, 29, 28.0, 0.05
surrogate, 29, 28.0, 0.05
surrogate, 29, 28.0, 0.05
surrogate, 29, 28.0, 0.05
surrogate, 29, 28.0, 0.05
surrogate, 29, 28.0, 0.05
surrogate, 29, 28.0, 0.05
surrogate, 29, 28.0, 0.05
surrogate, 29, 28.0, 0.05
surrogate, 29, 27.0, 0.03333333333333333
surrogate, 29, 27.0, 0.03333333333333333
surrogate, 29, 27.0, 0.03333333333333333
surrogate, 29, 27.0, 0.03333333333333333
surrogate, 29, 27.0, 0.03333333333333333
surrogate, 29, 27.0, 0.03333333333333333
surrogate, 29, 27.0, 0.03333333333333333
surrogate, 29, 27.0, 0.03333333333333333
surrogate, 29, 27.0, 0.03333333333333333
surrogate, 29, 27.0, 0.03333333333333333
surrogate, 29, 27.0, 0.03333333333333333
surrogate, 29, 27.0, 0.03333333333333333
surrogate, 29, 27.0, 0.03333333333333333
surrogate, 29, 27.0, 0.03333333333333333
surrogate, 29, 26.0, 0.016666666666666666
surrogate, 29, 26.0, 0.016666666666666666
surrogate, 29, 26.0, 0.016666666666666666
surrogate, 29, 26.0, 0.016666666666666666
surrogate, 29, 26.0, 0.016666666666666666
surrogate, 29, 26.0, 0.016666666666666666
surrogate, 29, 26.0, 0.016666666666666666
surrogate, 29, 26.0, 0.016666666666666666
surrogate, 29, 26.0, 0.016666666666666666
surrogate, 29, 26.0, 0.016666666666666666
surrogate, 29, 26.0, 0.016666666666666666
surrogate, 29, 26.0, 0.016666666666666666
surrogate, 29, 26.0, 0.016666666666666666
surrogate, 29, 26.0, 0.016666666666666666
surrogate, 29, 26.0, 0.016666666666666666
surrogate, 29, 26.0, 0.016666666666666666
surrogate, 29, 26.0, 0.016666666666666666
surrogate, 29, 26.0, 0.016666666666666666
surrogate, 29, 26.0, 0.016666666666666666
surrogate, 29, 26.0, 0.016666666666666666
surrogate, 29, 26.0, 0.016666666666666666
surrogate, 29, 26.0, 0.016666666666666666
surrogate, 29, 26.0, 0.016666666666666666
surrogate, 29, 26.0, 0.016666666666666666
surrogate, 29, 26.0, 0.016666666666666666
surrogate, 29, 26.0, 0.016666666666666666
surrogate, 29, 26.0, 0.016666666666666666
surrogate, 29, 26.0, 0.016666666666666666
surrogate, 29, 26.0, 0.016666666666666666
surrogate, 29, 26.0, 0.016666666666666666
surrogate, 29, 26.0, 0.016666666666666666
surrogate, 29, 26.0, 0.016666666666666666
surrogate, 29, 26.0, 0.016666666666666666
surrogate, 29, 26.0, 0.016666666666666666
surrogate, 30, 68.0, 0.7666666666666667
surrogate, 30, 68.0, 0.7666666666666667
surrogate, 30, 68.0, 0.7666666666666667
surrogate, 30, 68.0, 0.7666666666666667
surrogate, 30, 52.0, 0.7166666666666667
surrogate, 30, 45.0, 0.6833333333333333
surrogate, 30, 41.0, 0.65
surrogate, 30, 41.0, 0.65
surrogate, 30, 41.0, 0.65
surrogate, 30, 41.0, 0.65
surrogate, 30, 41.0, 0.65
surrogate, 30, 41.0, 0.65
surrogate, 30, 41.0, 0.65
surrogate, 30, 41.0, 0.65
surrogate, 30, 36.0, 0.55
surrogate, 30, 36.0, 0.55
surrogate, 30, 36.0, 0.55
surrogate, 30, 36.0, 0.55
surrogate, 30, 36.0, 0.55
surrogate, 30, 36.0, 0.55
surrogate, 30, 36.0, 0.55
surrogate, 30, 34.0, 0.5
surrogate, 30, 34.0, 0.5
surrogate, 30, 34.0, 0.5
surrogate, 30, 34.0, 0.5
surrogate, 30, 33.0, 0.4666666666666667
surrogate, 30, 33.0, 0.4666666666666667
surrogate, 30, 33.0, 0.4666666666666667
surrogate, 30, 33.0, 0.4666666666666667
surrogate, 30, 33.0, 0.4666666666666667
surrogate, 30, 33.0, 0.4666666666666667
surrogate, 30, 33.0, 0.4666666666666667
surrogate, 30, 33.0, 0.4666666666666667
surrogate, 30, 33.0, 0.4666666666666667
surrogate, 30, 32.0, 0.36666666666666664
surrogate, 30, 32.0, 0.36666666666666664
surrogate, 30, 32.0, 0.36666666666666664
surrogate, 30, 32.0, 0.36666666666666664
surrogate, 30, 32.0, 0.36666666666666664
surrogate, 30, 32.0, 0.36666666666666664
surrogate, 30, 32.0, 0.36666666666666664
surrogate, 30, 32.0, 0.36666666666666664
surrogate, 30, 32.0, 0.36666666666666664
surrogate, 30, 32.0, 0.36666666666666664
surrogate, 30, 32.0, 0.36666666666666664
surrogate, 30, 32.0, 0.36666666666666664
surrogate, 30, 32.0, 0.36666666666666664
surrogate, 30, 32.0, 0.36666666666666664
surrogate, 30, 32.0, 0.36666666666666664
surrogate, 30, 32.0, 0.36666666666666664
surrogate, 30, 32.0, 0.36666666666666664
surrogate, 30, 32.0, 0.36666666666666664
surrogate, 30, 32.0, 0.36666666666666664
surrogate, 30, 32.0, 0.36666666666666664
surrogate, 30, 32.0, 0.36666666666666664
surrogate, 30, 32.0, 0.36666666666666664
surrogate, 30, 31.0, 0.26666666666666666
surrogate, 30, 31.0, 0.26666666666666666
surrogate, 30, 30.0, 0.1
surrogate, 30, 30.0, 0.1
surrogate, 30, 30.0, 0.1
surrogate, 30, 30.0, 0.1
surrogate, 30, 30.0, 0.1
surrogate, 30, 30.0, 0.1
surrogate, 30, 30.0, 0.1
surrogate, 30, 30.0, 0.1
surrogate, 30, 30.0, 0.1
surrogate, 30, 30.0, 0.1
surrogate, 30, 30.0, 0.1
surrogate, 30, 30.0, 0.1
surrogate, 30, 30.0, 0.1
surrogate, 30, 30.0, 0.1
surrogate, 30, 30.0, 0.1
surrogate, 30, 30.0, 0.1
surrogate, 30, 30.0, 0.1
surrogate, 30, 30.0, 0.1
surrogate, 30, 30.0, 0.1
surrogate, 30, 30.0, 0.1
surrogate, 30, 30.0, 0.1
surrogate, 30, 30.0, 0.1
surrogate, 30, 30.0, 0.1
surrogate, 30, 30.0, 0.1
surrogate, 30, 30.0, 0.1
surrogate, 30, 29.0, 0.06666666666666667
surrogate, 30, 29.0, 0.06666666666666667
surrogate, 30, 29.0, 0.06666666666666667
surrogate, 30, 29.0, 0.06666666666666667
surrogate, 30, 29.0, 0.06666666666666667
surrogate, 30, 29.0, 0.06666666666666667
surrogate, 30, 29.0, 0.06666666666666667
surrogate, 30, 29.0, 0.06666666666666667
surrogate, 30, 29.0, 0.06666666666666667
surrogate, 30, 29.0, 0.06666666666666667
surrogate, 30, 29.0, 0.06666666666666667
surrogate, 30, 29.0, 0.06666666666666667
surrogate, 30, 29.0, 0.06666666666666667
surrogate, 30, 29.0, 0.06666666666666667
surrogate, 30, 29.0, 0.06666666666666667
surrogate, 30, 29.0, 0.06666666666666667
surrogate, 30, 29.0, 0.06666666666666667
surrogate, 30, 29.0, 0.06666666666666667
surrogate, 30, 29.0, 0.06666666666666667
surrogate, 30, 29.0, 0.06666666666666667
surrogate, 30, 29.0, 0.06666666666666667
surrogate, 30, 29.0, 0.06666666666666667
surrogate, 30, 28.0, 0.05
surrogate, 30, 28.0, 0.05
surrogate, 30, 28.0, 0.05
surrogate, 30, 28.0, 0.05
surrogate, 30, 28.0, 0.05
surrogate, 30, 28.0, 0.05
surrogate, 30, 28.0, 0.05
surrogate, 30, 28.0, 0.05
surrogate, 30, 28.0, 0.05
surrogate, 30, 28.0, 0.05
surrogate, 30, 28.0, 0.05
surrogate, 30, 28.0, 0.05
surrogate, 30, 28.0, 0.05
surrogate, 30, 27.0, 0.03333333333333333
surrogate, 30, 27.0, 0.03333333333333333
surrogate, 30, 27.0, 0.03333333333333333
surrogate, 30, 27.0, 0.03333333333333333
surrogate, 30, 27.0, 0.03333333333333333
surrogate, 30, 27.0, 0.03333333333333333
surrogate, 30, 27.0, 0.03333333333333333
surrogate, 30, 27.0, 0.03333333333333333
surrogate, 30, 27.0, 0.03333333333333333
surrogate, 30, 27.0, 0.03333333333333333
surrogate, 30, 27.0, 0.03333333333333333
surrogate, 30, 27.0, 0.03333333333333333
surrogate, 30, 27.0, 0.03333333333333333
surrogate, 30, 27.0, 0.03333333333333333
surrogate, 30, 26.0, 0.016666666666666666
surrogate, 30, 26.0, 0.016666666666666666
surrogate, 30, 26.0, 0.016666666666666666
surrogate, 30, 26.0, 0.016666666666666666
surrogate, 30, 26.0, 0.016666666666666666
surrogate, 30, 26.0, 0.016666666666666666
surrogate, 30, 26.0, 0.016666666666666666
surrogate, 30, 26.0, 0.016666666666666666
surrogate, 30, 26.0, 0.016666666666666666
surrogate, 30, 26.0, 0.016666666666666666
surrogate, 30, 26.0, 0.016666666666666666
surrogate, 30, 26.0, 0.016666666666666666
surrogate, 30, 26.0, 0.016666666666666666
surrogate, 30, 26.0, 0.016666666666666666
surrogate, 30, 26.0, 0.016666666666666666
surrogate, 30, 26.0, 0.016666666666666666
surrogate, 30, 26.0, 0.016666666666666666
surrogate, 30, 26.0, 0.016666666666666666
surrogate, 30, 26.0, 0.016666666666666666
surrogate, 30, 26.0, 0.016666666666666666
surrogate, 30, 26.0, 0.016666666666666666
surrogate, 30, 26.0, 0.016666666666666666
surrogate, 30, 26.0, 0.016666666666666666
surrogate, 30, 26.0, 0.016666666666666666
surrogate, 30, 26.0, 0.016666666666666666
surrogate, 30, 26.0, 0.016666666666666666
surrogate, 30, 26.0, 0.016666666666666666
surrogate, 30, 26.0, 0.016666666666666666
surrogate, 30, 26.0, 0.016666666666666666
surrogate, 30, 26.0, 0.016666666666666666
surrogate, 30, 26.0, 0.016666666666666666
surrogate, 30, 26.0, 0.016666666666666666
surrogate, 30, 26.0, 0.016666666666666666
surrogate, 30, 26.0, 0.016666666666666666
surrogate, 30, 26.0, 0.016666666666666666
surrogate, 31, 68.0, 0.7666666666666667
surrogate, 31, 68.0, 0.7666666666666667
surrogate, 31, 68.0, 0.7666666666666667
surrogate, 31, 68.0, 0.7666666666666667
surrogate, 31, 68.0, 0.7666666666666667
surrogate, 31, 52.0, 0.7166666666666667
surrogate, 31, 52.0, 0.7166666666666667
surrogate, 31, 45.0, 0.6833333333333333
surrogate, 31, 45.0, 0.6833333333333333
surrogate, 31, 41.0, 0.65
surrogate, 31, 41.0, 0.65
surrogate, 31, 41.0, 0.65
surrogate, 31, 41.0, 0.65
surrogate, 31, 41.0, 0.65
surrogate, 31, 41.0, 0.65
surrogate, 31, 41.0, 0.65
surrogate, 31, 41.0, 0.65
surrogate, 31, 36.0, 0.55
surrogate, 31, 36.0, 0.55
surrogate, 31, 36.0, 0.55
surrogate, 31, 36.0, 0.55
surrogate, 31, 36.0, 0.55
surrogate, 31, 36.0, 0.55
surrogate, 31, 36.0, 0.55
surrogate, 31, 33.0, 0.5
surrogate, 31, 32.0, 0.36666666666666664
surrogate, 31, 32.0, 0.36666666666666664
surrogate, 31, 32.0, 0.36666666666666664
surrogate, 31, 32.0, 0.36666666666666664
surrogate, 31, 32.0, 0.36666666666666664
surrogate, 31, 32.0, 0.36666666666666664
surrogate, 31, 32.0, 0.36666666666666664
surrogate, 31, 32.0, 0.36666666666666664
surrogate, 31, 32.0, 0.36666666666666664
surrogate, 31, 32.0, 0.36666666666666664
surrogate, 31, 32.0, 0.36666666666666664
surrogate, 31, 32.0, 0.36666666666666664
surrogate, 31, 32.0, 0.36666666666666664
surrogate, 31, 32.0, 0.36666666666666664
surrogate, 31, 32.0, 0.36666666666666664
surrogate, 31, 32.0, 0.36666666666666664
surrogate, 31, 32.0, 0.36666666666666664
surrogate, 31, 32.0, 0.36666666666666664
surrogate, 31, 32.0, 0.36666666666666664
surrogate, 31, 32.0, 0.36666666666666664
surrogate, 31, 32.0, 0.36666666666666664
surrogate, 31, 32.0, 0.36666666666666664
surrogate, 31, 32.0, 0.36666666666666664
surrogate, 31, 30.0, 0.26666666666666666
surrogate, 31, 29.0, 0.06666666666666667
surrogate, 31, 29.0, 0.06666666666666667
surrogate, 31, 29.0, 0.06666666666666667
surrogate, 31, 29.0, 0.06666666666666667
surrogate, 31, 29.0, 0.06666666666666667
surrogate, 31, 29.0, 0.06666666666666667
surrogate, 31, 29.0, 0.06666666666666667
surrogate, 31, 29.0, 0.06666666666666667
surrogate, 31, 29.0, 0.06666666666666667
surrogate, 31, 29.0, 0.06666666666666667
surrogate, 31, 29.0, 0.06666666666666667
surrogate, 31, 29.0, 0.06666666666666667
surrogate, 31, 29.0, 0.06666666666666667
surrogate, 31, 29.0, 0.06666666666666667
surrogate, 31, 29.0, 0.06666666666666667
surrogate, 31, 29.0, 0.06666666666666667
surrogate, 31, 29.0, 0.06666666666666667
surrogate, 31, 29.0, 0.06666666666666667
surrogate, 31, 29.0, 0.06666666666666667
surrogate, 31, 29.0, 0.06666666666666667
surrogate, 31, 29.0, 0.06666666666666667
surrogate, 31, 29.0, 0.06666666666666667
surrogate, 31, 28.0, 0.05
surrogate, 31, 28.0, 0.05
surrogate, 31, 28.0, 0.05
surrogate, 31, 28.0, 0.05
surrogate, 31, 28.0, 0.05
surrogate, 31, 28.0, 0.05
surrogate, 31, 28.0, 0.05
surrogate, 31, 28.0, 0.05
surrogate, 31, 28.0, 0.05
surrogate, 31, 28.0, 0.05
surrogate, 31, 28.0, 0.05
surrogate, 31, 28.0, 0.05
surrogate, 31, 28.0, 0.05
surrogate, 31, 28.0, 0.05
surrogate, 31, 27.0, 0.03333333333333333
surrogate, 31, 27.0, 0.03333333333333333
surrogate, 31, 27.0, 0.03333333333333333
surrogate, 31, 27.0, 0.03333333333333333
surrogate, 31, 27.0, 0.03333333333333333
surrogate, 31, 27.0, 0.03333333333333333
surrogate, 31, 27.0, 0.03333333333333333
surrogate, 31, 27.0, 0.03333333333333333
surrogate, 31, 27.0, 0.03333333333333333
surrogate, 31, 27.0, 0.03333333333333333
surrogate, 31, 27.0, 0.03333333333333333
surrogate, 31, 27.0, 0.03333333333333333
surrogate, 31, 27.0, 0.03333333333333333
surrogate, 31, 27.0, 0.03333333333333333
surrogate, 31, 26.0, 0.016666666666666666
surrogate, 31, 26.0, 0.016666666666666666
surrogate, 31, 26.0, 0.016666666666666666
surrogate, 31, 26.0, 0.016666666666666666
surrogate, 31, 26.0, 0.016666666666666666
surrogate, 31, 26.0, 0.016666666666666666
surrogate, 31, 26.0, 0.016666666666666666
surrogate, 31, 26.0, 0.016666666666666666
surrogate, 31, 26.0, 0.016666666666666666
surrogate, 31, 26.0, 0.016666666666666666
surrogate, 31, 26.0, 0.016666666666666666
surrogate, 31, 26.0, 0.016666666666666666
surrogate, 31, 26.0, 0.016666666666666666
surrogate, 31, 26.0, 0.016666666666666666
surrogate, 31, 26.0, 0.016666666666666666
surrogate, 31, 26.0, 0.016666666666666666
surrogate, 31, 26.0, 0.016666666666666666
surrogate, 31, 26.0, 0.016666666666666666
surrogate, 31, 26.0, 0.016666666666666666
surrogate, 31, 26.0, 0.016666666666666666
surrogate, 31, 26.0, 0.016666666666666666
surrogate, 31, 26.0, 0.016666666666666666
surrogate, 31, 26.0, 0.016666666666666666
surrogate, 31, 26.0, 0.016666666666666666
surrogate, 31, 26.0, 0.016666666666666666
surrogate, 31, 26.0, 0.016666666666666666
surrogate, 31, 26.0, 0.016666666666666666
surrogate, 31, 26.0, 0.016666666666666666
surrogate, 31, 26.0, 0.016666666666666666
surrogate, 31, 26.0, 0.016666666666666666
surrogate, 31, 26.0, 0.016666666666666666
surrogate, 31, 26.0, 0.016666666666666666
surrogate, 31, 26.0, 0.016666666666666666
surrogate, 31, 26.0, 0.016666666666666666
surrogate, 31, 26.0, 0.016666666666666666
surrogate, 31, 26.0, 0.016666666666666666
surrogate, 31, 26.0, 0.016666666666666666
surrogate, 32, 68.0, 0.7666666666666667
surrogate, 32, 68.0, 0.7666666666666667
surrogate, 32, 68.0, 0.7666666666666667
surrogate, 32, 68.0, 0.7666666666666667
surrogate, 32, 68.0, 0.7666666666666667
surrogate, 32, 52.0, 0.7166666666666667
surrogate, 32, 52.0, 0.7166666666666667
surrogate, 32, 52.0, 0.7166666666666667
surrogate, 32, 45.0, 0.6833333333333333
surrogate, 32, 45.0, 0.6833333333333333
surrogate, 32, 45.0, 0.6833333333333333
surrogate, 32, 41.0, 0.65
surrogate, 32, 41.0, 0.65
surrogate, 32, 41.0, 0.65
surrogate, 32, 41.0, 0.65
surrogate, 32, 41.0, 0.65
surrogate, 32, 41.0, 0.65
surrogate, 32, 41.0, 0.65
surrogate, 32, 41.0, 0.65
surrogate, 32, 41.0, 0.65
surrogate, 32, 36.0, 0.55
surrogate, 32, 36.0, 0.55
surrogate, 32, 36.0, 0.55
surrogate, 32, 36.0, 0.55
surrogate, 32, 36.0, 0.55
surrogate, 32, 36.0, 0.55
surrogate, 32, 36.0, 0.55
surrogate, 32, 33.0, 0.5
surrogate, 32, 32.0, 0.36666666666666664
surrogate, 32, 32.0, 0.36666666666666664
surrogate, 32, 32.0, 0.36666666666666664
surrogate, 32, 32.0, 0.36666666666666664
surrogate, 32, 32.0, 0.36666666666666664
surrogate, 32, 32.0, 0.36666666666666664
surrogate, 32, 32.0, 0.36666666666666664
surrogate, 32, 32.0, 0.36666666666666664
surrogate, 32, 32.0, 0.36666666666666664
surrogate, 32, 32.0, 0.36666666666666664
surrogate, 32, 32.0, 0.36666666666666664
surrogate, 32, 32.0, 0.36666666666666664
surrogate, 32, 32.0, 0.36666666666666664
surrogate, 32, 32.0, 0.36666666666666664
surrogate, 32, 32.0, 0.36666666666666664
surrogate, 32, 32.0, 0.36666666666666664
surrogate, 32, 32.0, 0.36666666666666664
surrogate, 32, 32.0, 0.36666666666666664
surrogate, 32, 32.0, 0.36666666666666664
surrogate, 32, 32.0, 0.36666666666666664
surrogate, 32, 32.0, 0.36666666666666664
surrogate, 32, 32.0, 0.36666666666666664
surrogate, 32, 32.0, 0.36666666666666664
surrogate, 32, 32.0, 0.36666666666666664
surrogate, 32, 30.0, 0.26666666666666666
surrogate, 32, 30.0, 0.26666666666666666
surrogate, 32, 29.0, 0.06666666666666667
surrogate, 32, 29.0, 0.06666666666666667
surrogate, 32, 29.0, 0.06666666666666667
surrogate, 32, 29.0, 0.06666666666666667
surrogate, 32, 29.0, 0.06666666666666667
surrogate, 32, 29.0, 0.06666666666666667
surrogate, 32, 29.0, 0.06666666666666667
surrogate, 32, 29.0, 0.06666666666666667
surrogate, 32, 29.0, 0.06666666666666667
surrogate, 32, 29.0, 0.06666666666666667
surrogate, 32, 29.0, 0.06666666666666667
surrogate, 32, 29.0, 0.06666666666666667
surrogate, 32, 29.0, 0.06666666666666667
surrogate, 32, 29.0, 0.06666666666666667
surrogate, 32, 29.0, 0.06666666666666667
surrogate, 32, 29.0, 0.06666666666666667
surrogate, 32, 29.0, 0.06666666666666667
surrogate, 32, 29.0, 0.06666666666666667
surrogate, 32, 29.0, 0.06666666666666667
surrogate, 32, 29.0, 0.06666666666666667
surrogate, 32, 29.0, 0.06666666666666667
surrogate, 32, 29.0, 0.06666666666666667
surrogate, 32, 28.0, 0.05
surrogate, 32, 28.0, 0.05
surrogate, 32, 28.0, 0.05
surrogate, 32, 28.0, 0.05
surrogate, 32, 28.0, 0.05
surrogate, 32, 28.0, 0.05
surrogate, 32, 28.0, 0.05
surrogate, 32, 28.0, 0.05
surrogate, 32, 28.0, 0.05
surrogate, 32, 28.0, 0.05
surrogate, 32, 28.0, 0.05
surrogate, 32, 28.0, 0.05
surrogate, 32, 28.0, 0.05
surrogate, 32, 28.0, 0.05
surrogate, 32, 28.0, 0.05
surrogate, 32, 27.0, 0.03333333333333333
surrogate, 32, 27.0, 0.03333333333333333
surrogate, 32, 27.0, 0.03333333333333333
surrogate, 32, 27.0, 0.03333333333333333
surrogate, 32, 27.0, 0.03333333333333333
surrogate, 32, 27.0, 0.03333333333333333
surrogate, 32, 27.0, 0.03333333333333333
surrogate, 32, 27.0, 0.03333333333333333
surrogate, 32, 27.0, 0.03333333333333333
surrogate, 32, 27.0, 0.03333333333333333
surrogate, 32, 27.0, 0.03333333333333333
surrogate, 32, 27.0, 0.03333333333333333
surrogate, 32, 27.0, 0.03333333333333333
surrogate, 32, 27.0, 0.03333333333333333
surrogate, 32, 26.0, 0.016666666666666666
surrogate, 32, 26.0, 0.016666666666666666
surrogate, 32, 26.0, 0.016666666666666666
surrogate, 32, 26.0, 0.016666666666666666
surrogate, 32, 26.0, 0.016666666666666666
surrogate, 32, 26.0, 0.016666666666666666
surrogate, 32, 26.0, 0.016666666666666666
surrogate, 32, 26.0, 0.016666666666666666
surrogate, 32, 26.0, 0.016666666666666666
surrogate, 32, 26.0, 0.016666666666666666
surrogate, 32, 26.0, 0.016666666666666666
surrogate, 32, 26.0, 0.016666666666666666
surrogate, 32, 26.0, 0.016666666666666666
surrogate, 32, 26.0, 0.016666666666666666
surrogate, 32, 26.0, 0.016666666666666666
surrogate, 32, 26.0, 0.016666666666666666
surrogate, 32, 26.0, 0.016666666666666666
surrogate, 32, 26.0, 0.016666666666666666
surrogate, 32, 26.0, 0.016666666666666666
surrogate, 32, 26.0, 0.016666666666666666
surrogate, 32, 26.0, 0.016666666666666666
surrogate, 32, 26.0, 0.016666666666666666
surrogate, 32, 26.0, 0.016666666666666666
surrogate, 32, 26.0, 0.016666666666666666
surrogate, 32, 26.0, 0.016666666666666666
surrogate, 32, 26.0, 0.016666666666666666
surrogate, 32, 26.0, 0.016666666666666666
surrogate, 32, 26.0, 0.016666666666666666
surrogate, 32, 26.0, 0.016666666666666666
surrogate, 32, 26.0, 0.016666666666666666
surrogate, 32, 26.0, 0.016666666666666666
surrogate, 32, 26.0, 0.016666666666666666
surrogate, 32, 26.0, 0.016666666666666666
surrogate, 32, 26.0, 0.016666666666666666
surrogate, 32, 26.0, 0.016666666666666666
surrogate, 32, 26.0, 0.016666666666666666
surrogate, 32, 26.0, 0.016666666666666666
surrogate, 32, 26.0, 0.016666666666666666
surrogate, 33, 64.0, 0.7666666666666667
surrogate, 33, 52.0, 0.7166666666666667
surrogate, 33, 52.0, 0.7166666666666667
surrogate, 33, 52.0, 0.7166666666666667
surrogate, 33, 52.0, 0.7166666666666667
surrogate, 33, 45.0, 0.6833333333333333
surrogate, 33, 45.0, 0.6833333333333333
surrogate, 33, 45.0, 0.6833333333333333
surrogate, 33, 41.0, 0.65
surrogate, 33, 41.0, 0.65
surrogate, 33, 41.0, 0.65
surrogate, 33, 41.0, 0.65
surrogate, 33, 41.0, 0.65
surrogate, 33, 41.0, 0.65
surrogate, 33, 41.0, 0.65
surrogate, 33, 41.0, 0.65
surrogate, 33, 41.0, 0.65
surrogate, 33, 41.0, 0.65
surrogate, 33, 36.0, 0.55
surrogate, 33, 36.0, 0.55
surrogate, 33, 36.0, 0.55
surrogate, 33, 36.0, 0.55
surrogate, 33, 36.0, 0.55
surrogate, 33, 36.0, 0.55
surrogate, 33, 36.0, 0.55
surrogate, 33, 36.0, 0.55
surrogate, 33, 33.0, 0.5
surrogate, 33, 32.0, 0.36666666666666664
surrogate, 33, 32.0, 0.36666666666666664
surrogate, 33, 32.0, 0.36666666666666664
surrogate, 33, 32.0, 0.36666666666666664
surrogate, 33, 32.0, 0.36666666666666664
surrogate, 33, 32.0, 0.36666666666666664
surrogate, 33, 32.0, 0.36666666666666664
surrogate, 33, 32.0, 0.36666666666666664
surrogate, 33, 32.0, 0.36666666666666664
surrogate, 33, 32.0, 0.36666666666666664
surrogate, 33, 32.0, 0.36666666666666664
surrogate, 33, 32.0, 0.36666666666666664
surrogate, 33, 32.0, 0.36666666666666664
surrogate, 33, 32.0, 0.36666666666666664
surrogate, 33, 32.0, 0.36666666666666664
surrogate, 33, 32.0, 0.36666666666666664
surrogate, 33, 32.0, 0.36666666666666664
surrogate, 33, 32.0, 0.36666666666666664
surrogate, 33, 32.0, 0.36666666666666664
surrogate, 33, 32.0, 0.36666666666666664
surrogate, 33, 32.0, 0.36666666666666664
surrogate, 33, 32.0, 0.36666666666666664
surrogate, 33, 32.0, 0.36666666666666664
surrogate, 33, 32.0, 0.36666666666666664
surrogate, 33, 32.0, 0.36666666666666664
surrogate, 33, 30.0, 0.26666666666666666
surrogate, 33, 30.0, 0.26666666666666666
surrogate, 33, 30.0, 0.26666666666666666
surrogate, 33, 29.0, 0.06666666666666667
surrogate, 33, 29.0, 0.06666666666666667
surrogate, 33, 29.0, 0.06666666666666667
surrogate, 33, 29.0, 0.06666666666666667
surrogate, 33, 29.0, 0.06666666666666667
surrogate, 33, 29.0, 0.06666666666666667
surrogate, 33, 29.0, 0.06666666666666667
surrogate, 33, 29.0, 0.06666666666666667
surrogate, 33, 29.0, 0.06666666666666667
surrogate, 33, 29.0, 0.06666666666666667
surrogate, 33, 29.0, 0.06666666666666667
surrogate, 33, 29.0, 0.06666666666666667
surrogate, 33, 29.0, 0.06666666666666667
surrogate, 33, 29.0, 0.06666666666666667
surrogate, 33, 29.0, 0.06666666666666667
surrogate, 33, 29.0, 0.06666666666666667
surrogate, 33, 29.0, 0.06666666666666667
surrogate, 33, 29.0, 0.06666666666666667
surrogate, 33, 29.0, 0.06666666666666667
surrogate, 33, 29.0, 0.06666666666666667
surrogate, 33, 29.0, 0.06666666666666667
surrogate, 33, 29.0, 0.06666666666666667
surrogate, 33, 29.0, 0.06666666666666667
surrogate, 33, 28.0, 0.05
surrogate, 33, 28.0, 0.05
surrogate, 33, 28.0, 0.05
surrogate, 33, 28.0, 0.05
surrogate, 33, 28.0, 0.05
surrogate, 33, 28.0, 0.05
surrogate, 33, 28.0, 0.05
surrogate, 33, 28.0, 0.05
surrogate, 33, 28.0, 0.05
surrogate, 33, 28.0, 0.05
surrogate, 33, 28.0, 0.05
surrogate, 33, 28.0, 0.05
surrogate, 33, 28.0, 0.05
surrogate, 33, 28.0, 0.05
surrogate, 33, 28.0, 0.05
surrogate, 33, 28.0, 0.05
surrogate, 33, 27.0, 0.03333333333333333
surrogate, 33, 27.0, 0.03333333333333333
surrogate, 33, 27.0, 0.03333333333333333
surrogate, 33, 27.0, 0.03333333333333333
surrogate, 33, 27.0, 0.03333333333333333
surrogate, 33, 27.0, 0.03333333333333333
surrogate, 33, 27.0, 0.03333333333333333
surrogate, 33, 27.0, 0.03333333333333333
surrogate, 33, 27.0, 0.03333333333333333
surrogate, 33, 27.0, 0.03333333333333333
surrogate, 33, 27.0, 0.03333333333333333
surrogate, 33, 27.0, 0.03333333333333333
surrogate, 33, 27.0, 0.03333333333333333
surrogate, 33, 27.0, 0.03333333333333333
surrogate, 33, 26.0, 0.016666666666666666
surrogate, 33, 26.0, 0.016666666666666666
surrogate, 33, 26.0, 0.016666666666666666
surrogate, 33, 26.0, 0.016666666666666666
surrogate, 33, 26.0, 0.016666666666666666
surrogate, 33, 26.0, 0.016666666666666666
surrogate, 33, 26.0, 0.016666666666666666
surrogate, 33, 26.0, 0.016666666666666666
surrogate, 33, 26.0, 0.016666666666666666
surrogate, 33, 26.0, 0.016666666666666666
surrogate, 33, 26.0, 0.016666666666666666
surrogate, 33, 26.0, 0.016666666666666666
surrogate, 33, 26.0, 0.016666666666666666
surrogate, 33, 26.0, 0.016666666666666666
surrogate, 33, 26.0, 0.016666666666666666
surrogate, 33, 26.0, 0.016666666666666666
surrogate, 33, 26.0, 0.016666666666666666
surrogate, 33, 26.0, 0.016666666666666666
surrogate, 33, 26.0, 0.016666666666666666
surrogate, 33, 26.0, 0.016666666666666666
surrogate, 33, 26.0, 0.016666666666666666
surrogate, 33, 26.0, 0.016666666666666666
surrogate, 33, 26.0, 0.016666666666666666
surrogate, 33, 26.0, 0.016666666666666666
surrogate, 33, 26.0, 0.016666666666666666
surrogate, 33, 26.0, 0.016666666666666666
surrogate, 33, 26.0, 0.016666666666666666
surrogate, 33, 26.0, 0.016666666666666666
surrogate, 33, 26.0, 0.016666666666666666
surrogate, 33, 26.0, 0.016666666666666666
surrogate, 33, 26.0, 0.016666666666666666
surrogate, 33, 26.0, 0.016666666666666666
surrogate, 33, 26.0, 0.016666666666666666
surrogate, 33, 26.0, 0.016666666666666666
surrogate, 33, 26.0, 0.016666666666666666
surrogate, 33, 26.0, 0.016666666666666666
surrogate, 33, 26.0, 0.016666666666666666
surrogate, 33, 26.0, 0.016666666666666666
surrogate, 33, 26.0, 0.016666666666666666
surrogate, 34, 64.0, 0.7666666666666667
surrogate, 34, 52.0, 0.7166666666666667
surrogate, 34, 52.0, 0.7166666666666667
surrogate, 34, 52.0, 0.7166666666666667
surrogate, 34, 52.0, 0.7166666666666667
surrogate, 34, 52.0, 0.7166666666666667
surrogate, 34, 44.0, 0.6833333333333333
surrogate, 34, 41.0, 0.65
surrogate, 34, 41.0, 0.65
surrogate, 34, 41.0, 0.65
surrogate, 34, 41.0, 0.65
surrogate, 34, 41.0, 0.65
surrogate, 34, 41.0, 0.65
surrogate, 34, 41.0, 0.65
surrogate, 34, 41.0, 0.65
surrogate, 34, 41.0, 0.65
surrogate, 34, 41.0, 0.65
surrogate, 34, 41.0, 0.65
surrogate, 34, 36.0, 0.55
surrogate, 34, 36.0, 0.55
surrogate, 34, 36.0, 0.55
surrogate, 34, 36.0, 0.55
surrogate, 34, 36.0, 0.55
surrogate, 34, 36.0, 0.55
surrogate, 34, 36.0, 0.55
surrogate, 34, 36.0, 0.55
surrogate, 34, 36.0, 0.55
surrogate, 34, 33.0, 0.5
surrogate, 34, 32.0, 0.36666666666666664
surrogate, 34, 32.0, 0.36666666666666664
surrogate, 34, 32.0, 0.36666666666666664
surrogate, 34, 32.0, 0.36666666666666664
surrogate, 34, 32.0, 0.36666666666666664
surrogate, 34, 32.0, 0.36666666666666664
surrogate, 34, 32.0, 0.36666666666666664
surrogate, 34, 32.0, 0.36666666666666664
surrogate, 34, 32.0, 0.36666666666666664
surrogate, 34, 32.0, 0.36666666666666664
surrogate, 34, 32.0, 0.36666666666666664
surrogate, 34, 32.0, 0.36666666666666664
surrogate, 34, 32.0, 0.36666666666666664
surrogate, 34, 32.0, 0.36666666666666664
surrogate, 34, 32.0, 0.36666666666666664
surrogate, 34, 32.0, 0.36666666666666664
surrogate, 34, 32.0, 0.36666666666666664
surrogate, 34, 32.0, 0.36666666666666664
surrogate, 34, 32.0, 0.36666666666666664
surrogate, 34, 32.0, 0.36666666666666664
surrogate, 34, 32.0, 0.36666666666666664
surrogate, 34, 32.0, 0.36666666666666664
surrogate, 34, 32.0, 0.36666666666666664
surrogate, 34, 32.0, 0.36666666666666664
surrogate, 34, 32.0, 0.36666666666666664
surrogate, 34, 32.0, 0.36666666666666664
surrogate, 34, 30.0, 0.26666666666666666
surrogate, 34, 30.0, 0.26666666666666666
surrogate, 34, 30.0, 0.26666666666666666
surrogate, 34, 29.0, 0.06666666666666667
surrogate, 34, 29.0, 0.06666666666666667
surrogate, 34, 29.0, 0.06666666666666667
surrogate, 34, 29.0, 0.06666666666666667
surrogate, 34, 29.0, 0.06666666666666667
surrogate, 34, 29.0, 0.06666666666666667
surrogate, 34, 29.0, 0.06666666666666667
surrogate, 34, 29.0, 0.06666666666666667
surrogate, 34, 29.0, 0.06666666666666667
surrogate, 34, 29.0, 0.06666666666666667
surrogate, 34, 29.0, 0.06666666666666667
surrogate, 34, 29.0, 0.06666666666666667
surrogate, 34, 29.0, 0.06666666666666667
surrogate, 34, 29.0, 0.06666666666666667
surrogate, 34, 29.0, 0.06666666666666667
surrogate, 34, 29.0, 0.06666666666666667
surrogate, 34, 29.0, 0.06666666666666667
surrogate, 34, 29.0, 0.06666666666666667
surrogate, 34, 29.0, 0.06666666666666667
surrogate, 34, 29.0, 0.06666666666666667
surrogate, 34, 29.0, 0.06666666666666667
surrogate, 34, 29.0, 0.06666666666666667
surrogate, 34, 29.0, 0.06666666666666667
surrogate, 34, 28.0, 0.05
surrogate, 34, 28.0, 0.05
surrogate, 34, 28.0, 0.05
surrogate, 34, 28.0, 0.05
surrogate, 34, 28.0, 0.05
surrogate, 34, 28.0, 0.05
surrogate, 34, 28.0, 0.05
surrogate, 34, 28.0, 0.05
surrogate, 34, 28.0, 0.05
surrogate, 34, 28.0, 0.05
surrogate, 34, 28.0, 0.05
surrogate, 34, 28.0, 0.05
surrogate, 34, 28.0, 0.05
surrogate, 34, 28.0, 0.05
surrogate, 34, 28.0, 0.05
surrogate, 34, 28.0, 0.05
surrogate, 34, 28.0, 0.05
surrogate, 34, 27.0, 0.03333333333333333
surrogate, 34, 27.0, 0.03333333333333333
surrogate, 34, 27.0, 0.03333333333333333
surrogate, 34, 27.0, 0.03333333333333333
surrogate, 34, 27.0, 0.03333333333333333
surrogate, 34, 27.0, 0.03333333333333333
surrogate, 34, 27.0, 0.03333333333333333
surrogate, 34, 27.0, 0.03333333333333333
surrogate, 34, 27.0, 0.03333333333333333
surrogate, 34, 27.0, 0.03333333333333333
surrogate, 34, 27.0, 0.03333333333333333
surrogate, 34, 27.0, 0.03333333333333333
surrogate, 34, 27.0, 0.03333333333333333
surrogate, 34, 27.0, 0.03333333333333333
surrogate, 34, 26.0, 0.016666666666666666
surrogate, 34, 26.0, 0.016666666666666666
surrogate, 34, 26.0, 0.016666666666666666
surrogate, 34, 26.0, 0.016666666666666666
surrogate, 34, 26.0, 0.016666666666666666
surrogate, 34, 26.0, 0.016666666666666666
surrogate, 34, 26.0, 0.016666666666666666
surrogate, 34, 26.0, 0.016666666666666666
surrogate, 34, 26.0, 0.016666666666666666
surrogate, 34, 26.0, 0.016666666666666666
surrogate, 34, 26.0, 0.016666666666666666
surrogate, 34, 26.0, 0.016666666666666666
surrogate, 34, 26.0, 0.016666666666666666
surrogate, 34, 26.0, 0.016666666666666666
surrogate, 34, 26.0, 0.016666666666666666
surrogate, 34, 26.0, 0.016666666666666666
surrogate, 34, 26.0, 0.016666666666666666
surrogate, 34, 26.0, 0.016666666666666666
surrogate, 34, 26.0, 0.016666666666666666
surrogate, 34, 26.0, 0.016666666666666666
surrogate, 34, 26.0, 0.016666666666666666
surrogate, 34, 26.0, 0.016666666666666666
surrogate, 34, 26.0, 0.016666666666666666
surrogate, 34, 26.0, 0.016666666666666666
surrogate, 34, 26.0, 0.016666666666666666
surrogate, 34, 26.0, 0.016666666666666666
surrogate, 34, 26.0, 0.016666666666666666
surrogate, 34, 26.0, 0.016666666666666666
surrogate, 34, 26.0, 0.016666666666666666
surrogate, 34, 26.0, 0.016666666666666666
surrogate, 34, 26.0, 0.016666666666666666
surrogate, 34, 26.0, 0.016666666666666666
surrogate, 34, 26.0, 0.016666666666666666
surrogate, 34, 26.0, 0.016666666666666666
surrogate, 34, 26.0, 0.016666666666666666
surrogate, 34, 26.0, 0.016666666666666666
surrogate, 34, 26.0, 0.016666666666666666
surrogate, 34, 26.0, 0.016666666666666666
surrogate, 34, 26.0, 0.016666666666666666
surrogate, 34, 26.0, 0.016666666666666666
surrogate, 35, 64.0, 0.7666666666666667
surrogate, 35, 52.0, 0.7166666666666667
surrogate, 35, 52.0, 0.7166666666666667
surrogate, 35, 52.0, 0.7166666666666667
surrogate, 35, 52.0, 0.7166666666666667
surrogate, 35, 52.0, 0.7166666666666667
surrogate, 35, 44.0, 0.6833333333333333
surrogate, 35, 41.0, 0.65
surrogate, 35, 41.0, 0.65
surrogate, 35, 41.0, 0.65
surrogate, 35, 41.0, 0.65
surrogate, 35, 41.0, 0.65
surrogate, 35, 41.0, 0.65
surrogate, 35, 41.0, 0.65
surrogate, 35, 41.0, 0.65
surrogate, 35, 41.0, 0.65
surrogate, 35, 41.0, 0.65
surrogate, 35, 41.0, 0.65
surrogate, 35, 36.0, 0.55
surrogate, 35, 36.0, 0.55
surrogate, 35, 36.0, 0.55
surrogate, 35, 36.0, 0.55
surrogate, 35, 36.0, 0.55
surrogate, 35, 36.0, 0.55
surrogate, 35, 36.0, 0.55
surrogate, 35, 36.0, 0.55
surrogate, 35, 36.0, 0.55
surrogate, 35, 36.0, 0.55
surrogate, 35, 33.0, 0.5
surrogate, 35, 32.0, 0.36666666666666664
surrogate, 35, 32.0, 0.36666666666666664
surrogate, 35, 32.0, 0.36666666666666664
surrogate, 35, 32.0, 0.36666666666666664
surrogate, 35, 32.0, 0.36666666666666664
surrogate, 35, 32.0, 0.36666666666666664
surrogate, 35, 32.0, 0.36666666666666664
surrogate, 35, 32.0, 0.36666666666666664
surrogate, 35, 32.0, 0.36666666666666664
surrogate, 35, 32.0, 0.36666666666666664
surrogate, 35, 32.0, 0.36666666666666664
surrogate, 35, 32.0, 0.36666666666666664
surrogate, 35, 32.0, 0.36666666666666664
surrogate, 35, 32.0, 0.36666666666666664
surrogate, 35, 32.0, 0.36666666666666664
surrogate, 35, 32.0, 0.36666666666666664
surrogate, 35, 32.0, 0.36666666666666664
surrogate, 35, 32.0, 0.36666666666666664
surrogate, 35, 32.0, 0.36666666666666664
surrogate, 35, 32.0, 0.36666666666666664
surrogate, 35, 32.0, 0.36666666666666664
surrogate, 35, 32.0, 0.36666666666666664
surrogate, 35, 32.0, 0.36666666666666664
surrogate, 35, 32.0, 0.36666666666666664
surrogate, 35, 32.0, 0.36666666666666664
surrogate, 35, 32.0, 0.36666666666666664
surrogate, 35, 30.0, 0.26666666666666666
surrogate, 35, 30.0, 0.26666666666666666
surrogate, 35, 30.0, 0.26666666666666666
surrogate, 35, 30.0, 0.26666666666666666
surrogate, 35, 29.0, 0.06666666666666667
surrogate, 35, 29.0, 0.06666666666666667
surrogate, 35, 29.0, 0.06666666666666667
surrogate, 35, 29.0, 0.06666666666666667
surrogate, 35, 29.0, 0.06666666666666667
surrogate, 35, 29.0, 0.06666666666666667
surrogate, 35, 29.0, 0.06666666666666667
surrogate, 35, 29.0, 0.06666666666666667
surrogate, 35, 29.0, 0.06666666666666667
surrogate, 35, 29.0, 0.06666666666666667
surrogate, 35, 29.0, 0.06666666666666667
surrogate, 35, 29.0, 0.06666666666666667
surrogate, 35, 29.0, 0.06666666666666667
surrogate, 35, 29.0, 0.06666666666666667
surrogate, 35, 29.0, 0.06666666666666667
surrogate, 35, 29.0, 0.06666666666666667
surrogate, 35, 29.0, 0.06666666666666667
surrogate, 35, 29.0, 0.06666666666666667
surrogate, 35, 29.0, 0.06666666666666667
surrogate, 35, 29.0, 0.06666666666666667
surrogate, 35, 29.0, 0.06666666666666667
surrogate, 35, 29.0, 0.06666666666666667
surrogate, 35, 29.0, 0.06666666666666667
surrogate, 35, 29.0, 0.06666666666666667
surrogate, 35, 28.0, 0.05
surrogate, 35, 28.0, 0.05
surrogate, 35, 28.0, 0.05
surrogate, 35, 28.0, 0.05
surrogate, 35, 28.0, 0.05
surrogate, 35, 28.0, 0.05
surrogate, 35, 28.0, 0.05
surrogate, 35, 28.0, 0.05
surrogate, 35, 28.0, 0.05
surrogate, 35, 28.0, 0.05
surrogate, 35, 28.0, 0.05
surrogate, 35, 28.0, 0.05
surrogate, 35, 28.0, 0.05
surrogate, 35, 28.0, 0.05
surrogate, 35, 28.0, 0.05
surrogate, 35, 28.0, 0.05
surrogate, 35, 28.0, 0.05
surrogate, 35, 28.0, 0.05
surrogate, 35, 27.0, 0.03333333333333333
surrogate, 35, 27.0, 0.03333333333333333
surrogate, 35, 27.0, 0.03333333333333333
surrogate, 35, 27.0, 0.03333333333333333
surrogate, 35, 27.0, 0.03333333333333333
surrogate, 35, 27.0, 0.03333333333333333
surrogate, 35, 27.0, 0.03333333333333333
surrogate, 35, 27.0, 0.03333333333333333
surrogate, 35, 27.0, 0.03333333333333333
surrogate, 35, 27.0, 0.03333333333333333
surrogate, 35, 27.0, 0.03333333333333333
surrogate, 35, 27.0, 0.03333333333333333
surrogate, 35, 27.0, 0.03333333333333333
surrogate, 35, 27.0, 0.03333333333333333
surrogate, 35, 26.0, 0.016666666666666666
surrogate, 35, 26.0, 0.016666666666666666
surrogate, 35, 26.0, 0.016666666666666666
surrogate, 35, 26.0, 0.016666666666666666
surrogate, 35, 26.0, 0.016666666666666666
surrogate, 35, 26.0, 0.016666666666666666
surrogate, 35, 26.0, 0.016666666666666666
surrogate, 35, 26.0, 0.016666666666666666
surrogate, 35, 26.0, 0.016666666666666666
surrogate, 35, 26.0, 0.016666666666666666
surrogate, 35, 26.0, 0.016666666666666666
surrogate, 35, 26.0, 0.016666666666666666
surrogate, 35, 26.0, 0.016666666666666666
surrogate, 35, 26.0, 0.016666666666666666
surrogate, 35, 26.0, 0.016666666666666666
surrogate, 35, 26.0, 0.016666666666666666
surrogate, 35, 26.0, 0.016666666666666666
surrogate, 35, 26.0, 0.016666666666666666
surrogate, 35, 26.0, 0.016666666666666666
surrogate, 35, 26.0, 0.016666666666666666
surrogate, 35, 26.0, 0.016666666666666666
surrogate, 35, 26.0, 0.016666666666666666
surrogate, 35, 26.0, 0.016666666666666666
surrogate, 35, 26.0, 0.016666666666666666
surrogate, 35, 26.0, 0.016666666666666666
surrogate, 35, 26.0, 0.016666666666666666
surrogate, 35, 26.0, 0.016666666666666666
surrogate, 35, 26.0, 0.016666666666666666
surrogate, 35, 26.0, 0.016666666666666666
surrogate, 35, 26.0, 0.016666666666666666
surrogate, 35, 26.0, 0.016666666666666666
surrogate, 35, 26.0, 0.016666666666666666
surrogate, 35, 26.0, 0.016666666666666666
surrogate, 35, 26.0, 0.016666666666666666
surrogate, 35, 26.0, 0.016666666666666666
surrogate, 35, 26.0, 0.016666666666666666
surrogate, 35, 26.0, 0.016666666666666666
surrogate, 35, 26.0, 0.016666666666666666
surrogate, 35, 26.0, 0.016666666666666666
surrogate, 35, 26.0, 0.016666666666666666
surrogate, 35, 26.0, 0.016666666666666666
surrogate, 36, 64.0, 0.7666666666666667
surrogate, 36, 52.0, 0.7166666666666667
surrogate, 36, 52.0, 0.7166666666666667
surrogate, 36, 52.0, 0.7166666666666667
surrogate, 36, 52.0, 0.7166666666666667
surrogate, 36, 52.0, 0.7166666666666667
surrogate, 36, 44.0, 0.6833333333333333
surrogate, 36, 44.0, 0.6833333333333333
surrogate, 36, 41.0, 0.65
surrogate, 36, 41.0, 0.65
surrogate, 36, 41.0, 0.65
surrogate, 36, 41.0, 0.65
surrogate, 36, 41.0, 0.65
surrogate, 36, 41.0, 0.65
surrogate, 36, 41.0, 0.65
surrogate, 36, 41.0, 0.65
surrogate, 36, 41.0, 0.65
surrogate, 36, 41.0, 0.65
surrogate, 36, 41.0, 0.65
surrogate, 36, 36.0, 0.55
surrogate, 36, 36.0, 0.55
surrogate, 36, 36.0, 0.55
surrogate, 36, 36.0, 0.55
surrogate, 36, 36.0, 0.55
surrogate, 36, 36.0, 0.55
surrogate, 36, 36.0, 0.55
surrogate, 36, 36.0, 0.55
surrogate, 36, 36.0, 0.55
surrogate, 36, 36.0, 0.55
surrogate, 36, 33.0, 0.5
surrogate, 36, 32.0, 0.36666666666666664
surrogate, 36, 32.0, 0.36666666666666664
surrogate, 36, 32.0, 0.36666666666666664
surrogate, 36, 32.0, 0.36666666666666664
surrogate, 36, 32.0, 0.36666666666666664
surrogate, 36, 32.0, 0.36666666666666664
surrogate, 36, 32.0, 0.36666666666666664
surrogate, 36, 32.0, 0.36666666666666664
surrogate, 36, 32.0, 0.36666666666666664
surrogate, 36, 32.0, 0.36666666666666664
surrogate, 36, 32.0, 0.36666666666666664
surrogate, 36, 32.0, 0.36666666666666664
surrogate, 36, 32.0, 0.36666666666666664
surrogate, 36, 32.0, 0.36666666666666664
surrogate, 36, 32.0, 0.36666666666666664
surrogate, 36, 32.0, 0.36666666666666664
surrogate, 36, 32.0, 0.36666666666666664
surrogate, 36, 32.0, 0.36666666666666664
surrogate, 36, 32.0, 0.36666666666666664
surrogate, 36, 32.0, 0.36666666666666664
surrogate, 36, 32.0, 0.36666666666666664
surrogate, 36, 32.0, 0.36666666666666664
surrogate, 36, 32.0, 0.36666666666666664
surrogate, 36, 32.0, 0.36666666666666664
surrogate, 36, 32.0, 0.36666666666666664
surrogate, 36, 32.0, 0.36666666666666664
surrogate, 36, 32.0, 0.36666666666666664
surrogate, 36, 30.0, 0.26666666666666666
surrogate, 36, 30.0, 0.26666666666666666
surrogate, 36, 30.0, 0.26666666666666666
surrogate, 36, 30.0, 0.26666666666666666
surrogate, 36, 30.0, 0.26666666666666666
surrogate, 36, 29.0, 0.06666666666666667
surrogate, 36, 29.0, 0.06666666666666667
surrogate, 36, 29.0, 0.06666666666666667
surrogate, 36, 29.0, 0.06666666666666667
surrogate, 36, 29.0, 0.06666666666666667
surrogate, 36, 29.0, 0.06666666666666667
surrogate, 36, 29.0, 0.06666666666666667
surrogate, 36, 29.0, 0.06666666666666667
surrogate, 36, 29.0, 0.06666666666666667
surrogate, 36, 29.0, 0.06666666666666667
surrogate, 36, 29.0, 0.06666666666666667
surrogate, 36, 29.0, 0.06666666666666667
surrogate, 36, 29.0, 0.06666666666666667
surrogate, 36, 29.0, 0.06666666666666667
surrogate, 36, 29.0, 0.06666666666666667
surrogate, 36, 29.0, 0.06666666666666667
surrogate, 36, 29.0, 0.06666666666666667
surrogate, 36, 29.0, 0.06666666666666667
surrogate, 36, 29.0, 0.06666666666666667
surrogate, 36, 29.0, 0.06666666666666667
surrogate, 36, 29.0, 0.06666666666666667
surrogate, 36, 29.0, 0.06666666666666667
surrogate, 36, 29.0, 0.06666666666666667
surrogate, 36, 29.0, 0.06666666666666667
surrogate, 36, 29.0, 0.06666666666666667
surrogate, 36, 28.0, 0.05
surrogate, 36, 28.0, 0.05
surrogate, 36, 28.0, 0.05
surrogate, 36, 28.0, 0.05
surrogate, 36, 28.0, 0.05
surrogate, 36, 28.0, 0.05
surrogate, 36, 28.0, 0.05
surrogate, 36, 28.0, 0.05
surrogate, 36, 28.0, 0.05
surrogate, 36, 28.0, 0.05
surrogate, 36, 28.0, 0.05
surrogate, 36, 28.0, 0.05
surrogate, 36, 28.0, 0.05
surrogate, 36, 28.0, 0.05
surrogate, 36, 28.0, 0.05
surrogate, 36, 28.0, 0.05
surrogate, 36, 28.0, 0.05
surrogate, 36, 28.0, 0.05
surrogate, 36, 27.0, 0.03333333333333333
surrogate, 36, 27.0, 0.03333333333333333
surrogate, 36, 27.0, 0.03333333333333333
surrogate, 36, 27.0, 0.03333333333333333
surrogate, 36, 27.0, 0.03333333333333333
surrogate, 36, 27.0, 0.03333333333333333
surrogate, 36, 27.0, 0.03333333333333333
surrogate, 36, 27.0, 0.03333333333333333
surrogate, 36, 27.0, 0.03333333333333333
surrogate, 36, 27.0, 0.03333333333333333
surrogate, 36, 27.0, 0.03333333333333333
surrogate, 36, 27.0, 0.03333333333333333
surrogate, 36, 27.0, 0.03333333333333333
surrogate, 36, 27.0, 0.03333333333333333
surrogate, 36, 26.0, 0.016666666666666666
surrogate, 36, 26.0, 0.016666666666666666
surrogate, 36, 26.0, 0.016666666666666666
surrogate, 36, 26.0, 0.016666666666666666
surrogate, 36, 26.0, 0.016666666666666666
surrogate, 36, 26.0, 0.016666666666666666
surrogate, 36, 26.0, 0.016666666666666666
surrogate, 36, 26.0, 0.016666666666666666
surrogate, 36, 26.0, 0.016666666666666666
surrogate, 36, 26.0, 0.016666666666666666
surrogate, 36, 26.0, 0.016666666666666666
surrogate, 36, 26.0, 0.016666666666666666
surrogate, 36, 26.0, 0.016666666666666666
surrogate, 36, 26.0, 0.016666666666666666
surrogate, 36, 26.0, 0.016666666666666666
surrogate, 36, 26.0, 0.016666666666666666
surrogate, 36, 26.0, 0.016666666666666666
surrogate, 36, 26.0, 0.016666666666666666
surrogate, 36, 26.0, 0.016666666666666666
surrogate, 36, 26.0, 0.016666666666666666
surrogate, 36, 26.0, 0.016666666666666666
surrogate, 36, 26.0, 0.016666666666666666
surrogate, 36, 26.0, 0.016666666666666666
surrogate, 36, 26.0, 0.016666666666666666
surrogate, 36, 26.0, 0.016666666666666666
surrogate, 36, 26.0, 0.016666666666666666
surrogate, 36, 26.0, 0.016666666666666666
surrogate, 36, 26.0, 0.016666666666666666
surrogate, 36, 26.0, 0.016666666666666666
surrogate, 36, 26.0, 0.016666666666666666
surrogate, 36, 26.0, 0.016666666666666666
surrogate, 36, 26.0, 0.016666666666666666
surrogate, 36, 26.0, 0.016666666666666666
surrogate, 36, 26.0, 0.016666666666666666
surrogate, 36, 26.0, 0.016666666666666666
surrogate, 36, 26.0, 0.016666666666666666
surrogate, 36, 26.0, 0.016666666666666666
surrogate, 36, 26.0, 0.016666666666666666
surrogate, 36, 26.0, 0.016666666666666666
surrogate, 36, 26.0, 0.016666666666666666
surrogate, 36, 26.0, 0.016666666666666666
surrogate, 36, 26.0, 0.016666666666666666
surrogate, 37, 124.0, 0.8333333333333334
surrogate, 37, 64.0, 0.7666666666666667
surrogate, 37, 64.0, 0.7666666666666667
surrogate, 37, 52.0, 0.7166666666666667
surrogate, 37, 52.0, 0.7166666666666667
surrogate, 37, 52.0, 0.7166666666666667
surrogate, 37, 52.0, 0.7166666666666667
surrogate, 37, 52.0, 0.7166666666666667
surrogate, 37, 44.0, 0.6833333333333333
surrogate, 37, 44.0, 0.6833333333333333
surrogate, 37, 44.0, 0.6833333333333333
surrogate, 37, 41.0, 0.65
surrogate, 37, 41.0, 0.65
surrogate, 37, 41.0, 0.65
surrogate, 37, 41.0, 0.65
surrogate, 37, 41.0, 0.65
surrogate, 37, 41.0, 0.65
surrogate, 37, 41.0, 0.65
surrogate, 37, 41.0, 0.65
surrogate, 37, 41.0, 0.65
surrogate, 37, 41.0, 0.65
surrogate, 37, 41.0, 0.65
surrogate, 37, 41.0, 0.65
surrogate, 37, 36.0, 0.55
surrogate, 37, 36.0, 0.55
surrogate, 37, 36.0, 0.55
surrogate, 37, 36.0, 0.55
surrogate, 37, 36.0, 0.55
surrogate, 37, 36.0, 0.55
surrogate, 37, 36.0, 0.55
surrogate, 37, 36.0, 0.55
surrogate, 37, 36.0, 0.55
surrogate, 37, 36.0, 0.55
surrogate, 37, 33.0, 0.5
surrogate, 37, 32.0, 0.36666666666666664
surrogate, 37, 32.0, 0.36666666666666664
surrogate, 37, 32.0, 0.36666666666666664
surrogate, 37, 32.0, 0.36666666666666664
surrogate, 37, 32.0, 0.36666666666666664
surrogate, 37, 32.0, 0.36666666666666664
surrogate, 37, 32.0, 0.36666666666666664
surrogate, 37, 32.0, 0.36666666666666664
surrogate, 37, 32.0, 0.36666666666666664
surrogate, 37, 32.0, 0.36666666666666664
surrogate, 37, 32.0, 0.36666666666666664
surrogate, 37, 32.0, 0.36666666666666664
surrogate, 37, 32.0, 0.36666666666666664
surrogate, 37, 32.0, 0.36666666666666664
surrogate, 37, 32.0, 0.36666666666666664
surrogate, 37, 32.0, 0.36666666666666664
surrogate, 37, 32.0, 0.36666666666666664
surrogate, 37, 32.0, 0.36666666666666664
surrogate, 37, 32.0, 0.36666666666666664
surrogate, 37, 32.0, 0.36666666666666664
surrogate, 37, 32.0, 0.36666666666666664
surrogate, 37, 32.0, 0.36666666666666664
surrogate, 37, 32.0, 0.36666666666666664
surrogate, 37, 32.0, 0.36666666666666664
surrogate, 37, 32.0, 0.36666666666666664
surrogate, 37, 32.0, 0.36666666666666664
surrogate, 37, 32.0, 0.36666666666666664
surrogate, 37, 32.0, 0.36666666666666664
surrogate, 37, 30.0, 0.26666666666666666
surrogate, 37, 30.0, 0.26666666666666666
surrogate, 37, 30.0, 0.26666666666666666
surrogate, 37, 30.0, 0.26666666666666666
surrogate, 37, 30.0, 0.26666666666666666
surrogate, 37, 30.0, 0.26666666666666666
surrogate, 37, 29.0, 0.06666666666666667
surrogate, 37, 29.0, 0.06666666666666667
surrogate, 37, 29.0, 0.06666666666666667
surrogate, 37, 29.0, 0.06666666666666667
surrogate, 37, 29.0, 0.06666666666666667
surrogate, 37, 29.0, 0.06666666666666667
surrogate, 37, 29.0, 0.06666666666666667
surrogate, 37, 29.0, 0.06666666666666667
surrogate, 37, 29.0, 0.06666666666666667
surrogate, 37, 29.0, 0.06666666666666667
surrogate, 37, 29.0, 0.06666666666666667
surrogate, 37, 29.0, 0.06666666666666667
surrogate, 37, 29.0, 0.06666666666666667
surrogate, 37, 29.0, 0.06666666666666667
surrogate, 37, 29.0, 0.06666666666666667
surrogate, 37, 29.0, 0.06666666666666667
surrogate, 37, 29.0, 0.06666666666666667
surrogate, 37, 29.0, 0.06666666666666667
surrogate, 37, 29.0, 0.06666666666666667
surrogate, 37, 29.0, 0.06666666666666667
surrogate, 37, 29.0, 0.06666666666666667
surrogate, 37, 29.0, 0.06666666666666667
surrogate, 37, 29.0, 0.06666666666666667
surrogate, 37, 29.0, 0.06666666666666667
surrogate, 37, 29.0, 0.06666666666666667
surrogate, 37, 29.0, 0.06666666666666667
surrogate, 37, 28.0, 0.05
surrogate, 37, 28.0, 0.05
surrogate, 37, 28.0, 0.05
surrogate, 37, 28.0, 0.05
surrogate, 37, 28.0, 0.05
surrogate, 37, 28.0, 0.05
surrogate, 37, 28.0, 0.05
surrogate, 37, 28.0, 0.05
surrogate, 37, 28.0, 0.05
surrogate, 37, 28.0, 0.05
surrogate, 37, 28.0, 0.05
surrogate, 37, 28.0, 0.05
surrogate, 37, 28.0, 0.05
surrogate, 37, 28.0, 0.05
surrogate, 37, 28.0, 0.05
surrogate, 37, 28.0, 0.05
surrogate, 37, 28.0, 0.05
surrogate, 37, 28.0, 0.05
surrogate, 37, 27.0, 0.03333333333333333
surrogate, 37, 27.0, 0.03333333333333333
surrogate, 37, 27.0, 0.03333333333333333
surrogate, 37, 27.0, 0.03333333333333333
surrogate, 37, 27.0, 0.03333333333333333
surrogate, 37, 27.0, 0.03333333333333333
surrogate, 37, 27.0, 0.03333333333333333
surrogate, 37, 27.0, 0.03333333333333333
surrogate, 37, 27.0, 0.03333333333333333
surrogate, 37, 27.0, 0.03333333333333333
surrogate, 37, 27.0, 0.03333333333333333
surrogate, 37, 27.0, 0.03333333333333333
surrogate, 37, 27.0, 0.03333333333333333
surrogate, 37, 27.0, 0.03333333333333333
surrogate, 37, 26.0, 0.016666666666666666
surrogate, 37, 26.0, 0.016666666666666666
surrogate, 37, 26.0, 0.016666666666666666
surrogate, 37, 26.0, 0.016666666666666666
surrogate, 37, 26.0, 0.016666666666666666
surrogate, 37, 26.0, 0.016666666666666666
surrogate, 37, 26.0, 0.016666666666666666
surrogate, 37, 26.0, 0.016666666666666666
surrogate, 37, 26.0, 0.016666666666666666
surrogate, 37, 26.0, 0.016666666666666666
surrogate, 37, 26.0, 0.016666666666666666
surrogate, 37, 26.0, 0.016666666666666666
surrogate, 37, 26.0, 0.016666666666666666
surrogate, 37, 26.0, 0.016666666666666666
surrogate, 37, 26.0, 0.016666666666666666
surrogate, 37, 26.0, 0.016666666666666666
surrogate, 37, 26.0, 0.016666666666666666
surrogate, 37, 26.0, 0.016666666666666666
surrogate, 37, 26.0, 0.016666666666666666
surrogate, 37, 26.0, 0.016666666666666666
surrogate, 37, 26.0, 0.016666666666666666
surrogate, 37, 26.0, 0.016666666666666666
surrogate, 37, 26.0, 0.016666666666666666
surrogate, 37, 26.0, 0.016666666666666666
surrogate, 37, 26.0, 0.016666666666666666
surrogate, 37, 26.0, 0.016666666666666666
surrogate, 37, 26.0, 0.016666666666666666
surrogate, 37, 26.0, 0.016666666666666666
surrogate, 37, 26.0, 0.016666666666666666
surrogate, 37, 26.0, 0.016666666666666666
surrogate, 37, 26.0, 0.016666666666666666
surrogate, 37, 26.0, 0.016666666666666666
surrogate, 37, 26.0, 0.016666666666666666
surrogate, 37, 26.0, 0.016666666666666666
surrogate, 37, 26.0, 0.016666666666666666
surrogate, 37, 26.0, 0.016666666666666666
surrogate, 37, 26.0, 0.016666666666666666
surrogate, 37, 26.0, 0.016666666666666666
surrogate, 37, 26.0, 0.016666666666666666
surrogate, 37, 26.0, 0.016666666666666666
surrogate, 37, 26.0, 0.016666666666666666
surrogate, 37, 26.0, 0.016666666666666666
surrogate, 37, 26.0, 0.016666666666666666
surrogate, 38, 124.0, 0.8333333333333334
surrogate, 38, 64.0, 0.7666666666666667
surrogate, 38, 64.0, 0.7666666666666667
surrogate, 38, 51.0, 0.7166666666666667
surrogate, 38, 44.0, 0.6833333333333333
surrogate, 38, 44.0, 0.6833333333333333
surrogate, 38, 44.0, 0.6833333333333333
surrogate, 38, 44.0, 0.6833333333333333
surrogate, 38, 41.0, 0.65
surrogate, 38, 41.0, 0.65
surrogate, 38, 41.0, 0.65
surrogate, 38, 41.0, 0.65
surrogate, 38, 41.0, 0.65
surrogate, 38, 41.0, 0.65
surrogate, 38, 41.0, 0.65
surrogate, 38, 41.0, 0.65
surrogate, 38, 41.0, 0.65
surrogate, 38, 41.0, 0.65
surrogate, 38, 41.0, 0.65
surrogate, 38, 41.0, 0.65
surrogate, 38, 36.0, 0.55
surrogate, 38, 36.0, 0.55
surrogate, 38, 36.0, 0.55
surrogate, 38, 36.0, 0.55
surrogate, 38, 36.0, 0.55
surrogate, 38, 36.0, 0.55
surrogate, 38, 36.0, 0.55
surrogate, 38, 36.0, 0.55
surrogate, 38, 36.0, 0.55
surrogate, 38, 36.0, 0.55
surrogate, 38, 33.0, 0.5
surrogate, 38, 33.0, 0.5
surrogate, 38, 32.0, 0.36666666666666664
surrogate, 38, 32.0, 0.36666666666666664
surrogate, 38, 32.0, 0.36666666666666664
surrogate, 38, 32.0, 0.36666666666666664
surrogate, 38, 32.0, 0.36666666666666664
surrogate, 38, 32.0, 0.36666666666666664
surrogate, 38, 32.0, 0.36666666666666664
surrogate, 38, 32.0, 0.36666666666666664
surrogate, 38, 32.0, 0.36666666666666664
surrogate, 38, 32.0, 0.36666666666666664
surrogate, 38, 32.0, 0.36666666666666664
surrogate, 38, 32.0, 0.36666666666666664
surrogate, 38, 32.0, 0.36666666666666664
surrogate, 38, 32.0, 0.36666666666666664
surrogate, 38, 32.0, 0.36666666666666664
surrogate, 38, 32.0, 0.36666666666666664
surrogate, 38, 32.0, 0.36666666666666664
surrogate, 38, 32.0, 0.36666666666666664
surrogate, 38, 32.0, 0.36666666666666664
surrogate, 38, 32.0, 0.36666666666666664
surrogate, 38, 32.0, 0.36666666666666664
surrogate, 38, 32.0, 0.36666666666666664
surrogate, 38, 32.0, 0.36666666666666664
surrogate, 38, 32.0, 0.36666666666666664
surrogate, 38, 32.0, 0.36666666666666664
surrogate, 38, 32.0, 0.36666666666666664
surrogate, 38, 32.0, 0.36666666666666664
surrogate, 38, 32.0, 0.36666666666666664
surrogate, 38, 30.0, 0.26666666666666666
surrogate, 38, 30.0, 0.26666666666666666
surrogate, 38, 30.0, 0.26666666666666666
surrogate, 38, 30.0, 0.26666666666666666
surrogate, 38, 30.0, 0.26666666666666666
surrogate, 38, 30.0, 0.26666666666666666
surrogate, 38, 30.0, 0.26666666666666666
surrogate, 38, 29.0, 0.06666666666666667
surrogate, 38, 29.0, 0.06666666666666667
surrogate, 38, 29.0, 0.06666666666666667
surrogate, 38, 29.0, 0.06666666666666667
surrogate, 38, 29.0, 0.06666666666666667
surrogate, 38, 29.0, 0.06666666666666667
surrogate, 38, 29.0, 0.06666666666666667
surrogate, 38, 29.0, 0.06666666666666667
surrogate, 38, 29.0, 0.06666666666666667
surrogate, 38, 29.0, 0.06666666666666667
surrogate, 38, 29.0, 0.06666666666666667
surrogate, 38, 29.0, 0.06666666666666667
surrogate, 38, 29.0, 0.06666666666666667
surrogate, 38, 29.0, 0.06666666666666667
surrogate, 38, 29.0, 0.06666666666666667
surrogate, 38, 29.0, 0.06666666666666667
surrogate, 38, 29.0, 0.06666666666666667
surrogate, 38, 29.0, 0.06666666666666667
surrogate, 38, 29.0, 0.06666666666666667
surrogate, 38, 29.0, 0.06666666666666667
surrogate, 38, 29.0, 0.06666666666666667
surrogate, 38, 29.0, 0.06666666666666667
surrogate, 38, 29.0, 0.06666666666666667
surrogate, 38, 29.0, 0.06666666666666667
surrogate, 38, 29.0, 0.06666666666666667
surrogate, 38, 29.0, 0.06666666666666667
surrogate, 38, 29.0, 0.06666666666666667
surrogate, 38, 28.0, 0.05
surrogate, 38, 28.0, 0.05
surrogate, 38, 28.0, 0.05
surrogate, 38, 28.0, 0.05
surrogate, 38, 28.0, 0.05
surrogate, 38, 28.0, 0.05
surrogate, 38, 28.0, 0.05
surrogate, 38, 28.0, 0.05
surrogate, 38, 28.0, 0.05
surrogate, 38, 28.0, 0.05
surrogate, 38, 28.0, 0.05
surrogate, 38, 28.0, 0.05
surrogate, 38, 28.0, 0.05
surrogate, 38, 28.0, 0.05
surrogate, 38, 28.0, 0.05
surrogate, 38, 28.0, 0.05
surrogate, 38, 28.0, 0.05
surrogate, 38, 28.0, 0.05
surrogate, 38, 27.0, 0.03333333333333333
surrogate, 38, 27.0, 0.03333333333333333
surrogate, 38, 27.0, 0.03333333333333333
surrogate, 38, 27.0, 0.03333333333333333
surrogate, 38, 27.0, 0.03333333333333333
surrogate, 38, 27.0, 0.03333333333333333
surrogate, 38, 27.0, 0.03333333333333333
surrogate, 38, 27.0, 0.03333333333333333
surrogate, 38, 27.0, 0.03333333333333333
surrogate, 38, 27.0, 0.03333333333333333
surrogate, 38, 27.0, 0.03333333333333333
surrogate, 38, 27.0, 0.03333333333333333
surrogate, 38, 27.0, 0.03333333333333333
surrogate, 38, 27.0, 0.03333333333333333
surrogate, 38, 26.0, 0.016666666666666666
surrogate, 38, 26.0, 0.016666666666666666
surrogate, 38, 26.0, 0.016666666666666666
surrogate, 38, 26.0, 0.016666666666666666
surrogate, 38, 26.0, 0.016666666666666666
surrogate, 38, 26.0, 0.016666666666666666
surrogate, 38, 26.0, 0.016666666666666666
surrogate, 38, 26.0, 0.016666666666666666
surrogate, 38, 26.0, 0.016666666666666666
surrogate, 38, 26.0, 0.016666666666666666
surrogate, 38, 26.0, 0.016666666666666666
surrogate, 38, 26.0, 0.016666666666666666
surrogate, 38, 26.0, 0.016666666666666666
surrogate, 38, 26.0, 0.016666666666666666
surrogate, 38, 26.0, 0.016666666666666666
surrogate, 38, 26.0, 0.016666666666666666
surrogate, 38, 26.0, 0.016666666666666666
surrogate, 38, 26.0, 0.016666666666666666
surrogate, 38, 26.0, 0.016666666666666666
surrogate, 38, 26.0, 0.016666666666666666
surrogate, 38, 26.0, 0.016666666666666666
surrogate, 38, 26.0, 0.016666666666666666
surrogate, 38, 26.0, 0.016666666666666666
surrogate, 38, 26.0, 0.016666666666666666
surrogate, 38, 26.0, 0.016666666666666666
surrogate, 38, 26.0, 0.016666666666666666
surrogate, 38, 26.0, 0.016666666666666666
surrogate, 38, 26.0, 0.016666666666666666
surrogate, 38, 26.0, 0.016666666666666666
surrogate, 38, 26.0, 0.016666666666666666
surrogate, 38, 26.0, 0.016666666666666666
surrogate, 38, 26.0, 0.016666666666666666
surrogate, 38, 26.0, 0.016666666666666666
surrogate, 38, 26.0, 0.016666666666666666
surrogate, 38, 26.0, 0.016666666666666666
surrogate, 38, 26.0, 0.016666666666666666
surrogate, 38, 26.0, 0.016666666666666666
surrogate, 38, 26.0, 0.016666666666666666
surrogate, 38, 26.0, 0.016666666666666666
surrogate, 38, 26.0, 0.016666666666666666
surrogate, 38, 26.0, 0.016666666666666666
surrogate, 38, 26.0, 0.016666666666666666
surrogate, 38, 26.0, 0.016666666666666666
surrogate, 38, 26.0, 0.016666666666666666
surrogate, 39, 110.0, 0.8333333333333334
surrogate, 39, 64.0, 0.7666666666666667
surrogate, 39, 64.0, 0.7666666666666667
surrogate, 39, 51.0, 0.7166666666666667
surrogate, 39, 44.0, 0.6833333333333333
surrogate, 39, 44.0, 0.6833333333333333
surrogate, 39, 44.0, 0.6833333333333333
surrogate, 39, 44.0, 0.6833333333333333
surrogate, 39, 41.0, 0.65
surrogate, 39, 41.0, 0.65
surrogate, 39, 41.0, 0.65
surrogate, 39, 41.0, 0.65
surrogate, 39, 41.0, 0.65
surrogate, 39, 41.0, 0.65
surrogate, 39, 41.0, 0.65
surrogate, 39, 41.0, 0.65
surrogate, 39, 41.0, 0.65
surrogate, 39, 41.0, 0.65
surrogate, 39, 41.0, 0.65
surrogate, 39, 41.0, 0.65
surrogate, 39, 36.0, 0.55
surrogate, 39, 36.0, 0.55
surrogate, 39, 36.0, 0.55
surrogate, 39, 36.0, 0.55
surrogate, 39, 36.0, 0.55
surrogate, 39, 36.0, 0.55
surrogate, 39, 36.0, 0.55
surrogate, 39, 36.0, 0.55
surrogate, 39, 36.0, 0.55
surrogate, 39, 36.0, 0.55
surrogate, 39, 33.0, 0.5
surrogate, 39, 33.0, 0.5
surrogate, 39, 33.0, 0.5
surrogate, 39, 32.0, 0.36666666666666664
surrogate, 39, 32.0, 0.36666666666666664
surrogate, 39, 32.0, 0.36666666666666664
surrogate, 39, 32.0, 0.36666666666666664
surrogate, 39, 32.0, 0.36666666666666664
surrogate, 39, 32.0, 0.36666666666666664
surrogate, 39, 32.0, 0.36666666666666664
surrogate, 39, 32.0, 0.36666666666666664
surrogate, 39, 32.0, 0.36666666666666664
surrogate, 39, 32.0, 0.36666666666666664
surrogate, 39, 32.0, 0.36666666666666664
surrogate, 39, 32.0, 0.36666666666666664
surrogate, 39, 32.0, 0.36666666666666664
surrogate, 39, 32.0, 0.36666666666666664
surrogate, 39, 32.0, 0.36666666666666664
surrogate, 39, 32.0, 0.36666666666666664
surrogate, 39, 32.0, 0.36666666666666664
surrogate, 39, 32.0, 0.36666666666666664
surrogate, 39, 32.0, 0.36666666666666664
surrogate, 39, 32.0, 0.36666666666666664
surrogate, 39, 32.0, 0.36666666666666664
surrogate, 39, 32.0, 0.36666666666666664
surrogate, 39, 32.0, 0.36666666666666664
surrogate, 39, 32.0, 0.36666666666666664
surrogate, 39, 32.0, 0.36666666666666664
surrogate, 39, 32.0, 0.36666666666666664
surrogate, 39, 32.0, 0.36666666666666664
surrogate, 39, 32.0, 0.36666666666666664
surrogate, 39, 32.0, 0.36666666666666664
surrogate, 39, 30.0, 0.26666666666666666
surrogate, 39, 30.0, 0.26666666666666666
surrogate, 39, 30.0, 0.26666666666666666
surrogate, 39, 30.0, 0.26666666666666666
surrogate, 39, 30.0, 0.26666666666666666
surrogate, 39, 30.0, 0.26666666666666666
surrogate, 39, 30.0, 0.26666666666666666
surrogate, 39, 29.0, 0.06666666666666667
surrogate, 39, 29.0, 0.06666666666666667
surrogate, 39, 29.0, 0.06666666666666667
surrogate, 39, 29.0, 0.06666666666666667
surrogate, 39, 29.0, 0.06666666666666667
surrogate, 39, 29.0, 0.06666666666666667
surrogate, 39, 29.0, 0.06666666666666667
surrogate, 39, 29.0, 0.06666666666666667
surrogate, 39, 29.0, 0.06666666666666667
surrogate, 39, 29.0, 0.06666666666666667
surrogate, 39, 29.0, 0.06666666666666667
surrogate, 39, 29.0, 0.06666666666666667
surrogate, 39, 29.0, 0.06666666666666667
surrogate, 39, 29.0, 0.06666666666666667
surrogate, 39, 29.0, 0.06666666666666667
surrogate, 39, 29.0, 0.06666666666666667
surrogate, 39, 29.0, 0.06666666666666667
surrogate, 39, 29.0, 0.06666666666666667
surrogate, 39, 29.0, 0.06666666666666667
surrogate, 39, 29.0, 0.06666666666666667
surrogate, 39, 29.0, 0.06666666666666667
surrogate, 39, 29.0, 0.06666666666666667
surrogate, 39, 29.0, 0.06666666666666667
surrogate, 39, 29.0, 0.06666666666666667
surrogate, 39, 29.0, 0.06666666666666667
surrogate, 39, 29.0, 0.06666666666666667
surrogate, 39, 29.0, 0.06666666666666667
surrogate, 39, 29.0, 0.06666666666666667
surrogate, 39, 28.0, 0.05
surrogate, 39, 28.0, 0.05
surrogate, 39, 28.0, 0.05
surrogate, 39, 28.0, 0.05
surrogate, 39, 28.0, 0.05
surrogate, 39, 28.0, 0.05
surrogate, 39, 28.0, 0.05
surrogate, 39, 28.0, 0.05
surrogate, 39, 28.0, 0.05
surrogate, 39, 28.0, 0.05
surrogate, 39, 28.0, 0.05
surrogate, 39, 28.0, 0.05
surrogate, 39, 28.0, 0.05
surrogate, 39, 28.0, 0.05
surrogate, 39, 28.0, 0.05
surrogate, 39, 28.0, 0.05
surrogate, 39, 28.0, 0.05
surrogate, 39, 28.0, 0.05
surrogate, 39, 27.0, 0.03333333333333333
surrogate, 39, 27.0, 0.03333333333333333
surrogate, 39, 27.0, 0.03333333333333333
surrogate, 39, 27.0, 0.03333333333333333
surrogate, 39, 27.0, 0.03333333333333333
surrogate, 39, 27.0, 0.03333333333333333
surrogate, 39, 27.0, 0.03333333333333333
surrogate, 39, 27.0, 0.03333333333333333
surrogate, 39, 27.0, 0.03333333333333333
surrogate, 39, 27.0, 0.03333333333333333
surrogate, 39, 27.0, 0.03333333333333333
surrogate, 39, 27.0, 0.03333333333333333
surrogate, 39, 27.0, 0.03333333333333333
surrogate, 39, 27.0, 0.03333333333333333
surrogate, 39, 26.0, 0.016666666666666666
surrogate, 39, 26.0, 0.016666666666666666
surrogate, 39, 26.0, 0.016666666666666666
surrogate, 39, 26.0, 0.016666666666666666
surrogate, 39, 26.0, 0.016666666666666666
surrogate, 39, 26.0, 0.016666666666666666
surrogate, 39, 26.0, 0.016666666666666666
surrogate, 39, 26.0, 0.016666666666666666
surrogate, 39, 26.0, 0.016666666666666666
surrogate, 39, 26.0, 0.016666666666666666
surrogate, 39, 26.0, 0.016666666666666666
surrogate, 39, 26.0, 0.016666666666666666
surrogate, 39, 26.0, 0.016666666666666666
surrogate, 39, 26.0, 0.016666666666666666
surrogate, 39, 26.0, 0.016666666666666666
surrogate, 39, 26.0, 0.016666666666666666
surrogate, 39, 26.0, 0.016666666666666666
surrogate, 39, 26.0, 0.016666666666666666
surrogate, 39, 26.0, 0.016666666666666666
surrogate, 39, 26.0, 0.016666666666666666
surrogate, 39, 26.0, 0.016666666666666666
surrogate, 39, 26.0, 0.016666666666666666
surrogate, 39, 26.0, 0.016666666666666666
surrogate, 39, 26.0, 0.016666666666666666
surrogate, 39, 26.0, 0.016666666666666666
surrogate, 39, 26.0, 0.016666666666666666
surrogate, 39, 26.0, 0.016666666666666666
surrogate, 39, 26.0, 0.016666666666666666
surrogate, 39, 26.0, 0.016666666666666666
surrogate, 39, 26.0, 0.016666666666666666
surrogate, 39, 26.0, 0.016666666666666666
surrogate, 39, 26.0, 0.016666666666666666
surrogate, 39, 26.0, 0.016666666666666666
surrogate, 39, 26.0, 0.016666666666666666
surrogate, 39, 26.0, 0.016666666666666666
surrogate, 39, 26.0, 0.016666666666666666
surrogate, 39, 26.0, 0.016666666666666666
surrogate, 39, 26.0, 0.016666666666666666
surrogate, 39, 26.0, 0.016666666666666666
surrogate, 39, 26.0, 0.016666666666666666
surrogate, 39, 26.0, 0.016666666666666666
surrogate, 39, 26.0, 0.016666666666666666
surrogate, 39, 26.0, 0.016666666666666666
surrogate, 39, 26.0, 0.016666666666666666
surrogate, 39, 26.0, 0.016666666666666666
surrogate, 40, 110.0, 0.8333333333333334
surrogate, 40, 64.0, 0.7666666666666667
surrogate, 40, 64.0, 0.7666666666666667
surrogate, 40, 64.0, 0.7666666666666667
surrogate, 40, 51.0, 0.7166666666666667
surrogate, 40, 44.0, 0.6833333333333333
surrogate, 40, 44.0, 0.6833333333333333
surrogate, 40, 44.0, 0.6833333333333333
surrogate, 40, 44.0, 0.6833333333333333
surrogate, 40, 44.0, 0.6833333333333333
surrogate, 40, 41.0, 0.65
surrogate, 40, 41.0, 0.65
surrogate, 40, 41.0, 0.65
surrogate, 40, 41.0, 0.65
surrogate, 40, 41.0, 0.65
surrogate, 40, 41.0, 0.65
surrogate, 40, 41.0, 0.65
surrogate, 40, 41.0, 0.65
surrogate, 40, 41.0, 0.65
surrogate, 40, 41.0, 0.65
surrogate, 40, 41.0, 0.65
surrogate, 40, 41.0, 0.65
surrogate, 40, 41.0, 0.65
surrogate, 40, 36.0, 0.55
surrogate, 40, 36.0, 0.55
surrogate, 40, 36.0, 0.55
surrogate, 40, 36.0, 0.55
surrogate, 40, 36.0, 0.55
surrogate, 40, 36.0, 0.55
surrogate, 40, 36.0, 0.55
surrogate, 40, 36.0, 0.55
surrogate, 40, 36.0, 0.55
surrogate, 40, 36.0, 0.55
surrogate, 40, 33.0, 0.5
surrogate, 40, 33.0, 0.5
surrogate, 40, 33.0, 0.5
surrogate, 40, 32.0, 0.36666666666666664
surrogate, 40, 32.0, 0.36666666666666664
surrogate, 40, 32.0, 0.36666666666666664
surrogate, 40, 32.0, 0.36666666666666664
surrogate, 40, 32.0, 0.36666666666666664
surrogate, 40, 32.0, 0.36666666666666664
surrogate, 40, 32.0, 0.36666666666666664
surrogate, 40, 32.0, 0.36666666666666664
surrogate, 40, 32.0, 0.36666666666666664
surrogate, 40, 32.0, 0.36666666666666664
surrogate, 40, 32.0, 0.36666666666666664
surrogate, 40, 32.0, 0.36666666666666664
surrogate, 40, 32.0, 0.36666666666666664
surrogate, 40, 32.0, 0.36666666666666664
surrogate, 40, 32.0, 0.36666666666666664
surrogate, 40, 32.0, 0.36666666666666664
surrogate, 40, 32.0, 0.36666666666666664
surrogate, 40, 32.0, 0.36666666666666664
surrogate, 40, 32.0, 0.36666666666666664
surrogate, 40, 32.0, 0.36666666666666664
surrogate, 40, 32.0, 0.36666666666666664
surrogate, 40, 32.0, 0.36666666666666664
surrogate, 40, 32.0, 0.36666666666666664
surrogate, 40, 32.0, 0.36666666666666664
surrogate, 40, 32.0, 0.36666666666666664
surrogate, 40, 32.0, 0.36666666666666664
surrogate, 40, 32.0, 0.36666666666666664
surrogate, 40, 32.0, 0.36666666666666664
surrogate, 40, 32.0, 0.36666666666666664
surrogate, 40, 32.0, 0.36666666666666664
surrogate, 40, 30.0, 0.26666666666666666
surrogate, 40, 30.0, 0.26666666666666666
surrogate, 40, 30.0, 0.26666666666666666
surrogate, 40, 30.0, 0.26666666666666666
surrogate, 40, 30.0, 0.26666666666666666
surrogate, 40, 30.0, 0.26666666666666666
surrogate, 40, 30.0, 0.26666666666666666
surrogate, 40, 30.0, 0.26666666666666666
surrogate, 40, 29.0, 0.06666666666666667
surrogate, 40, 29.0, 0.06666666666666667
surrogate, 40, 29.0, 0.06666666666666667
surrogate, 40, 29.0, 0.06666666666666667
surrogate, 40, 29.0, 0.06666666666666667
surrogate, 40, 29.0, 0.06666666666666667
surrogate, 40, 29.0, 0.06666666666666667
surrogate, 40, 29.0, 0.06666666666666667
surrogate, 40, 29.0, 0.06666666666666667
surrogate, 40, 29.0, 0.06666666666666667
surrogate, 40, 29.0, 0.06666666666666667
surrogate, 40, 29.0, 0.06666666666666667
surrogate, 40, 29.0, 0.06666666666666667
surrogate, 40, 29.0, 0.06666666666666667
surrogate, 40, 29.0, 0.06666666666666667
surrogate, 40, 29.0, 0.06666666666666667
surrogate, 40, 29.0, 0.06666666666666667
surrogate, 40, 29.0, 0.06666666666666667
surrogate, 40, 29.0, 0.06666666666666667
surrogate, 40, 29.0, 0.06666666666666667
surrogate, 40, 29.0, 0.06666666666666667
surrogate, 40, 29.0, 0.06666666666666667
surrogate, 40, 29.0, 0.06666666666666667
surrogate, 40, 29.0, 0.06666666666666667
surrogate, 40, 29.0, 0.06666666666666667
surrogate, 40, 29.0, 0.06666666666666667
surrogate, 40, 29.0, 0.06666666666666667
surrogate, 40, 29.0, 0.06666666666666667
surrogate, 40, 29.0, 0.06666666666666667
surrogate, 40, 28.0, 0.05
surrogate, 40, 28.0, 0.05
surrogate, 40, 28.0, 0.05
surrogate, 40, 28.0, 0.05
surrogate, 40, 28.0, 0.05
surrogate, 40, 28.0, 0.05
surrogate, 40, 28.0, 0.05
surrogate, 40, 28.0, 0.05
surrogate, 40, 28.0, 0.05
surrogate, 40, 28.0, 0.05
surrogate, 40, 28.0, 0.05
surrogate, 40, 28.0, 0.05
surrogate, 40, 28.0, 0.05
surrogate, 40, 28.0, 0.05
surrogate, 40, 28.0, 0.05
surrogate, 40, 28.0, 0.05
surrogate, 40, 28.0, 0.05
surrogate, 40, 28.0, 0.05
surrogate, 40, 27.0, 0.03333333333333333
surrogate, 40, 27.0, 0.03333333333333333
surrogate, 40, 27.0, 0.03333333333333333
surrogate, 40, 27.0, 0.03333333333333333
surrogate, 40, 27.0, 0.03333333333333333
surrogate, 40, 27.0, 0.03333333333333333
surrogate, 40, 27.0, 0.03333333333333333
surrogate, 40, 27.0, 0.03333333333333333
surrogate, 40, 27.0, 0.03333333333333333
surrogate, 40, 27.0, 0.03333333333333333
surrogate, 40, 27.0, 0.03333333333333333
surrogate, 40, 27.0, 0.03333333333333333
surrogate, 40, 27.0, 0.03333333333333333
surrogate, 40, 27.0, 0.03333333333333333
surrogate, 40, 26.0, 0.016666666666666666
surrogate, 40, 26.0, 0.016666666666666666
surrogate, 40, 26.0, 0.016666666666666666
surrogate, 40, 26.0, 0.016666666666666666
surrogate, 40, 26.0, 0.016666666666666666
surrogate, 40, 26.0, 0.016666666666666666
surrogate, 40, 26.0, 0.016666666666666666
surrogate, 40, 26.0, 0.016666666666666666
surrogate, 40, 26.0, 0.016666666666666666
surrogate, 40, 26.0, 0.016666666666666666
surrogate, 40, 26.0, 0.016666666666666666
surrogate, 40, 26.0, 0.016666666666666666
surrogate, 40, 26.0, 0.016666666666666666
surrogate, 40, 26.0, 0.016666666666666666
surrogate, 40, 26.0, 0.016666666666666666
surrogate, 40, 26.0, 0.016666666666666666
surrogate, 40, 26.0, 0.016666666666666666
surrogate, 40, 26.0, 0.016666666666666666
surrogate, 40, 26.0, 0.016666666666666666
surrogate, 40, 26.0, 0.016666666666666666
surrogate, 40, 26.0, 0.016666666666666666
surrogate, 40, 26.0, 0.016666666666666666
surrogate, 40, 26.0, 0.016666666666666666
surrogate, 40, 26.0, 0.016666666666666666
surrogate, 40, 26.0, 0.016666666666666666
surrogate, 40, 26.0, 0.016666666666666666
surrogate, 40, 26.0, 0.016666666666666666
surrogate, 40, 26.0, 0.016666666666666666
surrogate, 40, 26.0, 0.016666666666666666
surrogate, 40, 26.0, 0.016666666666666666
surrogate, 40, 26.0, 0.016666666666666666
surrogate, 40, 26.0, 0.016666666666666666
surrogate, 40, 26.0, 0.016666666666666666
surrogate, 40, 26.0, 0.016666666666666666
surrogate, 40, 26.0, 0.016666666666666666
surrogate, 40, 26.0, 0.016666666666666666
surrogate, 40, 26.0, 0.016666666666666666
surrogate, 40, 26.0, 0.016666666666666666
surrogate, 40, 26.0, 0.016666666666666666
surrogate, 40, 26.0, 0.016666666666666666
surrogate, 40, 26.0, 0.016666666666666666
surrogate, 40, 26.0, 0.016666666666666666
surrogate, 40, 26.0, 0.016666666666666666
surrogate, 40, 26.0, 0.016666666666666666
surrogate, 40, 26.0, 0.016666666666666666
surrogate, 41, 110.0, 0.8333333333333334
surrogate, 41, 64.0, 0.7666666666666667
surrogate, 41, 64.0, 0.7666666666666667
surrogate, 41, 64.0, 0.7666666666666667
surrogate, 41, 51.0, 0.7166666666666667
surrogate, 41, 44.0, 0.6833333333333333
surrogate, 41, 44.0, 0.6833333333333333
surrogate, 41, 44.0, 0.6833333333333333
surrogate, 41, 44.0, 0.6833333333333333
surrogate, 41, 44.0, 0.6833333333333333
surrogate, 41, 41.0, 0.65
surrogate, 41, 41.0, 0.65
surrogate, 41, 41.0, 0.65
surrogate, 41, 41.0, 0.65
surrogate, 41, 41.0, 0.65
surrogate, 41, 41.0, 0.65
surrogate, 41, 41.0, 0.65
surrogate, 41, 41.0, 0.65
surrogate, 41, 41.0, 0.65
surrogate, 41, 41.0, 0.65
surrogate, 41, 41.0, 0.65
surrogate, 41, 41.0, 0.65
surrogate, 41, 41.0, 0.65
surrogate, 41, 41.0, 0.65
surrogate, 41, 36.0, 0.55
surrogate, 41, 36.0, 0.55
surrogate, 41, 36.0, 0.55
surrogate, 41, 36.0, 0.55
surrogate, 41, 36.0, 0.55
surrogate, 41, 36.0, 0.55
surrogate, 41, 36.0, 0.55
surrogate, 41, 36.0, 0.55
surrogate, 41, 36.0, 0.55
surrogate, 41, 36.0, 0.55
surrogate, 41, 36.0, 0.55
surrogate, 41, 33.0, 0.5
surrogate, 41, 33.0, 0.5
surrogate, 41, 33.0, 0.5
surrogate, 41, 33.0, 0.5
surrogate, 41, 32.0, 0.36666666666666664
surrogate, 41, 32.0, 0.36666666666666664
surrogate, 41, 32.0, 0.36666666666666664
surrogate, 41, 32.0, 0.36666666666666664
surrogate, 41, 32.0, 0.36666666666666664
surrogate, 41, 32.0, 0.36666666666666664
surrogate, 41, 32.0, 0.36666666666666664
surrogate, 41, 32.0, 0.36666666666666664
surrogate, 41, 32.0, 0.36666666666666664
surrogate, 41, 32.0, 0.36666666666666664
surrogate, 41, 32.0, 0.36666666666666664
surrogate, 41, 32.0, 0.36666666666666664
surrogate, 41, 32.0, 0.36666666666666664
surrogate, 41, 32.0, 0.36666666666666664
surrogate, 41, 32.0, 0.36666666666666664
surrogate, 41, 32.0, 0.36666666666666664
surrogate, 41, 32.0, 0.36666666666666664
surrogate, 41, 32.0, 0.36666666666666664
surrogate, 41, 32.0, 0.36666666666666664
surrogate, 41, 32.0, 0.36666666666666664
surrogate, 41, 32.0, 0.36666666666666664
surrogate, 41, 32.0, 0.36666666666666664
surrogate, 41, 32.0, 0.36666666666666664
surrogate, 41, 32.0, 0.36666666666666664
surrogate, 41, 32.0, 0.36666666666666664
surrogate, 41, 32.0, 0.36666666666666664
surrogate, 41, 32.0, 0.36666666666666664
surrogate, 41, 32.0, 0.36666666666666664
surrogate, 41, 32.0, 0.36666666666666664
surrogate, 41, 32.0, 0.36666666666666664
surrogate, 41, 32.0, 0.36666666666666664
surrogate, 41, 30.0, 0.26666666666666666
surrogate, 41, 30.0, 0.26666666666666666
surrogate, 41, 30.0, 0.26666666666666666
surrogate, 41, 30.0, 0.26666666666666666
surrogate, 41, 30.0, 0.26666666666666666
surrogate, 41, 30.0, 0.26666666666666666
surrogate, 41, 30.0, 0.26666666666666666
surrogate, 41, 30.0, 0.26666666666666666
surrogate, 41, 30.0, 0.26666666666666666
surrogate, 41, 29.0, 0.06666666666666667
surrogate, 41, 29.0, 0.06666666666666667
surrogate, 41, 29.0, 0.06666666666666667
surrogate, 41, 29.0, 0.06666666666666667
surrogate, 41, 29.0, 0.06666666666666667
surrogate, 41, 29.0, 0.06666666666666667
surrogate, 41, 29.0, 0.06666666666666667
surrogate, 41, 29.0, 0.06666666666666667
surrogate, 41, 29.0, 0.06666666666666667
surrogate, 41, 29.0, 0.06666666666666667
surrogate, 41, 29.0, 0.06666666666666667
surrogate, 41, 29.0, 0.06666666666666667
surrogate, 41, 29.0, 0.06666666666666667
surrogate, 41, 29.0, 0.06666666666666667
surrogate, 41, 29.0, 0.06666666666666667
surrogate, 41, 29.0, 0.06666666666666667
surrogate, 41, 29.0, 0.06666666666666667
surrogate, 41, 29.0, 0.06666666666666667
surrogate, 41, 29.0, 0.06666666666666667
surrogate, 41, 29.0, 0.06666666666666667
surrogate, 41, 29.0, 0.06666666666666667
surrogate, 41, 29.0, 0.06666666666666667
surrogate, 41, 29.0, 0.06666666666666667
surrogate, 41, 29.0, 0.06666666666666667
surrogate, 41, 29.0, 0.06666666666666667
surrogate, 41, 29.0, 0.06666666666666667
surrogate, 41, 29.0, 0.06666666666666667
surrogate, 41, 29.0, 0.06666666666666667
surrogate, 41, 29.0, 0.06666666666666667
surrogate, 41, 29.0, 0.06666666666666667
surrogate, 41, 28.0, 0.05
surrogate, 41, 28.0, 0.05
surrogate, 41, 28.0, 0.05
surrogate, 41, 28.0, 0.05
surrogate, 41, 28.0, 0.05
surrogate, 41, 28.0, 0.05
surrogate, 41, 28.0, 0.05
surrogate, 41, 28.0, 0.05
surrogate, 41, 28.0, 0.05
surrogate, 41, 28.0, 0.05
surrogate, 41, 28.0, 0.05
surrogate, 41, 28.0, 0.05
surrogate, 41, 28.0, 0.05
surrogate, 41, 28.0, 0.05
surrogate, 41, 28.0, 0.05
surrogate, 41, 28.0, 0.05
surrogate, 41, 28.0, 0.05
surrogate, 41, 28.0, 0.05
surrogate, 41, 27.0, 0.03333333333333333
surrogate, 41, 27.0, 0.03333333333333333
surrogate, 41, 27.0, 0.03333333333333333
surrogate, 41, 27.0, 0.03333333333333333
surrogate, 41, 27.0, 0.03333333333333333
surrogate, 41, 27.0, 0.03333333333333333
surrogate, 41, 27.0, 0.03333333333333333
surrogate, 41, 27.0, 0.03333333333333333
surrogate, 41, 27.0, 0.03333333333333333
surrogate, 41, 27.0, 0.03333333333333333
surrogate, 41, 27.0, 0.03333333333333333
surrogate, 41, 27.0, 0.03333333333333333
surrogate, 41, 27.0, 0.03333333333333333
surrogate, 41, 27.0, 0.03333333333333333
surrogate, 41, 26.0, 0.016666666666666666
surrogate, 41, 26.0, 0.016666666666666666
surrogate, 41, 26.0, 0.016666666666666666
surrogate, 41, 26.0, 0.016666666666666666
surrogate, 41, 26.0, 0.016666666666666666
surrogate, 41, 26.0, 0.016666666666666666
surrogate, 41, 26.0, 0.016666666666666666
surrogate, 41, 26.0, 0.016666666666666666
surrogate, 41, 26.0, 0.016666666666666666
surrogate, 41, 26.0, 0.016666666666666666
surrogate, 41, 26.0, 0.016666666666666666
surrogate, 41, 26.0, 0.016666666666666666
surrogate, 41, 26.0, 0.016666666666666666
surrogate, 41, 26.0, 0.016666666666666666
surrogate, 41, 26.0, 0.016666666666666666
surrogate, 41, 26.0, 0.016666666666666666
surrogate, 41, 26.0, 0.016666666666666666
surrogate, 41, 26.0, 0.016666666666666666
surrogate, 41, 26.0, 0.016666666666666666
surrogate, 41, 26.0, 0.016666666666666666
surrogate, 41, 26.0, 0.016666666666666666
surrogate, 41, 26.0, 0.016666666666666666
surrogate, 41, 26.0, 0.016666666666666666
surrogate, 41, 26.0, 0.016666666666666666
surrogate, 41, 26.0, 0.016666666666666666
surrogate, 41, 26.0, 0.016666666666666666
surrogate, 41, 26.0, 0.016666666666666666
surrogate, 41, 26.0, 0.016666666666666666
surrogate, 41, 26.0, 0.016666666666666666
surrogate, 41, 26.0, 0.016666666666666666
surrogate, 41, 26.0, 0.016666666666666666
surrogate, 41, 26.0, 0.016666666666666666
surrogate, 41, 26.0, 0.016666666666666666
surrogate, 41, 26.0, 0.016666666666666666
surrogate, 41, 26.0, 0.016666666666666666
surrogate, 41, 26.0, 0.016666666666666666
surrogate, 41, 26.0, 0.016666666666666666
surrogate, 41, 26.0, 0.016666666666666666
surrogate, 41, 26.0, 0.016666666666666666
surrogate, 41, 26.0, 0.016666666666666666
surrogate, 41, 26.0, 0.016666666666666666
surrogate, 41, 26.0, 0.016666666666666666
surrogate, 41, 26.0, 0.016666666666666666
surrogate, 41, 26.0, 0.016666666666666666
surrogate, 41, 26.0, 0.016666666666666666
surrogate, 41, 26.0, 0.016666666666666666
surrogate, 42, 110.0, 0.8333333333333334
surrogate, 42, 64.0, 0.7666666666666667
surrogate, 42, 64.0, 0.7666666666666667
surrogate, 42, 64.0, 0.7666666666666667
surrogate, 42, 50.0, 0.7166666666666667
surrogate, 42, 44.0, 0.6833333333333333
surrogate, 42, 44.0, 0.6833333333333333
surrogate, 42, 44.0, 0.6833333333333333
surrogate, 42, 44.0, 0.6833333333333333
surrogate, 42, 44.0, 0.6833333333333333
surrogate, 42, 41.0, 0.65
surrogate, 42, 41.0, 0.65
surrogate, 42, 41.0, 0.65
surrogate, 42, 41.0, 0.65
surrogate, 42, 41.0, 0.65
surrogate, 42, 41.0, 0.65
surrogate, 42, 41.0, 0.65
surrogate, 42, 41.0, 0.65
surrogate, 42, 41.0, 0.65
surrogate, 42, 41.0, 0.65
surrogate, 42, 41.0, 0.65
surrogate, 42, 41.0, 0.65
surrogate, 42, 41.0, 0.65
surrogate, 42, 41.0, 0.65
surrogate, 42, 41.0, 0.65
surrogate, 42, 36.0, 0.55
surrogate, 42, 36.0, 0.55
surrogate, 42, 36.0, 0.55
surrogate, 42, 36.0, 0.55
surrogate, 42, 36.0, 0.55
surrogate, 42, 36.0, 0.55
surrogate, 42, 36.0, 0.55
surrogate, 42, 36.0, 0.55
surrogate, 42, 36.0, 0.55
surrogate, 42, 36.0, 0.55
surrogate, 42, 36.0, 0.55
surrogate, 42, 33.0, 0.5
surrogate, 42, 33.0, 0.5
surrogate, 42, 33.0, 0.5
surrogate, 42, 33.0, 0.5
surrogate, 42, 32.0, 0.36666666666666664
surrogate, 42, 32.0, 0.36666666666666664
surrogate, 42, 32.0, 0.36666666666666664
surrogate, 42, 32.0, 0.36666666666666664
surrogate, 42, 32.0, 0.36666666666666664
surrogate, 42, 32.0, 0.36666666666666664
surrogate, 42, 32.0, 0.36666666666666664
surrogate, 42, 32.0, 0.36666666666666664
surrogate, 42, 32.0, 0.36666666666666664
surrogate, 42, 32.0, 0.36666666666666664
surrogate, 42, 32.0, 0.36666666666666664
surrogate, 42, 32.0, 0.36666666666666664
surrogate, 42, 32.0, 0.36666666666666664
surrogate, 42, 32.0, 0.36666666666666664
surrogate, 42, 32.0, 0.36666666666666664
surrogate, 42, 32.0, 0.36666666666666664
surrogate, 42, 32.0, 0.36666666666666664
surrogate, 42, 32.0, 0.36666666666666664
surrogate, 42, 32.0, 0.36666666666666664
surrogate, 42, 32.0, 0.36666666666666664
surrogate, 42, 32.0, 0.36666666666666664
surrogate, 42, 32.0, 0.36666666666666664
surrogate, 42, 32.0, 0.36666666666666664
surrogate, 42, 32.0, 0.36666666666666664
surrogate, 42, 32.0, 0.36666666666666664
surrogate, 42, 32.0, 0.36666666666666664
surrogate, 42, 32.0, 0.36666666666666664
surrogate, 42, 32.0, 0.36666666666666664
surrogate, 42, 32.0, 0.36666666666666664
surrogate, 42, 32.0, 0.36666666666666664
surrogate, 42, 32.0, 0.36666666666666664
surrogate, 42, 32.0, 0.36666666666666664
surrogate, 42, 30.0, 0.26666666666666666
surrogate, 42, 30.0, 0.26666666666666666
surrogate, 42, 30.0, 0.26666666666666666
surrogate, 42, 30.0, 0.26666666666666666
surrogate, 42, 30.0, 0.26666666666666666
surrogate, 42, 30.0, 0.26666666666666666
surrogate, 42, 30.0, 0.26666666666666666
surrogate, 42, 30.0, 0.26666666666666666
surrogate, 42, 30.0, 0.26666666666666666
surrogate, 42, 29.0, 0.06666666666666667
surrogate, 42, 29.0, 0.06666666666666667
surrogate, 42, 29.0, 0.06666666666666667
surrogate, 42, 29.0, 0.06666666666666667
surrogate, 42, 29.0, 0.06666666666666667
surrogate, 42, 29.0, 0.06666666666666667
surrogate, 42, 29.0, 0.06666666666666667
surrogate, 42, 29.0, 0.06666666666666667
surrogate, 42, 29.0, 0.06666666666666667
surrogate, 42, 29.0, 0.06666666666666667
surrogate, 42, 29.0, 0.06666666666666667
surrogate, 42, 29.0, 0.06666666666666667
surrogate, 42, 29.0, 0.06666666666666667
surrogate, 42, 29.0, 0.06666666666666667
surrogate, 42, 29.0, 0.06666666666666667
surrogate, 42, 29.0, 0.06666666666666667
surrogate, 42, 29.0, 0.06666666666666667
surrogate, 42, 29.0, 0.06666666666666667
surrogate, 42, 29.0, 0.06666666666666667
surrogate, 42, 29.0, 0.06666666666666667
surrogate, 42, 29.0, 0.06666666666666667
surrogate, 42, 29.0, 0.06666666666666667
surrogate, 42, 29.0, 0.06666666666666667
surrogate, 42, 29.0, 0.06666666666666667
surrogate, 42, 29.0, 0.06666666666666667
surrogate, 42, 29.0, 0.06666666666666667
surrogate, 42, 29.0, 0.06666666666666667
surrogate, 42, 29.0, 0.06666666666666667
surrogate, 42, 29.0, 0.06666666666666667
surrogate, 42, 29.0, 0.06666666666666667
surrogate, 42, 29.0, 0.06666666666666667
surrogate, 42, 28.0, 0.05
surrogate, 42, 28.0, 0.05
surrogate, 42, 28.0, 0.05
surrogate, 42, 28.0, 0.05
surrogate, 42, 28.0, 0.05
surrogate, 42, 28.0, 0.05
surrogate, 42, 28.0, 0.05
surrogate, 42, 28.0, 0.05
surrogate, 42, 28.0, 0.05
surrogate, 42, 28.0, 0.05
surrogate, 42, 28.0, 0.05
surrogate, 42, 28.0, 0.05
surrogate, 42, 28.0, 0.05
surrogate, 42, 28.0, 0.05
surrogate, 42, 28.0, 0.05
surrogate, 42, 28.0, 0.05
surrogate, 42, 28.0, 0.05
surrogate, 42, 28.0, 0.05
surrogate, 42, 27.0, 0.03333333333333333
surrogate, 42, 27.0, 0.03333333333333333
surrogate, 42, 27.0, 0.03333333333333333
surrogate, 42, 27.0, 0.03333333333333333
surrogate, 42, 27.0, 0.03333333333333333
surrogate, 42, 27.0, 0.03333333333333333
surrogate, 42, 27.0, 0.03333333333333333
surrogate, 42, 27.0, 0.03333333333333333
surrogate, 42, 27.0, 0.03333333333333333
surrogate, 42, 27.0, 0.03333333333333333
surrogate, 42, 27.0, 0.03333333333333333
surrogate, 42, 27.0, 0.03333333333333333
surrogate, 42, 27.0, 0.03333333333333333
surrogate, 42, 27.0, 0.03333333333333333
surrogate, 42, 26.0, 0.016666666666666666
surrogate, 42, 26.0, 0.016666666666666666
surrogate, 42, 26.0, 0.016666666666666666
surrogate, 42, 26.0, 0.016666666666666666
surrogate, 42, 26.0, 0.016666666666666666
surrogate, 42, 26.0, 0.016666666666666666
surrogate, 42, 26.0, 0.016666666666666666
surrogate, 42, 26.0, 0.016666666666666666
surrogate, 42, 26.0, 0.016666666666666666
surrogate, 42, 26.0, 0.016666666666666666
surrogate, 42, 26.0, 0.016666666666666666
surrogate, 42, 26.0, 0.016666666666666666
surrogate, 42, 26.0, 0.016666666666666666
surrogate, 42, 26.0, 0.016666666666666666
surrogate, 42, 26.0, 0.016666666666666666
surrogate, 42, 26.0, 0.016666666666666666
surrogate, 42, 26.0, 0.016666666666666666
surrogate, 42, 26.0, 0.016666666666666666
surrogate, 42, 26.0, 0.016666666666666666
surrogate, 42, 26.0, 0.016666666666666666
surrogate, 42, 26.0, 0.016666666666666666
surrogate, 42, 26.0, 0.016666666666666666
surrogate, 42, 26.0, 0.016666666666666666
surrogate, 42, 26.0, 0.016666666666666666
surrogate, 42, 26.0, 0.016666666666666666
surrogate, 42, 26.0, 0.016666666666666666
surrogate, 42, 26.0, 0.016666666666666666
surrogate, 42, 26.0, 0.016666666666666666
surrogate, 42, 26.0, 0.016666666666666666
surrogate, 42, 26.0, 0.016666666666666666
surrogate, 42, 26.0, 0.016666666666666666
surrogate, 42, 26.0, 0.016666666666666666
surrogate, 42, 26.0, 0.016666666666666666
surrogate, 42, 26.0, 0.016666666666666666
surrogate, 42, 26.0, 0.016666666666666666
surrogate, 42, 26.0, 0.016666666666666666
surrogate, 42, 26.0, 0.016666666666666666
surrogate, 42, 26.0, 0.016666666666666666
surrogate, 42, 26.0, 0.016666666666666666
surrogate, 42, 26.0, 0.016666666666666666
surrogate, 42, 26.0, 0.016666666666666666
surrogate, 42, 26.0, 0.016666666666666666
surrogate, 42, 26.0, 0.016666666666666666
surrogate, 42, 26.0, 0.016666666666666666
surrogate, 42, 26.0, 0.016666666666666666
surrogate, 42, 26.0, 0.016666666666666666
surrogate, 42, 26.0, 0.016666666666666666
surrogate, 43, 110.0, 0.8333333333333334
surrogate, 43, 63.0, 0.7666666666666667
surrogate, 43, 49.0, 0.7166666666666667
surrogate, 43, 44.0, 0.6833333333333333
surrogate, 43, 44.0, 0.6833333333333333
surrogate, 43, 44.0, 0.6833333333333333
surrogate, 43, 44.0, 0.6833333333333333
surrogate, 43, 44.0, 0.6833333333333333
surrogate, 43, 44.0, 0.6833333333333333
surrogate, 43, 41.0, 0.65
surrogate, 43, 41.0, 0.65
surrogate, 43, 41.0, 0.65
surrogate, 43, 41.0, 0.65
surrogate, 43, 41.0, 0.65
surrogate, 43, 41.0, 0.65
surrogate, 43, 41.0, 0.65
surrogate, 43, 41.0, 0.65
surrogate, 43, 41.0, 0.65
surrogate, 43, 41.0, 0.65
surrogate, 43, 41.0, 0.65
surrogate, 43, 41.0, 0.65
surrogate, 43, 41.0, 0.65
surrogate, 43, 41.0, 0.65
surrogate, 43, 41.0, 0.65
surrogate, 43, 41.0, 0.65
surrogate, 43, 36.0, 0.55
surrogate, 43, 36.0, 0.55
surrogate, 43, 36.0, 0.55
surrogate, 43, 36.0, 0.55
surrogate, 43, 36.0, 0.55
surrogate, 43, 36.0, 0.55
surrogate, 43, 36.0, 0.55
surrogate, 43, 36.0, 0.55
surrogate, 43, 36.0, 0.55
surrogate, 43, 36.0, 0.55
surrogate, 43, 36.0, 0.55
surrogate, 43, 33.0, 0.5
surrogate, 43, 33.0, 0.5
surrogate, 43, 33.0, 0.5
surrogate, 43, 33.0, 0.5
surrogate, 43, 32.0, 0.36666666666666664
surrogate, 43, 32.0, 0.36666666666666664
surrogate, 43, 32.0, 0.36666666666666664
surrogate, 43, 32.0, 0.36666666666666664
surrogate, 43, 32.0, 0.36666666666666664
surrogate, 43, 32.0, 0.36666666666666664
surrogate, 43, 32.0, 0.36666666666666664
surrogate, 43, 32.0, 0.36666666666666664
surrogate, 43, 32.0, 0.36666666666666664
surrogate, 43, 32.0, 0.36666666666666664
surrogate, 43, 32.0, 0.36666666666666664
surrogate, 43, 32.0, 0.36666666666666664
surrogate, 43, 32.0, 0.36666666666666664
surrogate, 43, 32.0, 0.36666666666666664
surrogate, 43, 32.0, 0.36666666666666664
surrogate, 43, 32.0, 0.36666666666666664
surrogate, 43, 32.0, 0.36666666666666664
surrogate, 43, 32.0, 0.36666666666666664
surrogate, 43, 32.0, 0.36666666666666664
surrogate, 43, 32.0, 0.36666666666666664
surrogate, 43, 32.0, 0.36666666666666664
surrogate, 43, 32.0, 0.36666666666666664
surrogate, 43, 32.0, 0.36666666666666664
surrogate, 43, 32.0, 0.36666666666666664
surrogate, 43, 32.0, 0.36666666666666664
surrogate, 43, 32.0, 0.36666666666666664
surrogate, 43, 32.0, 0.36666666666666664
surrogate, 43, 32.0, 0.36666666666666664
surrogate, 43, 32.0, 0.36666666666666664
surrogate, 43, 32.0, 0.36666666666666664
surrogate, 43, 32.0, 0.36666666666666664
surrogate, 43, 32.0, 0.36666666666666664
surrogate, 43, 32.0, 0.36666666666666664
surrogate, 43, 30.0, 0.26666666666666666
surrogate, 43, 30.0, 0.26666666666666666
surrogate, 43, 30.0, 0.26666666666666666
surrogate, 43, 30.0, 0.26666666666666666
surrogate, 43, 30.0, 0.26666666666666666
surrogate, 43, 30.0, 0.26666666666666666
surrogate, 43, 30.0, 0.26666666666666666
surrogate, 43, 30.0, 0.26666666666666666
surrogate, 43, 30.0, 0.26666666666666666
surrogate, 43, 30.0, 0.26666666666666666
surrogate, 43, 29.0, 0.06666666666666667
surrogate, 43, 29.0, 0.06666666666666667
surrogate, 43, 29.0, 0.06666666666666667
surrogate, 43, 29.0, 0.06666666666666667
surrogate, 43, 29.0, 0.06666666666666667
surrogate, 43, 29.0, 0.06666666666666667
surrogate, 43, 29.0, 0.06666666666666667
surrogate, 43, 29.0, 0.06666666666666667
surrogate, 43, 29.0, 0.06666666666666667
surrogate, 43, 29.0, 0.06666666666666667
surrogate, 43, 29.0, 0.06666666666666667
surrogate, 43, 29.0, 0.06666666666666667
surrogate, 43, 29.0, 0.06666666666666667
surrogate, 43, 29.0, 0.06666666666666667
surrogate, 43, 29.0, 0.06666666666666667
surrogate, 43, 29.0, 0.06666666666666667
surrogate, 43, 29.0, 0.06666666666666667
surrogate, 43, 29.0, 0.06666666666666667
surrogate, 43, 29.0, 0.06666666666666667
surrogate, 43, 29.0, 0.06666666666666667
surrogate, 43, 29.0, 0.06666666666666667
surrogate, 43, 29.0, 0.06666666666666667
surrogate, 43, 29.0, 0.06666666666666667
surrogate, 43, 29.0, 0.06666666666666667
surrogate, 43, 29.0, 0.06666666666666667
surrogate, 43, 29.0, 0.06666666666666667
surrogate, 43, 29.0, 0.06666666666666667
surrogate, 43, 29.0, 0.06666666666666667
surrogate, 43, 29.0, 0.06666666666666667
surrogate, 43, 29.0, 0.06666666666666667
surrogate, 43, 29.0, 0.06666666666666667
surrogate, 43, 29.0, 0.06666666666666667
surrogate, 43, 28.0, 0.05
surrogate, 43, 28.0, 0.05
surrogate, 43, 28.0, 0.05
surrogate, 43, 28.0, 0.05
surrogate, 43, 28.0, 0.05
surrogate, 43, 28.0, 0.05
surrogate, 43, 28.0, 0.05
surrogate, 43, 28.0, 0.05
surrogate, 43, 28.0, 0.05
surrogate, 43, 28.0, 0.05
surrogate, 43, 28.0, 0.05
surrogate, 43, 28.0, 0.05
surrogate, 43, 28.0, 0.05
surrogate, 43, 28.0, 0.05
surrogate, 43, 28.0, 0.05
surrogate, 43, 28.0, 0.05
surrogate, 43, 28.0, 0.05
surrogate, 43, 28.0, 0.05
surrogate, 43, 27.0, 0.03333333333333333
surrogate, 43, 27.0, 0.03333333333333333
surrogate, 43, 27.0, 0.03333333333333333
surrogate, 43, 27.0, 0.03333333333333333
surrogate, 43, 27.0, 0.03333333333333333
surrogate, 43, 27.0, 0.03333333333333333
surrogate, 43, 27.0, 0.03333333333333333
surrogate, 43, 27.0, 0.03333333333333333
surrogate, 43, 27.0, 0.03333333333333333
surrogate, 43, 27.0, 0.03333333333333333
surrogate, 43, 27.0, 0.03333333333333333
surrogate, 43, 27.0, 0.03333333333333333
surrogate, 43, 27.0, 0.03333333333333333
surrogate, 43, 27.0, 0.03333333333333333
surrogate, 43, 26.0, 0.016666666666666666
surrogate, 43, 26.0, 0.016666666666666666
surrogate, 43, 26.0, 0.016666666666666666
surrogate, 43, 26.0, 0.016666666666666666
surrogate, 43, 26.0, 0.016666666666666666
surrogate, 43, 26.0, 0.016666666666666666
surrogate, 43, 26.0, 0.016666666666666666
surrogate, 43, 26.0, 0.016666666666666666
surrogate, 43, 26.0, 0.016666666666666666
surrogate, 43, 26.0, 0.016666666666666666
surrogate, 43, 26.0, 0.016666666666666666
surrogate, 43, 26.0, 0.016666666666666666
surrogate, 43, 26.0, 0.016666666666666666
surrogate, 43, 26.0, 0.016666666666666666
surrogate, 43, 26.0, 0.016666666666666666
surrogate, 43, 26.0, 0.016666666666666666
surrogate, 43, 26.0, 0.016666666666666666
surrogate, 43, 26.0, 0.016666666666666666
surrogate, 43, 26.0, 0.016666666666666666
surrogate, 43, 26.0, 0.016666666666666666
surrogate, 43, 26.0, 0.016666666666666666
surrogate, 43, 26.0, 0.016666666666666666
surrogate, 43, 26.0, 0.016666666666666666
surrogate, 43, 26.0, 0.016666666666666666
surrogate, 43, 26.0, 0.016666666666666666
surrogate, 43, 26.0, 0.016666666666666666
surrogate, 43, 26.0, 0.016666666666666666
surrogate, 43, 26.0, 0.016666666666666666
surrogate, 43, 26.0, 0.016666666666666666
surrogate, 43, 26.0, 0.016666666666666666
surrogate, 43, 26.0, 0.016666666666666666
surrogate, 43, 26.0, 0.016666666666666666
surrogate, 43, 26.0, 0.016666666666666666
surrogate, 43, 26.0, 0.016666666666666666
surrogate, 43, 26.0, 0.016666666666666666
surrogate, 43, 26.0, 0.016666666666666666
surrogate, 43, 26.0, 0.016666666666666666
surrogate, 43, 26.0, 0.016666666666666666
surrogate, 43, 26.0, 0.016666666666666666
surrogate, 43, 26.0, 0.016666666666666666
surrogate, 43, 26.0, 0.016666666666666666
surrogate, 43, 26.0, 0.016666666666666666
surrogate, 43, 26.0, 0.016666666666666666
surrogate, 43, 26.0, 0.016666666666666666
surrogate, 43, 26.0, 0.016666666666666666
surrogate, 43, 26.0, 0.016666666666666666
surrogate, 43, 26.0, 0.016666666666666666
surrogate, 43, 26.0, 0.016666666666666666
surrogate, 44, 110.0, 0.8333333333333334
surrogate, 44, 110.0, 0.8333333333333334
surrogate, 44, 63.0, 0.7666666666666667
surrogate, 44, 49.0, 0.7166666666666667
surrogate, 44, 44.0, 0.6833333333333333
surrogate, 44, 44.0, 0.6833333333333333
surrogate, 44, 44.0, 0.6833333333333333
surrogate, 44, 44.0, 0.6833333333333333
surrogate, 44, 44.0, 0.6833333333333333
surrogate, 44, 44.0, 0.6833333333333333
surrogate, 44, 41.0, 0.65
surrogate, 44, 41.0, 0.65
surrogate, 44, 41.0, 0.65
surrogate, 44, 41.0, 0.65
surrogate, 44, 41.0, 0.65
surrogate, 44, 41.0, 0.65
surrogate, 44, 41.0, 0.65
surrogate, 44, 41.0, 0.65
surrogate, 44, 41.0, 0.65
surrogate, 44, 41.0, 0.65
surrogate, 44, 41.0, 0.65
surrogate, 44, 41.0, 0.65
surrogate, 44, 41.0, 0.65
surrogate, 44, 41.0, 0.65
surrogate, 44, 41.0, 0.65
surrogate, 44, 41.0, 0.65
surrogate, 44, 41.0, 0.65
surrogate, 44, 36.0, 0.55
surrogate, 44, 36.0, 0.55
surrogate, 44, 36.0, 0.55
surrogate, 44, 36.0, 0.55
surrogate, 44, 36.0, 0.55
surrogate, 44, 36.0, 0.55
surrogate, 44, 36.0, 0.55
surrogate, 44, 36.0, 0.55
surrogate, 44, 36.0, 0.55
surrogate, 44, 36.0, 0.55
surrogate, 44, 36.0, 0.55
surrogate, 44, 36.0, 0.55
surrogate, 44, 33.0, 0.5
surrogate, 44, 33.0, 0.5
surrogate, 44, 33.0, 0.5
surrogate, 44, 33.0, 0.5
surrogate, 44, 33.0, 0.5
surrogate, 44, 32.0, 0.36666666666666664
surrogate, 44, 32.0, 0.36666666666666664
surrogate, 44, 32.0, 0.36666666666666664
surrogate, 44, 32.0, 0.36666666666666664
surrogate, 44, 32.0, 0.36666666666666664
surrogate, 44, 32.0, 0.36666666666666664
surrogate, 44, 32.0, 0.36666666666666664
surrogate, 44, 32.0, 0.36666666666666664
surrogate, 44, 32.0, 0.36666666666666664
surrogate, 44, 32.0, 0.36666666666666664
surrogate, 44, 32.0, 0.36666666666666664
surrogate, 44, 32.0, 0.36666666666666664
surrogate, 44, 32.0, 0.36666666666666664
surrogate, 44, 32.0, 0.36666666666666664
surrogate, 44, 32.0, 0.36666666666666664
surrogate, 44, 32.0, 0.36666666666666664
surrogate, 44, 32.0, 0.36666666666666664
surrogate, 44, 32.0, 0.36666666666666664
surrogate, 44, 32.0, 0.36666666666666664
surrogate, 44, 32.0, 0.36666666666666664
surrogate, 44, 32.0, 0.36666666666666664
surrogate, 44, 32.0, 0.36666666666666664
surrogate, 44, 32.0, 0.36666666666666664
surrogate, 44, 32.0, 0.36666666666666664
surrogate, 44, 32.0, 0.36666666666666664
surrogate, 44, 32.0, 0.36666666666666664
surrogate, 44, 32.0, 0.36666666666666664
surrogate, 44, 32.0, 0.36666666666666664
surrogate, 44, 32.0, 0.36666666666666664
surrogate, 44, 32.0, 0.36666666666666664
surrogate, 44, 32.0, 0.36666666666666664
surrogate, 44, 32.0, 0.36666666666666664
surrogate, 44, 32.0, 0.36666666666666664
surrogate, 44, 32.0, 0.36666666666666664
surrogate, 44, 30.0, 0.26666666666666666
surrogate, 44, 30.0, 0.26666666666666666
surrogate, 44, 30.0, 0.26666666666666666
surrogate, 44, 30.0, 0.26666666666666666
surrogate, 44, 30.0, 0.26666666666666666
surrogate, 44, 30.0, 0.26666666666666666
surrogate, 44, 30.0, 0.26666666666666666
surrogate, 44, 30.0, 0.26666666666666666
surrogate, 44, 30.0, 0.26666666666666666
surrogate, 44, 30.0, 0.26666666666666666
surrogate, 44, 30.0, 0.26666666666666666
surrogate, 44, 29.0, 0.06666666666666667
surrogate, 44, 29.0, 0.06666666666666667
surrogate, 44, 29.0, 0.06666666666666667
surrogate, 44, 29.0, 0.06666666666666667
surrogate, 44, 29.0, 0.06666666666666667
surrogate, 44, 29.0, 0.06666666666666667
surrogate, 44, 29.0, 0.06666666666666667
surrogate, 44, 29.0, 0.06666666666666667
surrogate, 44, 29.0, 0.06666666666666667
surrogate, 44, 29.0, 0.06666666666666667
surrogate, 44, 29.0, 0.06666666666666667
surrogate, 44, 29.0, 0.06666666666666667
surrogate, 44, 29.0, 0.06666666666666667
surrogate, 44, 29.0, 0.06666666666666667
surrogate, 44, 29.0, 0.06666666666666667
surrogate, 44, 29.0, 0.06666666666666667
surrogate, 44, 29.0, 0.06666666666666667
surrogate, 44, 29.0, 0.06666666666666667
surrogate, 44, 29.0, 0.06666666666666667
surrogate, 44, 29.0, 0.06666666666666667
surrogate, 44, 29.0, 0.06666666666666667
surrogate, 44, 29.0, 0.06666666666666667
surrogate, 44, 29.0, 0.06666666666666667
surrogate, 44, 29.0, 0.06666666666666667
surrogate, 44, 29.0, 0.06666666666666667
surrogate, 44, 29.0, 0.06666666666666667
surrogate, 44, 29.0, 0.06666666666666667
surrogate, 44, 29.0, 0.06666666666666667
surrogate, 44, 29.0, 0.06666666666666667
surrogate, 44, 29.0, 0.06666666666666667
surrogate, 44, 29.0, 0.06666666666666667
surrogate, 44, 29.0, 0.06666666666666667
surrogate, 44, 29.0, 0.06666666666666667
surrogate, 44, 28.0, 0.05
surrogate, 44, 28.0, 0.05
surrogate, 44, 28.0, 0.05
surrogate, 44, 28.0, 0.05
surrogate, 44, 28.0, 0.05
surrogate, 44, 28.0, 0.05
surrogate, 44, 28.0, 0.05
surrogate, 44, 28.0, 0.05
surrogate, 44, 28.0, 0.05
surrogate, 44, 28.0, 0.05
surrogate, 44, 28.0, 0.05
surrogate, 44, 28.0, 0.05
surrogate, 44, 28.0, 0.05
surrogate, 44, 28.0, 0.05
surrogate, 44, 28.0, 0.05
surrogate, 44, 28.0, 0.05
surrogate, 44, 28.0, 0.05
surrogate, 44, 28.0, 0.05
surrogate, 44, 27.0, 0.03333333333333333
surrogate, 44, 27.0, 0.03333333333333333
surrogate, 44, 27.0, 0.03333333333333333
surrogate, 44, 27.0, 0.03333333333333333
surrogate, 44, 27.0, 0.03333333333333333
surrogate, 44, 27.0, 0.03333333333333333
surrogate, 44, 27.0, 0.03333333333333333
surrogate, 44, 27.0, 0.03333333333333333
surrogate, 44, 27.0, 0.03333333333333333
surrogate, 44, 27.0, 0.03333333333333333
surrogate, 44, 27.0, 0.03333333333333333
surrogate, 44, 27.0, 0.03333333333333333
surrogate, 44, 27.0, 0.03333333333333333
surrogate, 44, 27.0, 0.03333333333333333
surrogate, 44, 26.0, 0.016666666666666666
surrogate, 44, 26.0, 0.016666666666666666
surrogate, 44, 26.0, 0.016666666666666666
surrogate, 44, 26.0, 0.016666666666666666
surrogate, 44, 26.0, 0.016666666666666666
surrogate, 44, 26.0, 0.016666666666666666
surrogate, 44, 26.0, 0.016666666666666666
surrogate, 44, 26.0, 0.016666666666666666
surrogate, 44, 26.0, 0.016666666666666666
surrogate, 44, 26.0, 0.016666666666666666
surrogate, 44, 26.0, 0.016666666666666666
surrogate, 44, 26.0, 0.016666666666666666
surrogate, 44, 26.0, 0.016666666666666666
surrogate, 44, 26.0, 0.016666666666666666
surrogate, 44, 26.0, 0.016666666666666666
surrogate, 44, 26.0, 0.016666666666666666
surrogate, 44, 26.0, 0.016666666666666666
surrogate, 44, 26.0, 0.016666666666666666
surrogate, 44, 26.0, 0.016666666666666666
surrogate, 44, 26.0, 0.016666666666666666
surrogate, 44, 26.0, 0.016666666666666666
surrogate, 44, 26.0, 0.016666666666666666
surrogate, 44, 26.0, 0.016666666666666666
surrogate, 44, 26.0, 0.016666666666666666
surrogate, 44, 26.0, 0.016666666666666666
surrogate, 44, 26.0, 0.016666666666666666
surrogate, 44, 26.0, 0.016666666666666666
surrogate, 44, 26.0, 0.016666666666666666
surrogate, 44, 26.0, 0.016666666666666666
surrogate, 44, 26.0, 0.016666666666666666
surrogate, 44, 26.0, 0.016666666666666666
surrogate, 44, 26.0, 0.016666666666666666
surrogate, 44, 26.0, 0.016666666666666666
surrogate, 44, 26.0, 0.016666666666666666
surrogate, 44, 26.0, 0.016666666666666666
surrogate, 44, 26.0, 0.016666666666666666
surrogate, 44, 26.0, 0.016666666666666666
surrogate, 44, 26.0, 0.016666666666666666
surrogate, 44, 26.0, 0.016666666666666666
surrogate, 44, 26.0, 0.016666666666666666
surrogate, 44, 26.0, 0.016666666666666666
surrogate, 44, 26.0, 0.016666666666666666
surrogate, 44, 26.0, 0.016666666666666666
surrogate, 44, 26.0, 0.016666666666666666
surrogate, 44, 26.0, 0.016666666666666666
surrogate, 44, 26.0, 0.016666666666666666
surrogate, 44, 26.0, 0.016666666666666666
surrogate, 44, 26.0, 0.016666666666666666
surrogate, 44, 26.0, 0.016666666666666666
surrogate, 45, 108.0, 0.8333333333333334
surrogate, 45, 63.0, 0.7666666666666667
surrogate, 45, 49.0, 0.7166666666666667
surrogate, 45, 44.0, 0.6833333333333333
surrogate, 45, 44.0, 0.6833333333333333
surrogate, 45, 44.0, 0.6833333333333333
surrogate, 45, 44.0, 0.6833333333333333
surrogate, 45, 44.0, 0.6833333333333333
surrogate, 45, 44.0, 0.6833333333333333
surrogate, 45, 41.0, 0.65
surrogate, 45, 41.0, 0.65
surrogate, 45, 41.0, 0.65
surrogate, 45, 41.0, 0.65
surrogate, 45, 41.0, 0.65
surrogate, 45, 41.0, 0.65
surrogate, 45, 41.0, 0.65
surrogate, 45, 41.0, 0.65
surrogate, 45, 41.0, 0.65
surrogate, 45, 41.0, 0.65
surrogate, 45, 41.0, 0.65
surrogate, 45, 41.0, 0.65
surrogate, 45, 41.0, 0.65
surrogate, 45, 41.0, 0.65
surrogate, 45, 41.0, 0.65
surrogate, 45, 41.0, 0.65
surrogate, 45, 41.0, 0.65
surrogate, 45, 36.0, 0.55
surrogate, 45, 36.0, 0.55
surrogate, 45, 36.0, 0.55
surrogate, 45, 36.0, 0.55
surrogate, 45, 36.0, 0.55
surrogate, 45, 36.0, 0.55
surrogate, 45, 36.0, 0.55
surrogate, 45, 36.0, 0.55
surrogate, 45, 36.0, 0.55
surrogate, 45, 36.0, 0.55
surrogate, 45, 36.0, 0.55
surrogate, 45, 36.0, 0.55
surrogate, 45, 36.0, 0.55
surrogate, 45, 33.0, 0.5
surrogate, 45, 33.0, 0.5
surrogate, 45, 33.0, 0.5
surrogate, 45, 33.0, 0.5
surrogate, 45, 33.0, 0.5
surrogate, 45, 32.0, 0.36666666666666664
surrogate, 45, 32.0, 0.36666666666666664
surrogate, 45, 32.0, 0.36666666666666664
surrogate, 45, 32.0, 0.36666666666666664
surrogate, 45, 32.0, 0.36666666666666664
surrogate, 45, 32.0, 0.36666666666666664
surrogate, 45, 32.0, 0.36666666666666664
surrogate, 45, 32.0, 0.36666666666666664
surrogate, 45, 32.0, 0.36666666666666664
surrogate, 45, 32.0, 0.36666666666666664
surrogate, 45, 32.0, 0.36666666666666664
surrogate, 45, 32.0, 0.36666666666666664
surrogate, 45, 32.0, 0.36666666666666664
surrogate, 45, 32.0, 0.36666666666666664
surrogate, 45, 32.0, 0.36666666666666664
surrogate, 45, 32.0, 0.36666666666666664
surrogate, 45, 32.0, 0.36666666666666664
surrogate, 45, 32.0, 0.36666666666666664
surrogate, 45, 32.0, 0.36666666666666664
surrogate, 45, 32.0, 0.36666666666666664
surrogate, 45, 32.0, 0.36666666666666664
surrogate, 45, 32.0, 0.36666666666666664
surrogate, 45, 32.0, 0.36666666666666664
surrogate, 45, 32.0, 0.36666666666666664
surrogate, 45, 32.0, 0.36666666666666664
surrogate, 45, 32.0, 0.36666666666666664
surrogate, 45, 32.0, 0.36666666666666664
surrogate, 45, 32.0, 0.36666666666666664
surrogate, 45, 32.0, 0.36666666666666664
surrogate, 45, 32.0, 0.36666666666666664
surrogate, 45, 32.0, 0.36666666666666664
surrogate, 45, 32.0, 0.36666666666666664
surrogate, 45, 32.0, 0.36666666666666664
surrogate, 45, 32.0, 0.36666666666666664
surrogate, 45, 32.0, 0.36666666666666664
surrogate, 45, 30.0, 0.26666666666666666
surrogate, 45, 30.0, 0.26666666666666666
surrogate, 45, 30.0, 0.26666666666666666
surrogate, 45, 30.0, 0.26666666666666666
surrogate, 45, 30.0, 0.26666666666666666
surrogate, 45, 30.0, 0.26666666666666666
surrogate, 45, 30.0, 0.26666666666666666
surrogate, 45, 30.0, 0.26666666666666666
surrogate, 45, 30.0, 0.26666666666666666
surrogate, 45, 30.0, 0.26666666666666666
surrogate, 45, 30.0, 0.26666666666666666
surrogate, 45, 30.0, 0.26666666666666666
surrogate, 45, 29.0, 0.06666666666666667
surrogate, 45, 29.0, 0.06666666666666667
surrogate, 45, 29.0, 0.06666666666666667
surrogate, 45, 29.0, 0.06666666666666667
surrogate, 45, 29.0, 0.06666666666666667
surrogate, 45, 29.0, 0.06666666666666667
surrogate, 45, 29.0, 0.06666666666666667
surrogate, 45, 29.0, 0.06666666666666667
surrogate, 45, 29.0, 0.06666666666666667
surrogate, 45, 29.0, 0.06666666666666667
surrogate, 45, 29.0, 0.06666666666666667
surrogate, 45, 29.0, 0.06666666666666667
surrogate, 45, 29.0, 0.06666666666666667
surrogate, 45, 29.0, 0.06666666666666667
surrogate, 45, 29.0, 0.06666666666666667
surrogate, 45, 29.0, 0.06666666666666667
surrogate, 45, 29.0, 0.06666666666666667
surrogate, 45, 29.0, 0.06666666666666667
surrogate, 45, 29.0, 0.06666666666666667
surrogate, 45, 29.0, 0.06666666666666667
surrogate, 45, 29.0, 0.06666666666666667
surrogate, 45, 29.0, 0.06666666666666667
surrogate, 45, 29.0, 0.06666666666666667
surrogate, 45, 29.0, 0.06666666666666667
surrogate, 45, 29.0, 0.06666666666666667
surrogate, 45, 29.0, 0.06666666666666667
surrogate, 45, 29.0, 0.06666666666666667
surrogate, 45, 29.0, 0.06666666666666667
surrogate, 45, 29.0, 0.06666666666666667
surrogate, 45, 29.0, 0.06666666666666667
surrogate, 45, 29.0, 0.06666666666666667
surrogate, 45, 29.0, 0.06666666666666667
surrogate, 45, 29.0, 0.06666666666666667
surrogate, 45, 29.0, 0.06666666666666667
surrogate, 45, 28.0, 0.05
surrogate, 45, 28.0, 0.05
surrogate, 45, 28.0, 0.05
surrogate, 45, 28.0, 0.05
surrogate, 45, 28.0, 0.05
surrogate, 45, 28.0, 0.05
surrogate, 45, 28.0, 0.05
surrogate, 45, 28.0, 0.05
surrogate, 45, 28.0, 0.05
surrogate, 45, 28.0, 0.05
surrogate, 45, 28.0, 0.05
surrogate, 45, 28.0, 0.05
surrogate, 45, 28.0, 0.05
surrogate, 45, 28.0, 0.05
surrogate, 45, 28.0, 0.05
surrogate, 45, 28.0, 0.05
surrogate, 45, 28.0, 0.05
surrogate, 45, 28.0, 0.05
surrogate, 45, 27.0, 0.03333333333333333
surrogate, 45, 27.0, 0.03333333333333333
surrogate, 45, 27.0, 0.03333333333333333
surrogate, 45, 27.0, 0.03333333333333333
surrogate, 45, 27.0, 0.03333333333333333
surrogate, 45, 27.0, 0.03333333333333333
surrogate, 45, 27.0, 0.03333333333333333
surrogate, 45, 27.0, 0.03333333333333333
surrogate, 45, 27.0, 0.03333333333333333
surrogate, 45, 27.0, 0.03333333333333333
surrogate, 45, 27.0, 0.03333333333333333
surrogate, 45, 27.0, 0.03333333333333333
surrogate, 45, 27.0, 0.03333333333333333
surrogate, 45, 27.0, 0.03333333333333333
surrogate, 45, 26.0, 0.016666666666666666
surrogate, 45, 26.0, 0.016666666666666666
surrogate, 45, 26.0, 0.016666666666666666
surrogate, 45, 26.0, 0.016666666666666666
surrogate, 45, 26.0, 0.016666666666666666
surrogate, 45, 26.0, 0.016666666666666666
surrogate, 45, 26.0, 0.016666666666666666
surrogate, 45, 26.0, 0.016666666666666666
surrogate, 45, 26.0, 0.016666666666666666
surrogate, 45, 26.0, 0.016666666666666666
surrogate, 45, 26.0, 0.016666666666666666
surrogate, 45, 26.0, 0.016666666666666666
surrogate, 45, 26.0, 0.016666666666666666
surrogate, 45, 26.0, 0.016666666666666666
surrogate, 45, 26.0, 0.016666666666666666
surrogate, 45, 26.0, 0.016666666666666666
surrogate, 45, 26.0, 0.016666666666666666
surrogate, 45, 26.0, 0.016666666666666666
surrogate, 45, 26.0, 0.016666666666666666
surrogate, 45, 26.0, 0.016666666666666666
surrogate, 45, 26.0, 0.016666666666666666
surrogate, 45, 26.0, 0.016666666666666666
surrogate, 45, 26.0, 0.016666666666666666
surrogate, 45, 26.0, 0.016666666666666666
surrogate, 45, 26.0, 0.016666666666666666
surrogate, 45, 26.0, 0.016666666666666666
surrogate, 45, 26.0, 0.016666666666666666
surrogate, 45, 26.0, 0.016666666666666666
surrogate, 45, 26.0, 0.016666666666666666
surrogate, 45, 26.0, 0.016666666666666666
surrogate, 45, 26.0, 0.016666666666666666
surrogate, 45, 26.0, 0.016666666666666666
surrogate, 45, 26.0, 0.016666666666666666
surrogate, 45, 26.0, 0.016666666666666666
surrogate, 45, 26.0, 0.016666666666666666
surrogate, 45, 26.0, 0.016666666666666666
surrogate, 45, 26.0, 0.016666666666666666
surrogate, 45, 26.0, 0.016666666666666666
surrogate, 45, 26.0, 0.016666666666666666
surrogate, 45, 26.0, 0.016666666666666666
surrogate, 45, 26.0, 0.016666666666666666
surrogate, 45, 26.0, 0.016666666666666666
surrogate, 45, 26.0, 0.016666666666666666
surrogate, 45, 26.0, 0.016666666666666666
surrogate, 45, 26.0, 0.016666666666666666
surrogate, 45, 26.0, 0.016666666666666666
surrogate, 45, 26.0, 0.016666666666666666
surrogate, 45, 26.0, 0.016666666666666666
surrogate, 45, 26.0, 0.016666666666666666
surrogate, 45, 26.0, 0.016666666666666666
surrogate, 46, 108.0, 0.8333333333333334
surrogate, 46, 63.0, 0.7666666666666667
surrogate, 46, 63.0, 0.7666666666666667
surrogate, 46, 49.0, 0.7166666666666667
surrogate, 46, 44.0, 0.6833333333333333
surrogate, 46, 44.0, 0.6833333333333333
surrogate, 46, 44.0, 0.6833333333333333
surrogate, 46, 44.0, 0.6833333333333333
surrogate, 46, 44.0, 0.6833333333333333
surrogate, 46, 44.0, 0.6833333333333333
surrogate, 46, 44.0, 0.6833333333333333
surrogate, 46, 41.0, 0.65
surrogate, 46, 41.0, 0.65
surrogate, 46, 41.0, 0.65
surrogate, 46, 41.0, 0.65
surrogate, 46, 41.0, 0.65
surrogate, 46, 41.0, 0.65
surrogate, 46, 41.0, 0.65
surrogate, 46, 41.0, 0.65
surrogate, 46, 41.0, 0.65
surrogate, 46, 41.0, 0.65
surrogate, 46, 41.0, 0.65
surrogate, 46, 41.0, 0.65
surrogate, 46, 41.0, 0.65
surrogate, 46, 41.0, 0.65
surrogate, 46, 41.0, 0.65
surrogate, 46, 41.0, 0.65
surrogate, 46, 41.0, 0.65
surrogate, 46, 41.0, 0.65
surrogate, 46, 36.0, 0.55
surrogate, 46, 36.0, 0.55
surrogate, 46, 36.0, 0.55
surrogate, 46, 36.0, 0.55
surrogate, 46, 36.0, 0.55
surrogate, 46, 36.0, 0.55
surrogate, 46, 36.0, 0.55
surrogate, 46, 36.0, 0.55
surrogate, 46, 36.0, 0.55
surrogate, 46, 36.0, 0.55
surrogate, 46, 36.0, 0.55
surrogate, 46, 36.0, 0.55
surrogate, 46, 36.0, 0.55
surrogate, 46, 33.0, 0.5
surrogate, 46, 33.0, 0.5
surrogate, 46, 33.0, 0.5
surrogate, 46, 33.0, 0.5
surrogate, 46, 33.0, 0.5
surrogate, 46, 33.0, 0.5
surrogate, 46, 32.0, 0.36666666666666664
surrogate, 46, 32.0, 0.36666666666666664
surrogate, 46, 32.0, 0.36666666666666664
surrogate, 46, 32.0, 0.36666666666666664
surrogate, 46, 32.0, 0.36666666666666664
surrogate, 46, 32.0, 0.36666666666666664
surrogate, 46, 32.0, 0.36666666666666664
surrogate, 46, 32.0, 0.36666666666666664
surrogate, 46, 32.0, 0.36666666666666664
surrogate, 46, 32.0, 0.36666666666666664
surrogate, 46, 32.0, 0.36666666666666664
surrogate, 46, 32.0, 0.36666666666666664
surrogate, 46, 32.0, 0.36666666666666664
surrogate, 46, 32.0, 0.36666666666666664
surrogate, 46, 32.0, 0.36666666666666664
surrogate, 46, 32.0, 0.36666666666666664
surrogate, 46, 32.0, 0.36666666666666664
surrogate, 46, 32.0, 0.36666666666666664
surrogate, 46, 32.0, 0.36666666666666664
surrogate, 46, 32.0, 0.36666666666666664
surrogate, 46, 32.0, 0.36666666666666664
surrogate, 46, 32.0, 0.36666666666666664
surrogate, 46, 32.0, 0.36666666666666664
surrogate, 46, 32.0, 0.36666666666666664
surrogate, 46, 32.0, 0.36666666666666664
surrogate, 46, 32.0, 0.36666666666666664
surrogate, 46, 32.0, 0.36666666666666664
surrogate, 46, 32.0, 0.36666666666666664
surrogate, 46, 32.0, 0.36666666666666664
surrogate, 46, 32.0, 0.36666666666666664
surrogate, 46, 32.0, 0.36666666666666664
surrogate, 46, 32.0, 0.36666666666666664
surrogate, 46, 32.0, 0.36666666666666664
surrogate, 46, 32.0, 0.36666666666666664
surrogate, 46, 32.0, 0.36666666666666664
surrogate, 46, 32.0, 0.36666666666666664
surrogate, 46, 30.0, 0.26666666666666666
surrogate, 46, 30.0, 0.26666666666666666
surrogate, 46, 30.0, 0.26666666666666666
surrogate, 46, 30.0, 0.26666666666666666
surrogate, 46, 30.0, 0.26666666666666666
surrogate, 46, 30.0, 0.26666666666666666
surrogate, 46, 30.0, 0.26666666666666666
surrogate, 46, 30.0, 0.26666666666666666
surrogate, 46, 30.0, 0.26666666666666666
surrogate, 46, 30.0, 0.26666666666666666
surrogate, 46, 30.0, 0.26666666666666666
surrogate, 46, 30.0, 0.26666666666666666
surrogate, 46, 30.0, 0.26666666666666666
surrogate, 46, 29.0, 0.06666666666666667
surrogate, 46, 29.0, 0.06666666666666667
surrogate, 46, 29.0, 0.06666666666666667
surrogate, 46, 29.0, 0.06666666666666667
surrogate, 46, 29.0, 0.06666666666666667
surrogate, 46, 29.0, 0.06666666666666667
surrogate, 46, 29.0, 0.06666666666666667
surrogate, 46, 29.0, 0.06666666666666667
surrogate, 46, 29.0, 0.06666666666666667
surrogate, 46, 29.0, 0.06666666666666667
surrogate, 46, 29.0, 0.06666666666666667
surrogate, 46, 29.0, 0.06666666666666667
surrogate, 46, 29.0, 0.06666666666666667
surrogate, 46, 29.0, 0.06666666666666667
surrogate, 46, 29.0, 0.06666666666666667
surrogate, 46, 29.0, 0.06666666666666667
surrogate, 46, 29.0, 0.06666666666666667
surrogate, 46, 29.0, 0.06666666666666667
surrogate, 46, 29.0, 0.06666666666666667
surrogate, 46, 29.0, 0.06666666666666667
surrogate, 46, 29.0, 0.06666666666666667
surrogate, 46, 29.0, 0.06666666666666667
surrogate, 46, 29.0, 0.06666666666666667
surrogate, 46, 29.0, 0.06666666666666667
surrogate, 46, 29.0, 0.06666666666666667
surrogate, 46, 29.0, 0.06666666666666667
surrogate, 46, 29.0, 0.06666666666666667
surrogate, 46, 29.0, 0.06666666666666667
surrogate, 46, 29.0, 0.06666666666666667
surrogate, 46, 29.0, 0.06666666666666667
surrogate, 46, 29.0, 0.06666666666666667
surrogate, 46, 29.0, 0.06666666666666667
surrogate, 46, 29.0, 0.06666666666666667
surrogate, 46, 29.0, 0.06666666666666667
surrogate, 46, 28.0, 0.05
surrogate, 46, 28.0, 0.05
surrogate, 46, 28.0, 0.05
surrogate, 46, 28.0, 0.05
surrogate, 46, 28.0, 0.05
surrogate, 46, 28.0, 0.05
surrogate, 46, 28.0, 0.05
surrogate, 46, 28.0, 0.05
surrogate, 46, 28.0, 0.05
surrogate, 46, 28.0, 0.05
surrogate, 46, 28.0, 0.05
surrogate, 46, 28.0, 0.05
surrogate, 46, 28.0, 0.05
surrogate, 46, 28.0, 0.05
surrogate, 46, 28.0, 0.05
surrogate, 46, 28.0, 0.05
surrogate, 46, 28.0, 0.05
surrogate, 46, 28.0, 0.05
surrogate, 46, 27.0, 0.03333333333333333
surrogate, 46, 27.0, 0.03333333333333333
surrogate, 46, 27.0, 0.03333333333333333
surrogate, 46, 27.0, 0.03333333333333333
surrogate, 46, 27.0, 0.03333333333333333
surrogate, 46, 27.0, 0.03333333333333333
surrogate, 46, 27.0, 0.03333333333333333
surrogate, 46, 27.0, 0.03333333333333333
surrogate, 46, 27.0, 0.03333333333333333
surrogate, 46, 27.0, 0.03333333333333333
surrogate, 46, 27.0, 0.03333333333333333
surrogate, 46, 27.0, 0.03333333333333333
surrogate, 46, 27.0, 0.03333333333333333
surrogate, 46, 27.0, 0.03333333333333333
surrogate, 46, 26.0, 0.016666666666666666
surrogate, 46, 26.0, 0.016666666666666666
surrogate, 46, 26.0, 0.016666666666666666
surrogate, 46, 26.0, 0.016666666666666666
surrogate, 46, 26.0, 0.016666666666666666
surrogate, 46, 26.0, 0.016666666666666666
surrogate, 46, 26.0, 0.016666666666666666
surrogate, 46, 26.0, 0.016666666666666666
surrogate, 46, 26.0, 0.016666666666666666
surrogate, 46, 26.0, 0.016666666666666666
surrogate, 46, 26.0, 0.016666666666666666
surrogate, 46, 26.0, 0.016666666666666666
surrogate, 46, 26.0, 0.016666666666666666
surrogate, 46, 26.0, 0.016666666666666666
surrogate, 46, 26.0, 0.016666666666666666
surrogate, 46, 26.0, 0.016666666666666666
surrogate, 46, 26.0, 0.016666666666666666
surrogate, 46, 26.0, 0.016666666666666666
surrogate, 46, 26.0, 0.016666666666666666
surrogate, 46, 26.0, 0.016666666666666666
surrogate, 46, 26.0, 0.016666666666666666
surrogate, 46, 26.0, 0.016666666666666666
surrogate, 46, 26.0, 0.016666666666666666
surrogate, 46, 26.0, 0.016666666666666666
surrogate, 46, 26.0, 0.016666666666666666
surrogate, 46, 26.0, 0.016666666666666666
surrogate, 46, 26.0, 0.016666666666666666
surrogate, 46, 26.0, 0.016666666666666666
surrogate, 46, 26.0, 0.016666666666666666
surrogate, 46, 26.0, 0.016666666666666666
surrogate, 46, 26.0, 0.016666666666666666
surrogate, 46, 26.0, 0.016666666666666666
surrogate, 46, 26.0, 0.016666666666666666
surrogate, 46, 26.0, 0.016666666666666666
surrogate, 46, 26.0, 0.016666666666666666
surrogate, 46, 26.0, 0.016666666666666666
surrogate, 46, 26.0, 0.016666666666666666
surrogate, 46, 26.0, 0.016666666666666666
surrogate, 46, 26.0, 0.016666666666666666
surrogate, 46, 26.0, 0.016666666666666666
surrogate, 46, 26.0, 0.016666666666666666
surrogate, 46, 26.0, 0.016666666666666666
surrogate, 46, 26.0, 0.016666666666666666
surrogate, 46, 26.0, 0.016666666666666666
surrogate, 46, 26.0, 0.016666666666666666
surrogate, 46, 26.0, 0.016666666666666666
surrogate, 46, 26.0, 0.016666666666666666
surrogate, 46, 26.0, 0.016666666666666666
surrogate, 46, 26.0, 0.016666666666666666
surrogate, 46, 26.0, 0.016666666666666666
surrogate, 46, 26.0, 0.016666666666666666
surrogate, 47, 108.0, 0.8333333333333334
surrogate, 47, 60.0, 0.7666666666666667
surrogate, 47, 49.0, 0.7166666666666667
surrogate, 47, 44.0, 0.6833333333333333
surrogate, 47, 44.0, 0.6833333333333333
surrogate, 47, 44.0, 0.6833333333333333
surrogate, 47, 44.0, 0.6833333333333333
surrogate, 47, 44.0, 0.6833333333333333
surrogate, 47, 44.0, 0.6833333333333333
surrogate, 47, 44.0, 0.6833333333333333
surrogate, 47, 44.0, 0.6833333333333333
surrogate, 47, 41.0, 0.65
surrogate, 47, 41.0, 0.65
surrogate, 47, 41.0, 0.65
surrogate, 47, 41.0, 0.65
surrogate, 47, 41.0, 0.65
surrogate, 47, 41.0, 0.65
surrogate, 47, 41.0, 0.65
surrogate, 47, 41.0, 0.65
surrogate, 47, 41.0, 0.65
surrogate, 47, 41.0, 0.65
surrogate, 47, 41.0, 0.65
surrogate, 47, 41.0, 0.65
surrogate, 47, 41.0, 0.65
surrogate, 47, 41.0, 0.65
surrogate, 47, 41.0, 0.65
surrogate, 47, 41.0, 0.65
surrogate, 47, 41.0, 0.65
surrogate, 47, 41.0, 0.65
surrogate, 47, 41.0, 0.65
surrogate, 47, 36.0, 0.55
surrogate, 47, 36.0, 0.55
surrogate, 47, 36.0, 0.55
surrogate, 47, 36.0, 0.55
surrogate, 47, 36.0, 0.55
surrogate, 47, 36.0, 0.55
surrogate, 47, 36.0, 0.55
surrogate, 47, 36.0, 0.55
surrogate, 47, 36.0, 0.55
surrogate, 47, 36.0, 0.55
surrogate, 47, 36.0, 0.55
surrogate, 47, 36.0, 0.55
surrogate, 47, 36.0, 0.55
surrogate, 47, 36.0, 0.55
surrogate, 47, 33.0, 0.5
surrogate, 47, 33.0, 0.5
surrogate, 47, 33.0, 0.5
surrogate, 47, 33.0, 0.5
surrogate, 47, 33.0, 0.5
surrogate, 47, 33.0, 0.5
surrogate, 47, 33.0, 0.5
surrogate, 47, 32.0, 0.36666666666666664
surrogate, 47, 32.0, 0.36666666666666664
surrogate, 47, 32.0, 0.36666666666666664
surrogate, 47, 32.0, 0.36666666666666664
surrogate, 47, 32.0, 0.36666666666666664
surrogate, 47, 32.0, 0.36666666666666664
surrogate, 47, 32.0, 0.36666666666666664
surrogate, 47, 32.0, 0.36666666666666664
surrogate, 47, 32.0, 0.36666666666666664
surrogate, 47, 32.0, 0.36666666666666664
surrogate, 47, 32.0, 0.36666666666666664
surrogate, 47, 32.0, 0.36666666666666664
surrogate, 47, 32.0, 0.36666666666666664
surrogate, 47, 32.0, 0.36666666666666664
surrogate, 47, 32.0, 0.36666666666666664
surrogate, 47, 32.0, 0.36666666666666664
surrogate, 47, 32.0, 0.36666666666666664
surrogate, 47, 32.0, 0.36666666666666664
surrogate, 47, 32.0, 0.36666666666666664
surrogate, 47, 32.0, 0.36666666666666664
surrogate, 47, 32.0, 0.36666666666666664
surrogate, 47, 32.0, 0.36666666666666664
surrogate, 47, 32.0, 0.36666666666666664
surrogate, 47, 32.0, 0.36666666666666664
surrogate, 47, 32.0, 0.36666666666666664
surrogate, 47, 32.0, 0.36666666666666664
surrogate, 47, 32.0, 0.36666666666666664
surrogate, 47, 32.0, 0.36666666666666664
surrogate, 47, 32.0, 0.36666666666666664
surrogate, 47, 32.0, 0.36666666666666664
surrogate, 47, 32.0, 0.36666666666666664
surrogate, 47, 32.0, 0.36666666666666664
surrogate, 47, 32.0, 0.36666666666666664
surrogate, 47, 32.0, 0.36666666666666664
surrogate, 47, 32.0, 0.36666666666666664
surrogate, 47, 32.0, 0.36666666666666664
surrogate, 47, 32.0, 0.36666666666666664
surrogate, 47, 30.0, 0.26666666666666666
surrogate, 47, 30.0, 0.26666666666666666
surrogate, 47, 30.0, 0.26666666666666666
surrogate, 47, 30.0, 0.26666666666666666
surrogate, 47, 30.0, 0.26666666666666666
surrogate, 47, 30.0, 0.26666666666666666
surrogate, 47, 30.0, 0.26666666666666666
surrogate, 47, 30.0, 0.26666666666666666
surrogate, 47, 30.0, 0.26666666666666666
surrogate, 47, 30.0, 0.26666666666666666
surrogate, 47, 30.0, 0.26666666666666666
surrogate, 47, 30.0, 0.26666666666666666
surrogate, 47, 30.0, 0.26666666666666666
surrogate, 47, 30.0, 0.26666666666666666
surrogate, 47, 29.0, 0.06666666666666667
surrogate, 47, 29.0, 0.06666666666666667
surrogate, 47, 29.0, 0.06666666666666667
surrogate, 47, 29.0, 0.06666666666666667
surrogate, 47, 29.0, 0.06666666666666667
surrogate, 47, 29.0, 0.06666666666666667
surrogate, 47, 29.0, 0.06666666666666667
surrogate, 47, 29.0, 0.06666666666666667
surrogate, 47, 29.0, 0.06666666666666667
surrogate, 47, 29.0, 0.06666666666666667
surrogate, 47, 29.0, 0.06666666666666667
surrogate, 47, 29.0, 0.06666666666666667
surrogate, 47, 29.0, 0.06666666666666667
surrogate, 47, 29.0, 0.06666666666666667
surrogate, 47, 29.0, 0.06666666666666667
surrogate, 47, 29.0, 0.06666666666666667
surrogate, 47, 29.0, 0.06666666666666667
surrogate, 47, 29.0, 0.06666666666666667
surrogate, 47, 29.0, 0.06666666666666667
surrogate, 47, 29.0, 0.06666666666666667
surrogate, 47, 29.0, 0.06666666666666667
surrogate, 47, 29.0, 0.06666666666666667
surrogate, 47, 29.0, 0.06666666666666667
surrogate, 47, 29.0, 0.06666666666666667
surrogate, 47, 29.0, 0.06666666666666667
surrogate, 47, 29.0, 0.06666666666666667
surrogate, 47, 29.0, 0.06666666666666667
surrogate, 47, 29.0, 0.06666666666666667
surrogate, 47, 29.0, 0.06666666666666667
surrogate, 47, 29.0, 0.06666666666666667
surrogate, 47, 29.0, 0.06666666666666667
surrogate, 47, 29.0, 0.06666666666666667
surrogate, 47, 29.0, 0.06666666666666667
surrogate, 47, 29.0, 0.06666666666666667
surrogate, 47, 29.0, 0.06666666666666667
surrogate, 47, 28.0, 0.05
surrogate, 47, 28.0, 0.05
surrogate, 47, 28.0, 0.05
surrogate, 47, 28.0, 0.05
surrogate, 47, 28.0, 0.05
surrogate, 47, 28.0, 0.05
surrogate, 47, 28.0, 0.05
surrogate, 47, 28.0, 0.05
surrogate, 47, 28.0, 0.05
surrogate, 47, 28.0, 0.05
surrogate, 47, 28.0, 0.05
surrogate, 47, 28.0, 0.05
surrogate, 47, 28.0, 0.05
surrogate, 47, 28.0, 0.05
surrogate, 47, 28.0, 0.05
surrogate, 47, 28.0, 0.05
surrogate, 47, 28.0, 0.05
surrogate, 47, 28.0, 0.05
surrogate, 47, 27.0, 0.03333333333333333
surrogate, 47, 27.0, 0.03333333333333333
surrogate, 47, 27.0, 0.03333333333333333
surrogate, 47, 27.0, 0.03333333333333333
surrogate, 47, 27.0, 0.03333333333333333
surrogate, 47, 27.0, 0.03333333333333333
surrogate, 47, 27.0, 0.03333333333333333
surrogate, 47, 27.0, 0.03333333333333333
surrogate, 47, 27.0, 0.03333333333333333
surrogate, 47, 27.0, 0.03333333333333333
surrogate, 47, 27.0, 0.03333333333333333
surrogate, 47, 27.0, 0.03333333333333333
surrogate, 47, 27.0, 0.03333333333333333
surrogate, 47, 27.0, 0.03333333333333333
surrogate, 47, 26.0, 0.016666666666666666
surrogate, 47, 26.0, 0.016666666666666666
surrogate, 47, 26.0, 0.016666666666666666
surrogate, 47, 26.0, 0.016666666666666666
surrogate, 47, 26.0, 0.016666666666666666
surrogate, 47, 26.0, 0.016666666666666666
surrogate, 47, 26.0, 0.016666666666666666
surrogate, 47, 26.0, 0.016666666666666666
surrogate, 47, 26.0, 0.016666666666666666
surrogate, 47, 26.0, 0.016666666666666666
surrogate, 47, 26.0, 0.016666666666666666
surrogate, 47, 26.0, 0.016666666666666666
surrogate, 47, 26.0, 0.016666666666666666
surrogate, 47, 26.0, 0.016666666666666666
surrogate, 47, 26.0, 0.016666666666666666
surrogate, 47, 26.0, 0.016666666666666666
surrogate, 47, 26.0, 0.016666666666666666
surrogate, 47, 26.0, 0.016666666666666666
surrogate, 47, 26.0, 0.016666666666666666
surrogate, 47, 26.0, 0.016666666666666666
surrogate, 47, 26.0, 0.016666666666666666
surrogate, 47, 26.0, 0.016666666666666666
surrogate, 47, 26.0, 0.016666666666666666
surrogate, 47, 26.0, 0.016666666666666666
surrogate, 47, 26.0, 0.016666666666666666
surrogate, 47, 26.0, 0.016666666666666666
surrogate, 47, 26.0, 0.016666666666666666
surrogate, 47, 26.0, 0.016666666666666666
surrogate, 47, 26.0, 0.016666666666666666
surrogate, 47, 26.0, 0.016666666666666666
surrogate, 47, 26.0, 0.016666666666666666
surrogate, 47, 26.0, 0.016666666666666666
surrogate, 47, 26.0, 0.016666666666666666
surrogate, 47, 26.0, 0.016666666666666666
surrogate, 47, 26.0, 0.016666666666666666
surrogate, 47, 26.0, 0.016666666666666666
surrogate, 47, 26.0, 0.016666666666666666
surrogate, 47, 26.0, 0.016666666666666666
surrogate, 47, 26.0, 0.016666666666666666
surrogate, 47, 26.0, 0.016666666666666666
surrogate, 47, 26.0, 0.016666666666666666
surrogate, 47, 26.0, 0.016666666666666666
surrogate, 47, 26.0, 0.016666666666666666
surrogate, 47, 26.0, 0.016666666666666666
surrogate, 47, 26.0, 0.016666666666666666
surrogate, 47, 26.0, 0.016666666666666666
surrogate, 47, 26.0, 0.016666666666666666
surrogate, 47, 26.0, 0.016666666666666666
surrogate, 47, 26.0, 0.016666666666666666
surrogate, 47, 26.0, 0.016666666666666666
surrogate, 47, 26.0, 0.016666666666666666
surrogate, 47, 26.0, 0.016666666666666666
surrogate, 48, 104.0, 0.8333333333333334
surrogate, 48, 60.0, 0.7666666666666667
surrogate, 48, 60.0, 0.7666666666666667
surrogate, 48, 49.0, 0.7166666666666667
surrogate, 48, 44.0, 0.6833333333333333
surrogate, 48, 44.0, 0.6833333333333333
surrogate, 48, 44.0, 0.6833333333333333
surrogate, 48, 44.0, 0.6833333333333333
surrogate, 48, 44.0, 0.6833333333333333
surrogate, 48, 44.0, 0.6833333333333333
surrogate, 48, 44.0, 0.6833333333333333
surrogate, 48, 44.0, 0.6833333333333333
surrogate, 48, 44.0, 0.6833333333333333
surrogate, 48, 41.0, 0.65
surrogate, 48, 41.0, 0.65
surrogate, 48, 41.0, 0.65
surrogate, 48, 41.0, 0.65
surrogate, 48, 41.0, 0.65
surrogate, 48, 41.0, 0.65
surrogate, 48, 41.0, 0.65
surrogate, 48, 41.0, 0.65
surrogate, 48, 41.0, 0.65
surrogate, 48, 41.0, 0.65
surrogate, 48, 41.0, 0.65
surrogate, 48, 41.0, 0.65
surrogate, 48, 41.0, 0.65
surrogate, 48, 41.0, 0.65
surrogate, 48, 41.0, 0.65
surrogate, 48, 41.0, 0.65
surrogate, 48, 41.0, 0.65
surrogate, 48, 41.0, 0.65
surrogate, 48, 41.0, 0.65
surrogate, 48, 41.0, 0.65
surrogate, 48, 36.0, 0.55
surrogate, 48, 36.0, 0.55
surrogate, 48, 36.0, 0.55
surrogate, 48, 36.0, 0.55
surrogate, 48, 36.0, 0.55
surrogate, 48, 36.0, 0.55
surrogate, 48, 36.0, 0.55
surrogate, 48, 36.0, 0.55
surrogate, 48, 36.0, 0.55
surrogate, 48, 36.0, 0.55
surrogate, 48, 36.0, 0.55
surrogate, 48, 36.0, 0.55
surrogate, 48, 36.0, 0.55
surrogate, 48, 36.0, 0.55
surrogate, 48, 33.0, 0.5
surrogate, 48, 33.0, 0.5
surrogate, 48, 33.0, 0.5
surrogate, 48, 33.0, 0.5
surrogate, 48, 33.0, 0.5
surrogate, 48, 33.0, 0.5
surrogate, 48, 33.0, 0.5
surrogate, 48, 33.0, 0.5
surrogate, 48, 32.0, 0.36666666666666664
surrogate, 48, 32.0, 0.36666666666666664
surrogate, 48, 32.0, 0.36666666666666664
surrogate, 48, 32.0, 0.36666666666666664
surrogate, 48, 32.0, 0.36666666666666664
surrogate, 48, 32.0, 0.36666666666666664
surrogate, 48, 32.0, 0.36666666666666664
surrogate, 48, 32.0, 0.36666666666666664
surrogate, 48, 32.0, 0.36666666666666664
surrogate, 48, 32.0, 0.36666666666666664
surrogate, 48, 32.0, 0.36666666666666664
surrogate, 48, 32.0, 0.36666666666666664
surrogate, 48, 32.0, 0.36666666666666664
surrogate, 48, 32.0, 0.36666666666666664
surrogate, 48, 32.0, 0.36666666666666664
surrogate, 48, 32.0, 0.36666666666666664
surrogate, 48, 32.0, 0.36666666666666664
surrogate, 48, 32.0, 0.36666666666666664
surrogate, 48, 32.0, 0.36666666666666664
surrogate, 48, 32.0, 0.36666666666666664
surrogate, 48, 32.0, 0.36666666666666664
surrogate, 48, 32.0, 0.36666666666666664
surrogate, 48, 32.0, 0.36666666666666664
surrogate, 48, 32.0, 0.36666666666666664
surrogate, 48, 32.0, 0.36666666666666664
surrogate, 48, 32.0, 0.36666666666666664
surrogate, 48, 32.0, 0.36666666666666664
surrogate, 48, 32.0, 0.36666666666666664
surrogate, 48, 32.0, 0.36666666666666664
surrogate, 48, 32.0, 0.36666666666666664
surrogate, 48, 32.0, 0.36666666666666664
surrogate, 48, 32.0, 0.36666666666666664
surrogate, 48, 32.0, 0.36666666666666664
surrogate, 48, 32.0, 0.36666666666666664
surrogate, 48, 32.0, 0.36666666666666664
surrogate, 48, 32.0, 0.36666666666666664
surrogate, 48, 32.0, 0.36666666666666664
surrogate, 48, 30.0, 0.26666666666666666
surrogate, 48, 30.0, 0.26666666666666666
surrogate, 48, 30.0, 0.26666666666666666
surrogate, 48, 30.0, 0.26666666666666666
surrogate, 48, 30.0, 0.26666666666666666
surrogate, 48, 30.0, 0.26666666666666666
surrogate, 48, 30.0, 0.26666666666666666
surrogate, 48, 30.0, 0.26666666666666666
surrogate, 48, 30.0, 0.26666666666666666
surrogate, 48, 30.0, 0.26666666666666666
surrogate, 48, 30.0, 0.26666666666666666
surrogate, 48, 30.0, 0.26666666666666666
surrogate, 48, 30.0, 0.26666666666666666
surrogate, 48, 30.0, 0.26666666666666666
surrogate, 48, 30.0, 0.26666666666666666
surrogate, 48, 29.0, 0.06666666666666667
surrogate, 48, 29.0, 0.06666666666666667
surrogate, 48, 29.0, 0.06666666666666667
surrogate, 48, 29.0, 0.06666666666666667
surrogate, 48, 29.0, 0.06666666666666667
surrogate, 48, 29.0, 0.06666666666666667
surrogate, 48, 29.0, 0.06666666666666667
surrogate, 48, 29.0, 0.06666666666666667
surrogate, 48, 29.0, 0.06666666666666667
surrogate, 48, 29.0, 0.06666666666666667
surrogate, 48, 29.0, 0.06666666666666667
surrogate, 48, 29.0, 0.06666666666666667
surrogate, 48, 29.0, 0.06666666666666667
surrogate, 48, 29.0, 0.06666666666666667
surrogate, 48, 29.0, 0.06666666666666667
surrogate, 48, 29.0, 0.06666666666666667
surrogate, 48, 29.0, 0.06666666666666667
surrogate, 48, 29.0, 0.06666666666666667
surrogate, 48, 29.0, 0.06666666666666667
surrogate, 48, 29.0, 0.06666666666666667
surrogate, 48, 29.0, 0.06666666666666667
surrogate, 48, 29.0, 0.06666666666666667
surrogate, 48, 29.0, 0.06666666666666667
surrogate, 48, 29.0, 0.06666666666666667
surrogate, 48, 29.0, 0.06666666666666667
surrogate, 48, 29.0, 0.06666666666666667
surrogate, 48, 29.0, 0.06666666666666667
surrogate, 48, 29.0, 0.06666666666666667
surrogate, 48, 29.0, 0.06666666666666667
surrogate, 48, 29.0, 0.06666666666666667
surrogate, 48, 29.0, 0.06666666666666667
surrogate, 48, 29.0, 0.06666666666666667
surrogate, 48, 29.0, 0.06666666666666667
surrogate, 48, 29.0, 0.06666666666666667
surrogate, 48, 29.0, 0.06666666666666667
surrogate, 48, 29.0, 0.06666666666666667
surrogate, 48, 28.0, 0.05
surrogate, 48, 28.0, 0.05
surrogate, 48, 28.0, 0.05
surrogate, 48, 28.0, 0.05
surrogate, 48, 28.0, 0.05
surrogate, 48, 28.0, 0.05
surrogate, 48, 28.0, 0.05
surrogate, 48, 28.0, 0.05
surrogate, 48, 28.0, 0.05
surrogate, 48, 28.0, 0.05
surrogate, 48, 28.0, 0.05
surrogate, 48, 28.0, 0.05
surrogate, 48, 28.0, 0.05
surrogate, 48, 28.0, 0.05
surrogate, 48, 28.0, 0.05
surrogate, 48, 28.0, 0.05
surrogate, 48, 28.0, 0.05
surrogate, 48, 28.0, 0.05
surrogate, 48, 27.0, 0.03333333333333333
surrogate, 48, 27.0, 0.03333333333333333
surrogate, 48, 27.0, 0.03333333333333333
surrogate, 48, 27.0, 0.03333333333333333
surrogate, 48, 27.0, 0.03333333333333333
surrogate, 48, 27.0, 0.03333333333333333
surrogate, 48, 27.0, 0.03333333333333333
surrogate, 48, 27.0, 0.03333333333333333
surrogate, 48, 27.0, 0.03333333333333333
surrogate, 48, 27.0, 0.03333333333333333
surrogate, 48, 27.0, 0.03333333333333333
surrogate, 48, 27.0, 0.03333333333333333
surrogate, 48, 27.0, 0.03333333333333333
surrogate, 48, 27.0, 0.03333333333333333
surrogate, 48, 26.0, 0.016666666666666666
surrogate, 48, 26.0, 0.016666666666666666
surrogate, 48, 26.0, 0.016666666666666666
surrogate, 48, 26.0, 0.016666666666666666
surrogate, 48, 26.0, 0.016666666666666666
surrogate, 48, 26.0, 0.016666666666666666
surrogate, 48, 26.0, 0.016666666666666666
surrogate, 48, 26.0, 0.016666666666666666
surrogate, 48, 26.0, 0.016666666666666666
surrogate, 48, 26.0, 0.016666666666666666
surrogate, 48, 26.0, 0.016666666666666666
surrogate, 48, 26.0, 0.016666666666666666
surrogate, 48, 26.0, 0.016666666666666666
surrogate, 48, 26.0, 0.016666666666666666
surrogate, 48, 26.0, 0.016666666666666666
surrogate, 48, 26.0, 0.016666666666666666
surrogate, 48, 26.0, 0.016666666666666666
surrogate, 48, 26.0, 0.016666666666666666
surrogate, 48, 26.0, 0.016666666666666666
surrogate, 48, 26.0, 0.016666666666666666
surrogate, 48, 26.0, 0.016666666666666666
surrogate, 48, 26.0, 0.016666666666666666
surrogate, 48, 26.0, 0.016666666666666666
surrogate, 48, 26.0, 0.016666666666666666
surrogate, 48, 26.0, 0.016666666666666666
surrogate, 48, 26.0, 0.016666666666666666
surrogate, 48, 26.0, 0.016666666666666666
surrogate, 48, 26.0, 0.016666666666666666
surrogate, 48, 26.0, 0.016666666666666666
surrogate, 48, 26.0, 0.016666666666666666
surrogate, 48, 26.0, 0.016666666666666666
surrogate, 48, 26.0, 0.016666666666666666
surrogate, 48, 26.0, 0.016666666666666666
surrogate, 48, 26.0, 0.016666666666666666
surrogate, 48, 26.0, 0.016666666666666666
surrogate, 48, 26.0, 0.016666666666666666
surrogate, 48, 26.0, 0.016666666666666666
surrogate, 48, 26.0, 0.016666666666666666
surrogate, 48, 26.0, 0.016666666666666666
surrogate, 48, 26.0, 0.016666666666666666
surrogate, 48, 26.0, 0.016666666666666666
surrogate, 48, 26.0, 0.016666666666666666
surrogate, 48, 26.0, 0.016666666666666666
surrogate, 48, 26.0, 0.016666666666666666
surrogate, 48, 26.0, 0.016666666666666666
surrogate, 48, 26.0, 0.016666666666666666
surrogate, 48, 26.0, 0.016666666666666666
surrogate, 48, 26.0, 0.016666666666666666
surrogate, 48, 26.0, 0.016666666666666666
surrogate, 48, 26.0, 0.016666666666666666
surrogate, 48, 26.0, 0.016666666666666666
surrogate, 48, 26.0, 0.016666666666666666
surrogate, 49, 104.0, 0.8333333333333334
surrogate, 49, 60.0, 0.7666666666666667
surrogate, 49, 60.0, 0.7666666666666667
surrogate, 49, 60.0, 0.7666666666666667
surrogate, 49, 49.0, 0.7166666666666667
surrogate, 49, 44.0, 0.6833333333333333
surrogate, 49, 44.0, 0.6833333333333333
surrogate, 49, 44.0, 0.6833333333333333
surrogate, 49, 44.0, 0.6833333333333333
surrogate, 49, 44.0, 0.6833333333333333
surrogate, 49, 44.0, 0.6833333333333333
surrogate, 49, 44.0, 0.6833333333333333
surrogate, 49, 44.0, 0.6833333333333333
surrogate, 49, 44.0, 0.6833333333333333
surrogate, 49, 44.0, 0.6833333333333333
surrogate, 49, 41.0, 0.65
surrogate, 49, 41.0, 0.65
surrogate, 49, 41.0, 0.65
surrogate, 49, 41.0, 0.65
surrogate, 49, 41.0, 0.65
surrogate, 49, 41.0, 0.65
surrogate, 49, 41.0, 0.65
surrogate, 49, 41.0, 0.65
surrogate, 49, 41.0, 0.65
surrogate, 49, 41.0, 0.65
surrogate, 49, 41.0, 0.65
surrogate, 49, 41.0, 0.65
surrogate, 49, 41.0, 0.65
surrogate, 49, 41.0, 0.65
surrogate, 49, 41.0, 0.65
surrogate, 49, 41.0, 0.65
surrogate, 49, 41.0, 0.65
surrogate, 49, 41.0, 0.65
surrogate, 49, 41.0, 0.65
surrogate, 49, 41.0, 0.65
surrogate, 49, 36.0, 0.55
surrogate, 49, 36.0, 0.55
surrogate, 49, 36.0, 0.55
surrogate, 49, 36.0, 0.55
surrogate, 49, 36.0, 0.55
surrogate, 49, 36.0, 0.55
surrogate, 49, 36.0, 0.55
surrogate, 49, 36.0, 0.55
surrogate, 49, 36.0, 0.55
surrogate, 49, 36.0, 0.55
surrogate, 49, 36.0, 0.55
surrogate, 49, 36.0, 0.55
surrogate, 49, 36.0, 0.55
surrogate, 49, 36.0, 0.55
surrogate, 49, 33.0, 0.5
surrogate, 49, 33.0, 0.5
surrogate, 49, 33.0, 0.5
surrogate, 49, 33.0, 0.5
surrogate, 49, 33.0, 0.5
surrogate, 49, 33.0, 0.5
surrogate, 49, 33.0, 0.5
surrogate, 49, 33.0, 0.5
surrogate, 49, 33.0, 0.5
surrogate, 49, 32.0, 0.36666666666666664
surrogate, 49, 32.0, 0.36666666666666664
surrogate, 49, 32.0, 0.36666666666666664
surrogate, 49, 32.0, 0.36666666666666664
surrogate, 49, 32.0, 0.36666666666666664
surrogate, 49, 32.0, 0.36666666666666664
surrogate, 49, 32.0, 0.36666666666666664
surrogate, 49, 32.0, 0.36666666666666664
surrogate, 49, 32.0, 0.36666666666666664
surrogate, 49, 32.0, 0.36666666666666664
surrogate, 49, 32.0, 0.36666666666666664
surrogate, 49, 32.0, 0.36666666666666664
surrogate, 49, 32.0, 0.36666666666666664
surrogate, 49, 32.0, 0.36666666666666664
surrogate, 49, 32.0, 0.36666666666666664
surrogate, 49, 32.0, 0.36666666666666664
surrogate, 49, 32.0, 0.36666666666666664
surrogate, 49, 32.0, 0.36666666666666664
surrogate, 49, 32.0, 0.36666666666666664
surrogate, 49, 32.0, 0.36666666666666664
surrogate, 49, 32.0, 0.36666666666666664
surrogate, 49, 32.0, 0.36666666666666664
surrogate, 49, 32.0, 0.36666666666666664
surrogate, 49, 32.0, 0.36666666666666664
surrogate, 49, 32.0, 0.36666666666666664
surrogate, 49, 32.0, 0.36666666666666664
surrogate, 49, 32.0, 0.36666666666666664
surrogate, 49, 32.0, 0.36666666666666664
surrogate, 49, 32.0, 0.36666666666666664
surrogate, 49, 32.0, 0.36666666666666664
surrogate, 49, 32.0, 0.36666666666666664
surrogate, 49, 32.0, 0.36666666666666664
surrogate, 49, 32.0, 0.36666666666666664
surrogate, 49, 32.0, 0.36666666666666664
surrogate, 49, 32.0, 0.36666666666666664
surrogate, 49, 32.0, 0.36666666666666664
surrogate, 49, 32.0, 0.36666666666666664
surrogate, 49, 32.0, 0.36666666666666664
surrogate, 49, 30.0, 0.26666666666666666
surrogate, 49, 30.0, 0.26666666666666666
surrogate, 49, 30.0, 0.26666666666666666
surrogate, 49, 30.0, 0.26666666666666666
surrogate, 49, 30.0, 0.26666666666666666
surrogate, 49, 30.0, 0.26666666666666666
surrogate, 49, 30.0, 0.26666666666666666
surrogate, 49, 30.0, 0.26666666666666666
surrogate, 49, 30.0, 0.26666666666666666
surrogate, 49, 30.0, 0.26666666666666666
surrogate, 49, 30.0, 0.26666666666666666
surrogate, 49, 30.0, 0.26666666666666666
surrogate, 49, 30.0, 0.26666666666666666
surrogate, 49, 30.0, 0.26666666666666666
surrogate, 49, 30.0, 0.26666666666666666
surrogate, 49, 30.0, 0.26666666666666666
surrogate, 49, 29.0, 0.06666666666666667
surrogate, 49, 29.0, 0.06666666666666667
surrogate, 49, 29.0, 0.06666666666666667
surrogate, 49, 29.0, 0.06666666666666667
surrogate, 49, 29.0, 0.06666666666666667
surrogate, 49, 29.0, 0.06666666666666667
surrogate, 49, 29.0, 0.06666666666666667
surrogate, 49, 29.0, 0.06666666666666667
surrogate, 49, 29.0, 0.06666666666666667
surrogate, 49, 29.0, 0.06666666666666667
surrogate, 49, 29.0, 0.06666666666666667
surrogate, 49, 29.0, 0.06666666666666667
surrogate, 49, 29.0, 0.06666666666666667
surrogate, 49, 29.0, 0.06666666666666667
surrogate, 49, 29.0, 0.06666666666666667
surrogate, 49, 29.0, 0.06666666666666667
surrogate, 49, 29.0, 0.06666666666666667
surrogate, 49, 29.0, 0.06666666666666667
surrogate, 49, 29.0, 0.06666666666666667
surrogate, 49, 29.0, 0.06666666666666667
surrogate, 49, 29.0, 0.06666666666666667
surrogate, 49, 29.0, 0.06666666666666667
surrogate, 49, 29.0, 0.06666666666666667
surrogate, 49, 29.0, 0.06666666666666667
surrogate, 49, 29.0, 0.06666666666666667
surrogate, 49, 29.0, 0.06666666666666667
surrogate, 49, 29.0, 0.06666666666666667
surrogate, 49, 29.0, 0.06666666666666667
surrogate, 49, 29.0, 0.06666666666666667
surrogate, 49, 29.0, 0.06666666666666667
surrogate, 49, 29.0, 0.06666666666666667
surrogate, 49, 29.0, 0.06666666666666667
surrogate, 49, 29.0, 0.06666666666666667
surrogate, 49, 29.0, 0.06666666666666667
surrogate, 49, 29.0, 0.06666666666666667
surrogate, 49, 29.0, 0.06666666666666667
surrogate, 49, 28.0, 0.05
surrogate, 49, 28.0, 0.05
surrogate, 49, 28.0, 0.05
surrogate, 49, 28.0, 0.05
surrogate, 49, 28.0, 0.05
surrogate, 49, 28.0, 0.05
surrogate, 49, 28.0, 0.05
surrogate, 49, 28.0, 0.05
surrogate, 49, 28.0, 0.05
surrogate, 49, 28.0, 0.05
surrogate, 49, 28.0, 0.05
surrogate, 49, 28.0, 0.05
surrogate, 49, 28.0, 0.05
surrogate, 49, 28.0, 0.05
surrogate, 49, 28.0, 0.05
surrogate, 49, 28.0, 0.05
surrogate, 49, 28.0, 0.05
surrogate, 49, 28.0, 0.05
surrogate, 49, 27.0, 0.03333333333333333
surrogate, 49, 27.0, 0.03333333333333333
surrogate, 49, 27.0, 0.03333333333333333
surrogate, 49, 27.0, 0.03333333333333333
surrogate, 49, 27.0, 0.03333333333333333
surrogate, 49, 27.0, 0.03333333333333333
surrogate, 49, 27.0, 0.03333333333333333
surrogate, 49, 27.0, 0.03333333333333333
surrogate, 49, 27.0, 0.03333333333333333
surrogate, 49, 27.0, 0.03333333333333333
surrogate, 49, 27.0, 0.03333333333333333
surrogate, 49, 27.0, 0.03333333333333333
surrogate, 49, 27.0, 0.03333333333333333
surrogate, 49, 27.0, 0.03333333333333333
surrogate, 49, 26.0, 0.016666666666666666
surrogate, 49, 26.0, 0.016666666666666666
surrogate, 49, 26.0, 0.016666666666666666
surrogate, 49, 26.0, 0.016666666666666666
surrogate, 49, 26.0, 0.016666666666666666
surrogate, 49, 26.0, 0.016666666666666666
surrogate, 49, 26.0, 0.016666666666666666
surrogate, 49, 26.0, 0.016666666666666666
surrogate, 49, 26.0, 0.016666666666666666
surrogate, 49, 26.0, 0.016666666666666666
surrogate, 49, 26.0, 0.016666666666666666
surrogate, 49, 26.0, 0.016666666666666666
surrogate, 49, 26.0, 0.016666666666666666
surrogate, 49, 26.0, 0.016666666666666666
surrogate, 49, 26.0, 0.016666666666666666
surrogate, 49, 26.0, 0.016666666666666666
surrogate, 49, 26.0, 0.016666666666666666
surrogate, 49, 26.0, 0.016666666666666666
surrogate, 49, 26.0, 0.016666666666666666
surrogate, 49, 26.0, 0.016666666666666666
surrogate, 49, 26.0, 0.016666666666666666
surrogate, 49, 26.0, 0.016666666666666666
surrogate, 49, 26.0, 0.016666666666666666
surrogate, 49, 26.0, 0.016666666666666666
surrogate, 49, 26.0, 0.016666666666666666
surrogate, 49, 26.0, 0.016666666666666666
surrogate, 49, 26.0, 0.016666666666666666
surrogate, 49, 26.0, 0.016666666666666666
surrogate, 49, 26.0, 0.016666666666666666
surrogate, 49, 26.0, 0.016666666666666666
surrogate, 49, 26.0, 0.016666666666666666
surrogate, 49, 26.0, 0.016666666666666666
surrogate, 49, 26.0, 0.016666666666666666
surrogate, 49, 26.0, 0.016666666666666666
surrogate, 49, 26.0, 0.016666666666666666
surrogate, 49, 26.0, 0.016666666666666666
surrogate, 49, 26.0, 0.016666666666666666
surrogate, 49, 26.0, 0.016666666666666666
surrogate, 49, 26.0, 0.016666666666666666
surrogate, 49, 26.0, 0.016666666666666666
surrogate, 49, 26.0, 0.016666666666666666
surrogate, 49, 26.0, 0.016666666666666666
surrogate, 49, 26.0, 0.016666666666666666
surrogate, 49, 26.0, 0.016666666666666666
surrogate, 49, 26.0, 0.016666666666666666
surrogate, 49, 26.0, 0.016666666666666666
surrogate, 49, 26.0, 0.016666666666666666
surrogate, 49, 26.0, 0.016666666666666666
surrogate, 49, 26.0, 0.016666666666666666
surrogate, 49, 26.0, 0.016666666666666666
surrogate, 49, 26.0, 0.016666666666666666
surrogate, 49, 26.0, 0.016666666666666666
surrogate, 49, 26.0, 0.016666666666666666
surrogate, 50, 104.0, 0.8333333333333334
surrogate, 50, 60.0, 0.7666666666666667
surrogate, 50, 60.0, 0.7666666666666667
surrogate, 50, 60.0, 0.7666666666666667
surrogate, 50, 49.0, 0.7166666666666667
surrogate, 50, 44.0, 0.6833333333333333
surrogate, 50, 44.0, 0.6833333333333333
surrogate, 50, 44.0, 0.6833333333333333
surrogate, 50, 44.0, 0.6833333333333333
surrogate, 50, 44.0, 0.6833333333333333
surrogate, 50, 44.0, 0.6833333333333333
surrogate, 50, 44.0, 0.6833333333333333
surrogate, 50, 44.0, 0.6833333333333333
surrogate, 50, 44.0, 0.6833333333333333
surrogate, 50, 44.0, 0.6833333333333333
surrogate, 50, 44.0, 0.6833333333333333
surrogate, 50, 41.0, 0.65
surrogate, 50, 41.0, 0.65
surrogate, 50, 41.0, 0.65
surrogate, 50, 41.0, 0.65
surrogate, 50, 41.0, 0.65
surrogate, 50, 41.0, 0.65
surrogate, 50, 41.0, 0.65
surrogate, 50, 41.0, 0.65
surrogate, 50, 41.0, 0.65
surrogate, 50, 41.0, 0.65
surrogate, 50, 41.0, 0.65
surrogate, 50, 41.0, 0.65
surrogate, 50, 41.0, 0.65
surrogate, 50, 41.0, 0.65
surrogate, 50, 41.0, 0.65
surrogate, 50, 41.0, 0.65
surrogate, 50, 41.0, 0.65
surrogate, 50, 41.0, 0.65
surrogate, 50, 41.0, 0.65
surrogate, 50, 41.0, 0.65
surrogate, 50, 41.0, 0.65
surrogate, 50, 36.0, 0.55
surrogate, 50, 36.0, 0.55
surrogate, 50, 36.0, 0.55
surrogate, 50, 36.0, 0.55
surrogate, 50, 36.0, 0.55
surrogate, 50, 36.0, 0.55
surrogate, 50, 36.0, 0.55
surrogate, 50, 36.0, 0.55
surrogate, 50, 36.0, 0.55
surrogate, 50, 36.0, 0.55
surrogate, 50, 36.0, 0.55
surrogate, 50, 36.0, 0.55
surrogate, 50, 36.0, 0.55
surrogate, 50, 36.0, 0.55
surrogate, 50, 36.0, 0.55
surrogate, 50, 33.0, 0.5
surrogate, 50, 33.0, 0.5
surrogate, 50, 33.0, 0.5
surrogate, 50, 33.0, 0.5
surrogate, 50, 33.0, 0.5
surrogate, 50, 33.0, 0.5
surrogate, 50, 33.0, 0.5
surrogate, 50, 33.0, 0.5
surrogate, 50, 33.0, 0.5
surrogate, 50, 33.0, 0.5
surrogate, 50, 32.0, 0.36666666666666664
surrogate, 50, 32.0, 0.36666666666666664
surrogate, 50, 32.0, 0.36666666666666664
surrogate, 50, 32.0, 0.36666666666666664
surrogate, 50, 32.0, 0.36666666666666664
surrogate, 50, 32.0, 0.36666666666666664
surrogate, 50, 32.0, 0.36666666666666664
surrogate, 50, 32.0, 0.36666666666666664
surrogate, 50, 32.0, 0.36666666666666664
surrogate, 50, 32.0, 0.36666666666666664
surrogate, 50, 32.0, 0.36666666666666664
surrogate, 50, 32.0, 0.36666666666666664
surrogate, 50, 32.0, 0.36666666666666664
surrogate, 50, 32.0, 0.36666666666666664
surrogate, 50, 32.0, 0.36666666666666664
surrogate, 50, 32.0, 0.36666666666666664
surrogate, 50, 32.0, 0.36666666666666664
surrogate, 50, 32.0, 0.36666666666666664
surrogate, 50, 32.0, 0.36666666666666664
surrogate, 50, 32.0, 0.36666666666666664
surrogate, 50, 32.0, 0.36666666666666664
surrogate, 50, 32.0, 0.36666666666666664
surrogate, 50, 32.0, 0.36666666666666664
surrogate, 50, 32.0, 0.36666666666666664
surrogate, 50, 32.0, 0.36666666666666664
surrogate, 50, 32.0, 0.36666666666666664
surrogate, 50, 32.0, 0.36666666666666664
surrogate, 50, 32.0, 0.36666666666666664
surrogate, 50, 32.0, 0.36666666666666664
surrogate, 50, 32.0, 0.36666666666666664
surrogate, 50, 32.0, 0.36666666666666664
surrogate, 50, 32.0, 0.36666666666666664
surrogate, 50, 32.0, 0.36666666666666664
surrogate, 50, 32.0, 0.36666666666666664
surrogate, 50, 32.0, 0.36666666666666664
surrogate, 50, 32.0, 0.36666666666666664
surrogate, 50, 32.0, 0.36666666666666664
surrogate, 50, 32.0, 0.36666666666666664
surrogate, 50, 32.0, 0.36666666666666664
surrogate, 50, 30.0, 0.26666666666666666
surrogate, 50, 30.0, 0.26666666666666666
surrogate, 50, 30.0, 0.26666666666666666
surrogate, 50, 30.0, 0.26666666666666666
surrogate, 50, 30.0, 0.26666666666666666
surrogate, 50, 30.0, 0.26666666666666666
surrogate, 50, 30.0, 0.26666666666666666
surrogate, 50, 30.0, 0.26666666666666666
surrogate, 50, 30.0, 0.26666666666666666
surrogate, 50, 30.0, 0.26666666666666666
surrogate, 50, 30.0, 0.26666666666666666
surrogate, 50, 30.0, 0.26666666666666666
surrogate, 50, 30.0, 0.26666666666666666
surrogate, 50, 30.0, 0.26666666666666666
surrogate, 50, 30.0, 0.26666666666666666
surrogate, 50, 30.0, 0.26666666666666666
surrogate, 50, 30.0, 0.26666666666666666
surrogate, 50, 29.0, 0.06666666666666667
surrogate, 50, 29.0, 0.06666666666666667
surrogate, 50, 29.0, 0.06666666666666667
surrogate, 50, 29.0, 0.06666666666666667
surrogate, 50, 29.0, 0.06666666666666667
surrogate, 50, 29.0, 0.06666666666666667
surrogate, 50, 29.0, 0.06666666666666667
surrogate, 50, 29.0, 0.06666666666666667
surrogate, 50, 29.0, 0.06666666666666667
surrogate, 50, 29.0, 0.06666666666666667
surrogate, 50, 29.0, 0.06666666666666667
surrogate, 50, 29.0, 0.06666666666666667
surrogate, 50, 29.0, 0.06666666666666667
surrogate, 50, 29.0, 0.06666666666666667
surrogate, 50, 29.0, 0.06666666666666667
surrogate, 50, 29.0, 0.06666666666666667
surrogate, 50, 29.0, 0.06666666666666667
surrogate, 50, 29.0, 0.06666666666666667
surrogate, 50, 29.0, 0.06666666666666667
surrogate, 50, 29.0, 0.06666666666666667
surrogate, 50, 29.0, 0.06666666666666667
surrogate, 50, 29.0, 0.06666666666666667
surrogate, 50, 29.0, 0.06666666666666667
surrogate, 50, 29.0, 0.06666666666666667
surrogate, 50, 29.0, 0.06666666666666667
surrogate, 50, 29.0, 0.06666666666666667
surrogate, 50, 29.0, 0.06666666666666667
surrogate, 50, 29.0, 0.06666666666666667
surrogate, 50, 29.0, 0.06666666666666667
surrogate, 50, 29.0, 0.06666666666666667
surrogate, 50, 29.0, 0.06666666666666667
surrogate, 50, 29.0, 0.06666666666666667
surrogate, 50, 29.0, 0.06666666666666667
surrogate, 50, 29.0, 0.06666666666666667
surrogate, 50, 29.0, 0.06666666666666667
surrogate, 50, 29.0, 0.06666666666666667
surrogate, 50, 29.0, 0.06666666666666667
surrogate, 50, 28.0, 0.05
surrogate, 50, 28.0, 0.05
surrogate, 50, 28.0, 0.05
surrogate, 50, 28.0, 0.05
surrogate, 50, 28.0, 0.05
surrogate, 50, 28.0, 0.05
surrogate, 50, 28.0, 0.05
surrogate, 50, 28.0, 0.05
surrogate, 50, 28.0, 0.05
surrogate, 50, 28.0, 0.05
surrogate, 50, 28.0, 0.05
surrogate, 50, 28.0, 0.05
surrogate, 50, 28.0, 0.05
surrogate, 50, 28.0, 0.05
surrogate, 50, 28.0, 0.05
surrogate, 50, 28.0, 0.05
surrogate, 50, 28.0, 0.05
surrogate, 50, 28.0, 0.05
surrogate, 50, 27.0, 0.03333333333333333
surrogate, 50, 27.0, 0.03333333333333333
surrogate, 50, 27.0, 0.03333333333333333
surrogate, 50, 27.0, 0.03333333333333333
surrogate, 50, 27.0, 0.03333333333333333
surrogate, 50, 27.0, 0.03333333333333333
surrogate, 50, 27.0, 0.03333333333333333
surrogate, 50, 27.0, 0.03333333333333333
surrogate, 50, 27.0, 0.03333333333333333
surrogate, 50, 27.0, 0.03333333333333333
surrogate, 50, 27.0, 0.03333333333333333
surrogate, 50, 27.0, 0.03333333333333333
surrogate, 50, 27.0, 0.03333333333333333
surrogate, 50, 27.0, 0.03333333333333333
surrogate, 50, 26.0, 0.016666666666666666
surrogate, 50, 26.0, 0.016666666666666666
surrogate, 50, 26.0, 0.016666666666666666
surrogate, 50, 26.0, 0.016666666666666666
surrogate, 50, 26.0, 0.016666666666666666
surrogate, 50, 26.0, 0.016666666666666666
surrogate, 50, 26.0, 0.016666666666666666
surrogate, 50, 26.0, 0.016666666666666666
surrogate, 50, 26.0, 0.016666666666666666
surrogate, 50, 26.0, 0.016666666666666666
surrogate, 50, 26.0, 0.016666666666666666
surrogate, 50, 26.0, 0.016666666666666666
surrogate, 50, 26.0, 0.016666666666666666
surrogate, 50, 26.0, 0.016666666666666666
surrogate, 50, 26.0, 0.016666666666666666
surrogate, 50, 26.0, 0.016666666666666666
surrogate, 50, 26.0, 0.016666666666666666
surrogate, 50, 26.0, 0.016666666666666666
surrogate, 50, 26.0, 0.016666666666666666
surrogate, 50, 26.0, 0.016666666666666666
surrogate, 50, 26.0, 0.016666666666666666
surrogate, 50, 26.0, 0.016666666666666666
surrogate, 50, 26.0, 0.016666666666666666
surrogate, 50, 26.0, 0.016666666666666666
surrogate, 50, 26.0, 0.016666666666666666
surrogate, 50, 26.0, 0.016666666666666666
surrogate, 50, 26.0, 0.016666666666666666
surrogate, 50, 26.0, 0.016666666666666666
surrogate, 50, 26.0, 0.016666666666666666
surrogate, 50, 26.0, 0.016666666666666666
surrogate, 50, 26.0, 0.016666666666666666
surrogate, 50, 26.0, 0.016666666666666666
surrogate, 50, 26.0, 0.016666666666666666
surrogate, 50, 26.0, 0.016666666666666666
surrogate, 50, 26.0, 0.016666666666666666
surrogate, 50, 26.0, 0.016666666666666666
surrogate, 50, 26.0, 0.016666666666666666
surrogate, 50, 26.0, 0.016666666666666666
surrogate, 50, 26.0, 0.016666666666666666
surrogate, 50, 26.0, 0.016666666666666666
surrogate, 50, 26.0, 0.016666666666666666
surrogate, 50, 26.0, 0.016666666666666666
surrogate, 50, 26.0, 0.016666666666666666
surrogate, 50, 26.0, 0.016666666666666666
surrogate, 50, 26.0, 0.016666666666666666
surrogate, 50, 26.0, 0.016666666666666666
surrogate, 50, 26.0, 0.016666666666666666
surrogate, 50, 26.0, 0.016666666666666666
surrogate, 50, 26.0, 0.016666666666666666
surrogate, 50, 26.0, 0.016666666666666666
surrogate, 50, 26.0, 0.016666666666666666
surrogate, 50, 26.0, 0.016666666666666666
surrogate, 50, 26.0, 0.016666666666666666
surrogate, 50, 26.0, 0.016666666666666666
surrogate, 51, 104.0, 0.8333333333333334
surrogate, 51, 60.0, 0.7666666666666667
surrogate, 51, 60.0, 0.7666666666666667
surrogate, 51, 60.0, 0.7666666666666667
surrogate, 51, 60.0, 0.7666666666666667
surrogate, 51, 49.0, 0.7166666666666667
surrogate, 51, 49.0, 0.7166666666666667
surrogate, 51, 44.0, 0.6833333333333333
surrogate, 51, 44.0, 0.6833333333333333
surrogate, 51, 44.0, 0.6833333333333333
surrogate, 51, 44.0, 0.6833333333333333
surrogate, 51, 44.0, 0.6833333333333333
surrogate, 51, 44.0, 0.6833333333333333
surrogate, 51, 44.0, 0.6833333333333333
surrogate, 51, 44.0, 0.6833333333333333
surrogate, 51, 44.0, 0.6833333333333333
surrogate, 51, 44.0, 0.6833333333333333
surrogate, 51, 44.0, 0.6833333333333333
surrogate, 51, 44.0, 0.6833333333333333
surrogate, 51, 41.0, 0.65
surrogate, 51, 41.0, 0.65
surrogate, 51, 41.0, 0.65
surrogate, 51, 41.0, 0.65
surrogate, 51, 41.0, 0.65
surrogate, 51, 41.0, 0.65
surrogate, 51, 41.0, 0.65
surrogate, 51, 41.0, 0.65
surrogate, 51, 41.0, 0.65
surrogate, 51, 41.0, 0.65
surrogate, 51, 41.0, 0.65
surrogate, 51, 41.0, 0.65
surrogate, 51, 41.0, 0.65
surrogate, 51, 41.0, 0.65
surrogate, 51, 41.0, 0.65
surrogate, 51, 41.0, 0.65
surrogate, 51, 41.0, 0.65
surrogate, 51, 41.0, 0.65
surrogate, 51, 41.0, 0.65
surrogate, 51, 41.0, 0.65
surrogate, 51, 41.0, 0.65
surrogate, 51, 41.0, 0.65
surrogate, 51, 36.0, 0.55
surrogate, 51, 36.0, 0.55
surrogate, 51, 36.0, 0.55
surrogate, 51, 36.0, 0.55
surrogate, 51, 36.0, 0.55
surrogate, 51, 36.0, 0.55
surrogate, 51, 36.0, 0.55
surrogate, 51, 36.0, 0.55
surrogate, 51, 36.0, 0.55
surrogate, 51, 36.0, 0.55
surrogate, 51, 36.0, 0.55
surrogate, 51, 36.0, 0.55
surrogate, 51, 36.0, 0.55
surrogate, 51, 36.0, 0.55
surrogate, 51, 36.0, 0.55
surrogate, 51, 36.0, 0.55
surrogate, 51, 33.0, 0.5
surrogate, 51, 33.0, 0.5
surrogate, 51, 33.0, 0.5
surrogate, 51, 33.0, 0.5
surrogate, 51, 33.0, 0.5
surrogate, 51, 33.0, 0.5
surrogate, 51, 33.0, 0.5
surrogate, 51, 33.0, 0.5
surrogate, 51, 33.0, 0.5
surrogate, 51, 33.0, 0.5
surrogate, 51, 32.0, 0.36666666666666664
surrogate, 51, 32.0, 0.36666666666666664
surrogate, 51, 32.0, 0.36666666666666664
surrogate, 51, 32.0, 0.36666666666666664
surrogate, 51, 32.0, 0.36666666666666664
surrogate, 51, 32.0, 0.36666666666666664
surrogate, 51, 32.0, 0.36666666666666664
surrogate, 51, 32.0, 0.36666666666666664
surrogate, 51, 32.0, 0.36666666666666664
surrogate, 51, 32.0, 0.36666666666666664
surrogate, 51, 32.0, 0.36666666666666664
surrogate, 51, 32.0, 0.36666666666666664
surrogate, 51, 32.0, 0.36666666666666664
surrogate, 51, 32.0, 0.36666666666666664
surrogate, 51, 32.0, 0.36666666666666664
surrogate, 51, 32.0, 0.36666666666666664
surrogate, 51, 32.0, 0.36666666666666664
surrogate, 51, 32.0, 0.36666666666666664
surrogate, 51, 32.0, 0.36666666666666664
surrogate, 51, 32.0, 0.36666666666666664
surrogate, 51, 32.0, 0.36666666666666664
surrogate, 51, 32.0, 0.36666666666666664
surrogate, 51, 32.0, 0.36666666666666664
surrogate, 51, 32.0, 0.36666666666666664
surrogate, 51, 32.0, 0.36666666666666664
surrogate, 51, 32.0, 0.36666666666666664
surrogate, 51, 32.0, 0.36666666666666664
surrogate, 51, 32.0, 0.36666666666666664
surrogate, 51, 32.0, 0.36666666666666664
surrogate, 51, 32.0, 0.36666666666666664
surrogate, 51, 32.0, 0.36666666666666664
surrogate, 51, 32.0, 0.36666666666666664
surrogate, 51, 32.0, 0.36666666666666664
surrogate, 51, 32.0, 0.36666666666666664
surrogate, 51, 32.0, 0.36666666666666664
surrogate, 51, 32.0, 0.36666666666666664
surrogate, 51, 32.0, 0.36666666666666664
surrogate, 51, 32.0, 0.36666666666666664
surrogate, 51, 32.0, 0.36666666666666664
surrogate, 51, 32.0, 0.36666666666666664
surrogate, 51, 30.0, 0.26666666666666666
surrogate, 51, 30.0, 0.26666666666666666
surrogate, 51, 30.0, 0.26666666666666666
surrogate, 51, 30.0, 0.26666666666666666
surrogate, 51, 30.0, 0.26666666666666666
surrogate, 51, 30.0, 0.26666666666666666
surrogate, 51, 30.0, 0.26666666666666666
surrogate, 51, 30.0, 0.26666666666666666
surrogate, 51, 30.0, 0.26666666666666666
surrogate, 51, 30.0, 0.26666666666666666
surrogate, 51, 30.0, 0.26666666666666666
surrogate, 51, 30.0, 0.26666666666666666
surrogate, 51, 30.0, 0.26666666666666666
surrogate, 51, 30.0, 0.26666666666666666
surrogate, 51, 30.0, 0.26666666666666666
surrogate, 51, 30.0, 0.26666666666666666
surrogate, 51, 30.0, 0.26666666666666666
surrogate, 51, 29.0, 0.06666666666666667
surrogate, 51, 29.0, 0.06666666666666667
surrogate, 51, 29.0, 0.06666666666666667
surrogate, 51, 29.0, 0.06666666666666667
surrogate, 51, 29.0, 0.06666666666666667
surrogate, 51, 29.0, 0.06666666666666667
surrogate, 51, 29.0, 0.06666666666666667
surrogate, 51, 29.0, 0.06666666666666667
surrogate, 51, 29.0, 0.06666666666666667
surrogate, 51, 29.0, 0.06666666666666667
surrogate, 51, 29.0, 0.06666666666666667
surrogate, 51, 29.0, 0.06666666666666667
surrogate, 51, 29.0, 0.06666666666666667
surrogate, 51, 29.0, 0.06666666666666667
surrogate, 51, 29.0, 0.06666666666666667
surrogate, 51, 29.0, 0.06666666666666667
surrogate, 51, 29.0, 0.06666666666666667
surrogate, 51, 29.0, 0.06666666666666667
surrogate, 51, 29.0, 0.06666666666666667
surrogate, 51, 29.0, 0.06666666666666667
surrogate, 51, 29.0, 0.06666666666666667
surrogate, 51, 29.0, 0.06666666666666667
surrogate, 51, 29.0, 0.06666666666666667
surrogate, 51, 29.0, 0.06666666666666667
surrogate, 51, 29.0, 0.06666666666666667
surrogate, 51, 29.0, 0.06666666666666667
surrogate, 51, 29.0, 0.06666666666666667
surrogate, 51, 29.0, 0.06666666666666667
surrogate, 51, 29.0, 0.06666666666666667
surrogate, 51, 29.0, 0.06666666666666667
surrogate, 51, 29.0, 0.06666666666666667
surrogate, 51, 29.0, 0.06666666666666667
surrogate, 51, 29.0, 0.06666666666666667
surrogate, 51, 29.0, 0.06666666666666667
surrogate, 51, 29.0, 0.06666666666666667
surrogate, 51, 29.0, 0.06666666666666667
surrogate, 51, 29.0, 0.06666666666666667
surrogate, 51, 29.0, 0.06666666666666667
surrogate, 51, 28.0, 0.05
surrogate, 51, 28.0, 0.05
surrogate, 51, 28.0, 0.05
surrogate, 51, 28.0, 0.05
surrogate, 51, 28.0, 0.05
surrogate, 51, 28.0, 0.05
surrogate, 51, 28.0, 0.05
surrogate, 51, 28.0, 0.05
surrogate, 51, 28.0, 0.05
surrogate, 51, 28.0, 0.05
surrogate, 51, 28.0, 0.05
surrogate, 51, 28.0, 0.05
surrogate, 51, 28.0, 0.05
surrogate, 51, 28.0, 0.05
surrogate, 51, 28.0, 0.05
surrogate, 51, 28.0, 0.05
surrogate, 51, 28.0, 0.05
surrogate, 51, 28.0, 0.05
surrogate, 51, 27.0, 0.03333333333333333
surrogate, 51, 27.0, 0.03333333333333333
surrogate, 51, 27.0, 0.03333333333333333
surrogate, 51, 27.0, 0.03333333333333333
surrogate, 51, 27.0, 0.03333333333333333
surrogate, 51, 27.0, 0.03333333333333333
surrogate, 51, 27.0, 0.03333333333333333
surrogate, 51, 27.0, 0.03333333333333333
surrogate, 51, 27.0, 0.03333333333333333
surrogate, 51, 27.0, 0.03333333333333333
surrogate, 51, 27.0, 0.03333333333333333
surrogate, 51, 27.0, 0.03333333333333333
surrogate, 51, 27.0, 0.03333333333333333
surrogate, 51, 27.0, 0.03333333333333333
surrogate, 51, 26.0, 0.016666666666666666
surrogate, 51, 26.0, 0.016666666666666666
surrogate, 51, 26.0, 0.016666666666666666
surrogate, 51, 26.0, 0.016666666666666666
surrogate, 51, 26.0, 0.016666666666666666
surrogate, 51, 26.0, 0.016666666666666666
surrogate, 51, 26.0, 0.016666666666666666
surrogate, 51, 26.0, 0.016666666666666666
surrogate, 51, 26.0, 0.016666666666666666
surrogate, 51, 26.0, 0.016666666666666666
surrogate, 51, 26.0, 0.016666666666666666
surrogate, 51, 26.0, 0.016666666666666666
surrogate, 51, 26.0, 0.016666666666666666
surrogate, 51, 26.0, 0.016666666666666666
surrogate, 51, 26.0, 0.016666666666666666
surrogate, 51, 26.0, 0.016666666666666666
surrogate, 51, 26.0, 0.016666666666666666
surrogate, 51, 26.0, 0.016666666666666666
surrogate, 51, 26.0, 0.016666666666666666
surrogate, 51, 26.0, 0.016666666666666666
surrogate, 51, 26.0, 0.016666666666666666
surrogate, 51, 26.0, 0.016666666666666666
surrogate, 51, 26.0, 0.016666666666666666
surrogate, 51, 26.0, 0.016666666666666666
surrogate, 51, 26.0, 0.016666666666666666
surrogate, 51, 26.0, 0.016666666666666666
surrogate, 51, 26.0, 0.016666666666666666
surrogate, 51, 26.0, 0.016666666666666666
surrogate, 51, 26.0, 0.016666666666666666
surrogate, 51, 26.0, 0.016666666666666666
surrogate, 51, 26.0, 0.016666666666666666
surrogate, 51, 26.0, 0.016666666666666666
surrogate, 51, 26.0, 0.016666666666666666
surrogate, 51, 26.0, 0.016666666666666666
surrogate, 51, 26.0, 0.016666666666666666
surrogate, 51, 26.0, 0.016666666666666666
surrogate, 51, 26.0, 0.016666666666666666
surrogate, 51, 26.0, 0.016666666666666666
surrogate, 51, 26.0, 0.016666666666666666
surrogate, 51, 26.0, 0.016666666666666666
surrogate, 51, 26.0, 0.016666666666666666
surrogate, 51, 26.0, 0.016666666666666666
surrogate, 51, 26.0, 0.016666666666666666
surrogate, 51, 26.0, 0.016666666666666666
surrogate, 51, 26.0, 0.016666666666666666
surrogate, 51, 26.0, 0.016666666666666666
surrogate, 51, 26.0, 0.016666666666666666
surrogate, 51, 26.0, 0.016666666666666666
surrogate, 51, 26.0, 0.016666666666666666
surrogate, 51, 26.0, 0.016666666666666666
surrogate, 51, 26.0, 0.016666666666666666
surrogate, 51, 26.0, 0.016666666666666666
surrogate, 51, 26.0, 0.016666666666666666
surrogate, 51, 26.0, 0.016666666666666666
surrogate, 51, 26.0, 0.016666666666666666
surrogate, 52, 104.0, 0.8333333333333334
surrogate, 52, 60.0, 0.7666666666666667
surrogate, 52, 60.0, 0.7666666666666667
surrogate, 52, 60.0, 0.7666666666666667
surrogate, 52, 60.0, 0.7666666666666667
surrogate, 52, 60.0, 0.7666666666666667
surrogate, 52, 48.0, 0.7166666666666667
surrogate, 52, 44.0, 0.6833333333333333
surrogate, 52, 44.0, 0.6833333333333333
surrogate, 52, 44.0, 0.6833333333333333
surrogate, 52, 44.0, 0.6833333333333333
surrogate, 52, 44.0, 0.6833333333333333
surrogate, 52, 44.0, 0.6833333333333333
surrogate, 52, 44.0, 0.6833333333333333
surrogate, 52, 44.0, 0.6833333333333333
surrogate, 52, 44.0, 0.6833333333333333
surrogate, 52, 44.0, 0.6833333333333333
surrogate, 52, 44.0, 0.6833333333333333
surrogate, 52, 44.0, 0.6833333333333333
surrogate, 52, 41.0, 0.65
surrogate, 52, 41.0, 0.65
surrogate, 52, 41.0, 0.65
surrogate, 52, 41.0, 0.65
surrogate, 52, 41.0, 0.65
surrogate, 52, 41.0, 0.65
surrogate, 52, 41.0, 0.65
surrogate, 52, 41.0, 0.65
surrogate, 52, 41.0, 0.65
surrogate, 52, 41.0, 0.65
surrogate, 52, 41.0, 0.65
surrogate, 52, 41.0, 0.65
surrogate, 52, 41.0, 0.65
surrogate, 52, 41.0, 0.65
surrogate, 52, 41.0, 0.65
surrogate, 52, 41.0, 0.65
surrogate, 52, 41.0, 0.65
surrogate, 52, 41.0, 0.65
surrogate, 52, 41.0, 0.65
surrogate, 52, 41.0, 0.65
surrogate, 52, 41.0, 0.65
surrogate, 52, 41.0, 0.65
surrogate, 52, 36.0, 0.55
surrogate, 52, 36.0, 0.55
surrogate, 52, 36.0, 0.55
surrogate, 52, 36.0, 0.55
surrogate, 52, 36.0, 0.55
surrogate, 52, 36.0, 0.55
surrogate, 52, 36.0, 0.55
surrogate, 52, 36.0, 0.55
surrogate, 52, 36.0, 0.55
surrogate, 52, 36.0, 0.55
surrogate, 52, 36.0, 0.55
surrogate, 52, 36.0, 0.55
surrogate, 52, 36.0, 0.55
surrogate, 52, 36.0, 0.55
surrogate, 52, 36.0, 0.55
surrogate, 52, 36.0, 0.55
surrogate, 52, 36.0, 0.55
surrogate, 52, 33.0, 0.5
surrogate, 52, 33.0, 0.5
surrogate, 52, 33.0, 0.5
surrogate, 52, 33.0, 0.5
surrogate, 52, 33.0, 0.5
surrogate, 52, 33.0, 0.5
surrogate, 52, 33.0, 0.5
surrogate, 52, 33.0, 0.5
surrogate, 52, 33.0, 0.5
surrogate, 52, 33.0, 0.5
surrogate, 52, 33.0, 0.5
surrogate, 52, 32.0, 0.36666666666666664
surrogate, 52, 32.0, 0.36666666666666664
surrogate, 52, 32.0, 0.36666666666666664
surrogate, 52, 32.0, 0.36666666666666664
surrogate, 52, 32.0, 0.36666666666666664
surrogate, 52, 32.0, 0.36666666666666664
surrogate, 52, 32.0, 0.36666666666666664
surrogate, 52, 32.0, 0.36666666666666664
surrogate, 52, 32.0, 0.36666666666666664
surrogate, 52, 32.0, 0.36666666666666664
surrogate, 52, 32.0, 0.36666666666666664
surrogate, 52, 32.0, 0.36666666666666664
surrogate, 52, 32.0, 0.36666666666666664
surrogate, 52, 32.0, 0.36666666666666664
surrogate, 52, 32.0, 0.36666666666666664
surrogate, 52, 32.0, 0.36666666666666664
surrogate, 52, 32.0, 0.36666666666666664
surrogate, 52, 32.0, 0.36666666666666664
surrogate, 52, 32.0, 0.36666666666666664
surrogate, 52, 32.0, 0.36666666666666664
surrogate, 52, 32.0, 0.36666666666666664
surrogate, 52, 32.0, 0.36666666666666664
surrogate, 52, 32.0, 0.36666666666666664
surrogate, 52, 32.0, 0.36666666666666664
surrogate, 52, 32.0, 0.36666666666666664
surrogate, 52, 32.0, 0.36666666666666664
surrogate, 52, 32.0, 0.36666666666666664
surrogate, 52, 32.0, 0.36666666666666664
surrogate, 52, 32.0, 0.36666666666666664
surrogate, 52, 32.0, 0.36666666666666664
surrogate, 52, 32.0, 0.36666666666666664
surrogate, 52, 32.0, 0.36666666666666664
surrogate, 52, 32.0, 0.36666666666666664
surrogate, 52, 32.0, 0.36666666666666664
surrogate, 52, 32.0, 0.36666666666666664
surrogate, 52, 32.0, 0.36666666666666664
surrogate, 52, 32.0, 0.36666666666666664
surrogate, 52, 32.0, 0.36666666666666664
surrogate, 52, 32.0, 0.36666666666666664
surrogate, 52, 32.0, 0.36666666666666664
surrogate, 52, 32.0, 0.36666666666666664
surrogate, 52, 30.0, 0.26666666666666666
surrogate, 52, 30.0, 0.26666666666666666
surrogate, 52, 30.0, 0.26666666666666666
surrogate, 52, 30.0, 0.26666666666666666
surrogate, 52, 30.0, 0.26666666666666666
surrogate, 52, 30.0, 0.26666666666666666
surrogate, 52, 30.0, 0.26666666666666666
surrogate, 52, 30.0, 0.26666666666666666
surrogate, 52, 30.0, 0.26666666666666666
surrogate, 52, 30.0, 0.26666666666666666
surrogate, 52, 30.0, 0.26666666666666666
surrogate, 52, 30.0, 0.26666666666666666
surrogate, 52, 30.0, 0.26666666666666666
surrogate, 52, 30.0, 0.26666666666666666
surrogate, 52, 30.0, 0.26666666666666666
surrogate, 52, 30.0, 0.26666666666666666
surrogate, 52, 30.0, 0.26666666666666666
surrogate, 52, 30.0, 0.26666666666666666
surrogate, 52, 29.0, 0.06666666666666667
surrogate, 52, 29.0, 0.06666666666666667
surrogate, 52, 29.0, 0.06666666666666667
surrogate, 52, 29.0, 0.06666666666666667
surrogate, 52, 29.0, 0.06666666666666667
surrogate, 52, 29.0, 0.06666666666666667
surrogate, 52, 29.0, 0.06666666666666667
surrogate, 52, 29.0, 0.06666666666666667
surrogate, 52, 29.0, 0.06666666666666667
surrogate, 52, 29.0, 0.06666666666666667
surrogate, 52, 29.0, 0.06666666666666667
surrogate, 52, 29.0, 0.06666666666666667
surrogate, 52, 29.0, 0.06666666666666667
surrogate, 52, 29.0, 0.06666666666666667
surrogate, 52, 29.0, 0.06666666666666667
surrogate, 52, 29.0, 0.06666666666666667
surrogate, 52, 29.0, 0.06666666666666667
surrogate, 52, 29.0, 0.06666666666666667
surrogate, 52, 29.0, 0.06666666666666667
surrogate, 52, 29.0, 0.06666666666666667
surrogate, 52, 29.0, 0.06666666666666667
surrogate, 52, 29.0, 0.06666666666666667
surrogate, 52, 29.0, 0.06666666666666667
surrogate, 52, 29.0, 0.06666666666666667
surrogate, 52, 29.0, 0.06666666666666667
surrogate, 52, 29.0, 0.06666666666666667
surrogate, 52, 29.0, 0.06666666666666667
surrogate, 52, 29.0, 0.06666666666666667
surrogate, 52, 29.0, 0.06666666666666667
surrogate, 52, 29.0, 0.06666666666666667
surrogate, 52, 29.0, 0.06666666666666667
surrogate, 52, 29.0, 0.06666666666666667
surrogate, 52, 29.0, 0.06666666666666667
surrogate, 52, 29.0, 0.06666666666666667
surrogate, 52, 29.0, 0.06666666666666667
surrogate, 52, 29.0, 0.06666666666666667
surrogate, 52, 29.0, 0.06666666666666667
surrogate, 52, 29.0, 0.06666666666666667
surrogate, 52, 29.0, 0.06666666666666667
surrogate, 52, 28.0, 0.05
surrogate, 52, 28.0, 0.05
surrogate, 52, 28.0, 0.05
surrogate, 52, 28.0, 0.05
surrogate, 52, 28.0, 0.05
surrogate, 52, 28.0, 0.05
surrogate, 52, 28.0, 0.05
surrogate, 52, 28.0, 0.05
surrogate, 52, 28.0, 0.05
surrogate, 52, 28.0, 0.05
surrogate, 52, 28.0, 0.05
surrogate, 52, 28.0, 0.05
surrogate, 52, 28.0, 0.05
surrogate, 52, 28.0, 0.05
surrogate, 52, 28.0, 0.05
surrogate, 52, 28.0, 0.05
surrogate, 52, 28.0, 0.05
surrogate, 52, 28.0, 0.05
surrogate, 52, 27.0, 0.03333333333333333
surrogate, 52, 27.0, 0.03333333333333333
surrogate, 52, 27.0, 0.03333333333333333
surrogate, 52, 27.0, 0.03333333333333333
surrogate, 52, 27.0, 0.03333333333333333
surrogate, 52, 27.0, 0.03333333333333333
surrogate, 52, 27.0, 0.03333333333333333
surrogate, 52, 27.0, 0.03333333333333333
surrogate, 52, 27.0, 0.03333333333333333
surrogate, 52, 27.0, 0.03333333333333333
surrogate, 52, 27.0, 0.03333333333333333
surrogate, 52, 27.0, 0.03333333333333333
surrogate, 52, 27.0, 0.03333333333333333
surrogate, 52, 27.0, 0.03333333333333333
surrogate, 52, 26.0, 0.016666666666666666
surrogate, 52, 26.0, 0.016666666666666666
surrogate, 52, 26.0, 0.016666666666666666
surrogate, 52, 26.0, 0.016666666666666666
surrogate, 52, 26.0, 0.016666666666666666
surrogate, 52, 26.0, 0.016666666666666666
surrogate, 52, 26.0, 0.016666666666666666
surrogate, 52, 26.0, 0.016666666666666666
surrogate, 52, 26.0, 0.016666666666666666
surrogate, 52, 26.0, 0.016666666666666666
surrogate, 52, 26.0, 0.016666666666666666
surrogate, 52, 26.0, 0.016666666666666666
surrogate, 52, 26.0, 0.016666666666666666
surrogate, 52, 26.0, 0.016666666666666666
surrogate, 52, 26.0, 0.016666666666666666
surrogate, 52, 26.0, 0.016666666666666666
surrogate, 52, 26.0, 0.016666666666666666
surrogate, 52, 26.0, 0.016666666666666666
surrogate, 52, 26.0, 0.016666666666666666
surrogate, 52, 26.0, 0.016666666666666666
surrogate, 52, 26.0, 0.016666666666666666
surrogate, 52, 26.0, 0.016666666666666666
surrogate, 52, 26.0, 0.016666666666666666
surrogate, 52, 26.0, 0.016666666666666666
surrogate, 52, 26.0, 0.016666666666666666
surrogate, 52, 26.0, 0.016666666666666666
surrogate, 52, 26.0, 0.016666666666666666
surrogate, 52, 26.0, 0.016666666666666666
surrogate, 52, 26.0, 0.016666666666666666
surrogate, 52, 26.0, 0.016666666666666666
surrogate, 52, 26.0, 0.016666666666666666
surrogate, 52, 26.0, 0.016666666666666666
surrogate, 52, 26.0, 0.016666666666666666
surrogate, 52, 26.0, 0.016666666666666666
surrogate, 52, 26.0, 0.016666666666666666
surrogate, 52, 26.0, 0.016666666666666666
surrogate, 52, 26.0, 0.016666666666666666
surrogate, 52, 26.0, 0.016666666666666666
surrogate, 52, 26.0, 0.016666666666666666
surrogate, 52, 26.0, 0.016666666666666666
surrogate, 52, 26.0, 0.016666666666666666
surrogate, 52, 26.0, 0.016666666666666666
surrogate, 52, 26.0, 0.016666666666666666
surrogate, 52, 26.0, 0.016666666666666666
surrogate, 52, 26.0, 0.016666666666666666
surrogate, 52, 26.0, 0.016666666666666666
surrogate, 52, 26.0, 0.016666666666666666
surrogate, 52, 26.0, 0.016666666666666666
surrogate, 52, 26.0, 0.016666666666666666
surrogate, 52, 26.0, 0.016666666666666666
surrogate, 52, 26.0, 0.016666666666666666
surrogate, 52, 26.0, 0.016666666666666666
surrogate, 52, 26.0, 0.016666666666666666
surrogate, 52, 26.0, 0.016666666666666666
surrogate, 52, 26.0, 0.016666666666666666
surrogate, 52, 26.0, 0.016666666666666666
surrogate, 53, 104.0, 0.8333333333333334
surrogate, 53, 60.0, 0.7666666666666667
surrogate, 53, 60.0, 0.7666666666666667
surrogate, 53, 60.0, 0.7666666666666667
surrogate, 53, 60.0, 0.7666666666666667
surrogate, 53, 60.0, 0.7666666666666667
surrogate, 53, 60.0, 0.7666666666666667
surrogate, 53, 48.0, 0.7166666666666667
surrogate, 53, 43.0, 0.6833333333333333
surrogate, 53, 41.0, 0.65
surrogate, 53, 41.0, 0.65
surrogate, 53, 41.0, 0.65
surrogate, 53, 41.0, 0.65
surrogate, 53, 41.0, 0.65
surrogate, 53, 41.0, 0.65
surrogate, 53, 41.0, 0.65
surrogate, 53, 41.0, 0.65
surrogate, 53, 41.0, 0.65
surrogate, 53, 41.0, 0.65
surrogate, 53, 41.0, 0.65
surrogate, 53, 41.0, 0.65
surrogate, 53, 41.0, 0.65
surrogate, 53, 41.0, 0.65
surrogate, 53, 41.0, 0.65
surrogate, 53, 41.0, 0.65
surrogate, 53, 41.0, 0.65
surrogate, 53, 41.0, 0.65
surrogate, 53, 41.0, 0.65
surrogate, 53, 41.0, 0.65
surrogate, 53, 41.0, 0.65
surrogate, 53, 41.0, 0.65
surrogate, 53, 41.0, 0.65
surrogate, 53, 36.0, 0.55
surrogate, 53, 36.0, 0.55
surrogate, 53, 36.0, 0.55
surrogate, 53, 36.0, 0.55
surrogate, 53, 36.0, 0.55
surrogate, 53, 36.0, 0.55
surrogate, 53, 36.0, 0.55
surrogate, 53, 36.0, 0.55
surrogate, 53, 36.0, 0.55
surrogate, 53, 36.0, 0.55
surrogate, 53, 36.0, 0.55
surrogate, 53, 36.0, 0.55
surrogate, 53, 36.0, 0.55
surrogate, 53, 36.0, 0.55
surrogate, 53, 36.0, 0.55
surrogate, 53, 36.0, 0.55
surrogate, 53, 36.0, 0.55
surrogate, 53, 33.0, 0.5
surrogate, 53, 33.0, 0.5
surrogate, 53, 33.0, 0.5
surrogate, 53, 33.0, 0.5
surrogate, 53, 33.0, 0.5
surrogate, 53, 33.0, 0.5
surrogate, 53, 33.0, 0.5
surrogate, 53, 33.0, 0.5
surrogate, 53, 33.0, 0.5
surrogate, 53, 33.0, 0.5
surrogate, 53, 33.0, 0.5
surrogate, 53, 32.0, 0.36666666666666664
surrogate, 53, 32.0, 0.36666666666666664
surrogate, 53, 32.0, 0.36666666666666664
surrogate, 53, 32.0, 0.36666666666666664
surrogate, 53, 32.0, 0.36666666666666664
surrogate, 53, 32.0, 0.36666666666666664
surrogate, 53, 32.0, 0.36666666666666664
surrogate, 53, 32.0, 0.36666666666666664
surrogate, 53, 32.0, 0.36666666666666664
surrogate, 53, 32.0, 0.36666666666666664
surrogate, 53, 32.0, 0.36666666666666664
surrogate, 53, 32.0, 0.36666666666666664
surrogate, 53, 32.0, 0.36666666666666664
surrogate, 53, 32.0, 0.36666666666666664
surrogate, 53, 32.0, 0.36666666666666664
surrogate, 53, 32.0, 0.36666666666666664
surrogate, 53, 32.0, 0.36666666666666664
surrogate, 53, 32.0, 0.36666666666666664
surrogate, 53, 32.0, 0.36666666666666664
surrogate, 53, 32.0, 0.36666666666666664
surrogate, 53, 32.0, 0.36666666666666664
surrogate, 53, 32.0, 0.36666666666666664
surrogate, 53, 32.0, 0.36666666666666664
surrogate, 53, 32.0, 0.36666666666666664
surrogate, 53, 32.0, 0.36666666666666664
surrogate, 53, 32.0, 0.36666666666666664
surrogate, 53, 32.0, 0.36666666666666664
surrogate, 53, 32.0, 0.36666666666666664
surrogate, 53, 32.0, 0.36666666666666664
surrogate, 53, 32.0, 0.36666666666666664
surrogate, 53, 32.0, 0.36666666666666664
surrogate, 53, 32.0, 0.36666666666666664
surrogate, 53, 32.0, 0.36666666666666664
surrogate, 53, 32.0, 0.36666666666666664
surrogate, 53, 32.0, 0.36666666666666664
surrogate, 53, 32.0, 0.36666666666666664
surrogate, 53, 32.0, 0.36666666666666664
surrogate, 53, 32.0, 0.36666666666666664
surrogate, 53, 32.0, 0.36666666666666664
surrogate, 53, 32.0, 0.36666666666666664
surrogate, 53, 32.0, 0.36666666666666664
surrogate, 53, 32.0, 0.36666666666666664
surrogate, 53, 30.0, 0.26666666666666666
surrogate, 53, 30.0, 0.26666666666666666
surrogate, 53, 30.0, 0.26666666666666666
surrogate, 53, 30.0, 0.26666666666666666
surrogate, 53, 30.0, 0.26666666666666666
surrogate, 53, 30.0, 0.26666666666666666
surrogate, 53, 30.0, 0.26666666666666666
surrogate, 53, 30.0, 0.26666666666666666
surrogate, 53, 30.0, 0.26666666666666666
surrogate, 53, 30.0, 0.26666666666666666
surrogate, 53, 30.0, 0.26666666666666666
surrogate, 53, 30.0, 0.26666666666666666
surrogate, 53, 30.0, 0.26666666666666666
surrogate, 53, 30.0, 0.26666666666666666
surrogate, 53, 30.0, 0.26666666666666666
surrogate, 53, 30.0, 0.26666666666666666
surrogate, 53, 30.0, 0.26666666666666666
surrogate, 53, 30.0, 0.26666666666666666
surrogate, 53, 30.0, 0.26666666666666666
surrogate, 53, 29.0, 0.06666666666666667
surrogate, 53, 29.0, 0.06666666666666667
surrogate, 53, 29.0, 0.06666666666666667
surrogate, 53, 29.0, 0.06666666666666667
surrogate, 53, 29.0, 0.06666666666666667
surrogate, 53, 29.0, 0.06666666666666667
surrogate, 53, 29.0, 0.06666666666666667
surrogate, 53, 29.0, 0.06666666666666667
surrogate, 53, 29.0, 0.06666666666666667
surrogate, 53, 29.0, 0.06666666666666667
surrogate, 53, 29.0, 0.06666666666666667
surrogate, 53, 29.0, 0.06666666666666667
surrogate, 53, 29.0, 0.06666666666666667
surrogate, 53, 29.0, 0.06666666666666667
surrogate, 53, 29.0, 0.06666666666666667
surrogate, 53, 29.0, 0.06666666666666667
surrogate, 53, 29.0, 0.06666666666666667
surrogate, 53, 29.0, 0.06666666666666667
surrogate, 53, 29.0, 0.06666666666666667
surrogate, 53, 29.0, 0.06666666666666667
surrogate, 53, 29.0, 0.06666666666666667
surrogate, 53, 29.0, 0.06666666666666667
surrogate, 53, 29.0, 0.06666666666666667
surrogate, 53, 29.0, 0.06666666666666667
surrogate, 53, 29.0, 0.06666666666666667
surrogate, 53, 29.0, 0.06666666666666667
surrogate, 53, 29.0, 0.06666666666666667
surrogate, 53, 29.0, 0.06666666666666667
surrogate, 53, 29.0, 0.06666666666666667
surrogate, 53, 29.0, 0.06666666666666667
surrogate, 53, 29.0, 0.06666666666666667
surrogate, 53, 29.0, 0.06666666666666667
surrogate, 53, 29.0, 0.06666666666666667
surrogate, 53, 29.0, 0.06666666666666667
surrogate, 53, 29.0, 0.06666666666666667
surrogate, 53, 29.0, 0.06666666666666667
surrogate, 53, 29.0, 0.06666666666666667
surrogate, 53, 29.0, 0.06666666666666667
surrogate, 53, 29.0, 0.06666666666666667
surrogate, 53, 29.0, 0.06666666666666667
surrogate, 53, 28.0, 0.05
surrogate, 53, 28.0, 0.05
surrogate, 53, 28.0, 0.05
surrogate, 53, 28.0, 0.05
surrogate, 53, 28.0, 0.05
surrogate, 53, 28.0, 0.05
surrogate, 53, 28.0, 0.05
surrogate, 53, 28.0, 0.05
surrogate, 53, 28.0, 0.05
surrogate, 53, 28.0, 0.05
surrogate, 53, 28.0, 0.05
surrogate, 53, 28.0, 0.05
surrogate, 53, 28.0, 0.05
surrogate, 53, 28.0, 0.05
surrogate, 53, 28.0, 0.05
surrogate, 53, 28.0, 0.05
surrogate, 53, 28.0, 0.05
surrogate, 53, 28.0, 0.05
surrogate, 53, 27.0, 0.03333333333333333
surrogate, 53, 27.0, 0.03333333333333333
surrogate, 53, 27.0, 0.03333333333333333
surrogate, 53, 27.0, 0.03333333333333333
surrogate, 53, 27.0, 0.03333333333333333
surrogate, 53, 27.0, 0.03333333333333333
surrogate, 53, 27.0, 0.03333333333333333
surrogate, 53, 27.0, 0.03333333333333333
surrogate, 53, 27.0, 0.03333333333333333
surrogate, 53, 27.0, 0.03333333333333333
surrogate, 53, 27.0, 0.03333333333333333
surrogate, 53, 27.0, 0.03333333333333333
surrogate, 53, 27.0, 0.03333333333333333
surrogate, 53, 27.0, 0.03333333333333333
surrogate, 53, 26.0, 0.016666666666666666
surrogate, 53, 26.0, 0.016666666666666666
surrogate, 53, 26.0, 0.016666666666666666
surrogate, 53, 26.0, 0.016666666666666666
surrogate, 53, 26.0, 0.016666666666666666
surrogate, 53, 26.0, 0.016666666666666666
surrogate, 53, 26.0, 0.016666666666666666
surrogate, 53, 26.0, 0.016666666666666666
surrogate, 53, 26.0, 0.016666666666666666
surrogate, 53, 26.0, 0.016666666666666666
surrogate, 53, 26.0, 0.016666666666666666
surrogate, 53, 26.0, 0.016666666666666666
surrogate, 53, 26.0, 0.016666666666666666
surrogate, 53, 26.0, 0.016666666666666666
surrogate, 53, 26.0, 0.016666666666666666
surrogate, 53, 26.0, 0.016666666666666666
surrogate, 53, 26.0, 0.016666666666666666
surrogate, 53, 26.0, 0.016666666666666666
surrogate, 53, 26.0, 0.016666666666666666
surrogate, 53, 26.0, 0.016666666666666666
surrogate, 53, 26.0, 0.016666666666666666
surrogate, 53, 26.0, 0.016666666666666666
surrogate, 53, 26.0, 0.016666666666666666
surrogate, 53, 26.0, 0.016666666666666666
surrogate, 53, 26.0, 0.016666666666666666
surrogate, 53, 26.0, 0.016666666666666666
surrogate, 53, 26.0, 0.016666666666666666
surrogate, 53, 26.0, 0.016666666666666666
surrogate, 53, 26.0, 0.016666666666666666
surrogate, 53, 26.0, 0.016666666666666666
surrogate, 53, 26.0, 0.016666666666666666
surrogate, 53, 26.0, 0.016666666666666666
surrogate, 53, 26.0, 0.016666666666666666
surrogate, 53, 26.0, 0.016666666666666666
surrogate, 53, 26.0, 0.016666666666666666
surrogate, 53, 26.0, 0.016666666666666666
surrogate, 53, 26.0, 0.016666666666666666
surrogate, 53, 26.0, 0.016666666666666666
surrogate, 53, 26.0, 0.016666666666666666
surrogate, 53, 26.0, 0.016666666666666666
surrogate, 53, 26.0, 0.016666666666666666
surrogate, 53, 26.0, 0.016666666666666666
surrogate, 53, 26.0, 0.016666666666666666
surrogate, 53, 26.0, 0.016666666666666666
surrogate, 53, 26.0, 0.016666666666666666
surrogate, 53, 26.0, 0.016666666666666666
surrogate, 53, 26.0, 0.016666666666666666
surrogate, 53, 26.0, 0.016666666666666666
surrogate, 53, 26.0, 0.016666666666666666
surrogate, 53, 26.0, 0.016666666666666666
surrogate, 53, 26.0, 0.016666666666666666
surrogate, 53, 26.0, 0.016666666666666666
surrogate, 53, 26.0, 0.016666666666666666
surrogate, 53, 26.0, 0.016666666666666666
surrogate, 53, 26.0, 0.016666666666666666
surrogate, 53, 26.0, 0.016666666666666666
surrogate, 53, 26.0, 0.016666666666666666
surrogate, 54, 104.0, 0.8333333333333334
surrogate, 54, 60.0, 0.7666666666666667
surrogate, 54, 60.0, 0.7666666666666667
surrogate, 54, 60.0, 0.7666666666666667
surrogate, 54, 60.0, 0.7666666666666667
surrogate, 54, 60.0, 0.7666666666666667
surrogate, 54, 60.0, 0.7666666666666667
surrogate, 54, 56.0, 0.75
surrogate, 54, 48.0, 0.7166666666666667
surrogate, 54, 43.0, 0.6833333333333333
surrogate, 54, 43.0, 0.6833333333333333
surrogate, 54, 41.0, 0.65
surrogate, 54, 41.0, 0.65
surrogate, 54, 41.0, 0.65
surrogate, 54, 41.0, 0.65
surrogate, 54, 41.0, 0.65
surrogate, 54, 41.0, 0.65
surrogate, 54, 41.0, 0.65
surrogate, 54, 41.0, 0.65
surrogate, 54, 41.0, 0.65
surrogate, 54, 41.0, 0.65
surrogate, 54, 41.0, 0.65
surrogate, 54, 41.0, 0.65
surrogate, 54, 41.0, 0.65
surrogate, 54, 41.0, 0.65
surrogate, 54, 41.0, 0.65
surrogate, 54, 41.0, 0.65
surrogate, 54, 41.0, 0.65
surrogate, 54, 41.0, 0.65
surrogate, 54, 41.0, 0.65
surrogate, 54, 41.0, 0.65
surrogate, 54, 41.0, 0.65
surrogate, 54, 41.0, 0.65
surrogate, 54, 41.0, 0.65
surrogate, 54, 41.0, 0.65
surrogate, 54, 36.0, 0.55
surrogate, 54, 36.0, 0.55
surrogate, 54, 36.0, 0.55
surrogate, 54, 36.0, 0.55
surrogate, 54, 36.0, 0.55
surrogate, 54, 36.0, 0.55
surrogate, 54, 36.0, 0.55
surrogate, 54, 36.0, 0.55
surrogate, 54, 36.0, 0.55
surrogate, 54, 36.0, 0.55
surrogate, 54, 36.0, 0.55
surrogate, 54, 36.0, 0.55
surrogate, 54, 36.0, 0.55
surrogate, 54, 36.0, 0.55
surrogate, 54, 36.0, 0.55
surrogate, 54, 36.0, 0.55
surrogate, 54, 36.0, 0.55
surrogate, 54, 36.0, 0.55
surrogate, 54, 33.0, 0.5
surrogate, 54, 33.0, 0.5
surrogate, 54, 33.0, 0.5
surrogate, 54, 33.0, 0.5
surrogate, 54, 33.0, 0.5
surrogate, 54, 33.0, 0.5
surrogate, 54, 33.0, 0.5
surrogate, 54, 33.0, 0.5
surrogate, 54, 33.0, 0.5
surrogate, 54, 33.0, 0.5
surrogate, 54, 33.0, 0.5
surrogate, 54, 33.0, 0.5
surrogate, 54, 32.0, 0.36666666666666664
surrogate, 54, 32.0, 0.36666666666666664
surrogate, 54, 32.0, 0.36666666666666664
surrogate, 54, 32.0, 0.36666666666666664
surrogate, 54, 32.0, 0.36666666666666664
surrogate, 54, 32.0, 0.36666666666666664
surrogate, 54, 32.0, 0.36666666666666664
surrogate, 54, 32.0, 0.36666666666666664
surrogate, 54, 32.0, 0.36666666666666664
surrogate, 54, 32.0, 0.36666666666666664
surrogate, 54, 32.0, 0.36666666666666664
surrogate, 54, 32.0, 0.36666666666666664
surrogate, 54, 32.0, 0.36666666666666664
surrogate, 54, 32.0, 0.36666666666666664
surrogate, 54, 32.0, 0.36666666666666664
surrogate, 54, 32.0, 0.36666666666666664
surrogate, 54, 32.0, 0.36666666666666664
surrogate, 54, 32.0, 0.36666666666666664
surrogate, 54, 32.0, 0.36666666666666664
surrogate, 54, 32.0, 0.36666666666666664
surrogate, 54, 32.0, 0.36666666666666664
surrogate, 54, 32.0, 0.36666666666666664
surrogate, 54, 32.0, 0.36666666666666664
surrogate, 54, 32.0, 0.36666666666666664
surrogate, 54, 32.0, 0.36666666666666664
surrogate, 54, 32.0, 0.36666666666666664
surrogate, 54, 32.0, 0.36666666666666664
surrogate, 54, 32.0, 0.36666666666666664
surrogate, 54, 32.0, 0.36666666666666664
surrogate, 54, 32.0, 0.36666666666666664
surrogate, 54, 32.0, 0.36666666666666664
surrogate, 54, 32.0, 0.36666666666666664
surrogate, 54, 32.0, 0.36666666666666664
surrogate, 54, 32.0, 0.36666666666666664
surrogate, 54, 32.0, 0.36666666666666664
surrogate, 54, 32.0, 0.36666666666666664
surrogate, 54, 32.0, 0.36666666666666664
surrogate, 54, 32.0, 0.36666666666666664
surrogate, 54, 32.0, 0.36666666666666664
surrogate, 54, 32.0, 0.36666666666666664
surrogate, 54, 32.0, 0.36666666666666664
surrogate, 54, 32.0, 0.36666666666666664
surrogate, 54, 32.0, 0.36666666666666664
surrogate, 54, 30.0, 0.26666666666666666
surrogate, 54, 30.0, 0.26666666666666666
surrogate, 54, 30.0, 0.26666666666666666
surrogate, 54, 30.0, 0.26666666666666666
surrogate, 54, 30.0, 0.26666666666666666
surrogate, 54, 30.0, 0.26666666666666666
surrogate, 54, 30.0, 0.26666666666666666
surrogate, 54, 30.0, 0.26666666666666666
surrogate, 54, 30.0, 0.26666666666666666
surrogate, 54, 30.0, 0.26666666666666666
surrogate, 54, 30.0, 0.26666666666666666
surrogate, 54, 30.0, 0.26666666666666666
surrogate, 54, 30.0, 0.26666666666666666
surrogate, 54, 30.0, 0.26666666666666666
surrogate, 54, 30.0, 0.26666666666666666
surrogate, 54, 30.0, 0.26666666666666666
surrogate, 54, 30.0, 0.26666666666666666
surrogate, 54, 30.0, 0.26666666666666666
surrogate, 54, 30.0, 0.26666666666666666
surrogate, 54, 30.0, 0.26666666666666666
surrogate, 54, 29.0, 0.06666666666666667
surrogate, 54, 29.0, 0.06666666666666667
surrogate, 54, 29.0, 0.06666666666666667
surrogate, 54, 29.0, 0.06666666666666667
surrogate, 54, 29.0, 0.06666666666666667
surrogate, 54, 29.0, 0.06666666666666667
surrogate, 54, 29.0, 0.06666666666666667
surrogate, 54, 29.0, 0.06666666666666667
surrogate, 54, 29.0, 0.06666666666666667
surrogate, 54, 29.0, 0.06666666666666667
surrogate, 54, 29.0, 0.06666666666666667
surrogate, 54, 29.0, 0.06666666666666667
surrogate, 54, 29.0, 0.06666666666666667
surrogate, 54, 29.0, 0.06666666666666667
surrogate, 54, 29.0, 0.06666666666666667
surrogate, 54, 29.0, 0.06666666666666667
surrogate, 54, 29.0, 0.06666666666666667
surrogate, 54, 29.0, 0.06666666666666667
surrogate, 54, 29.0, 0.06666666666666667
surrogate, 54, 29.0, 0.06666666666666667
surrogate, 54, 29.0, 0.06666666666666667
surrogate, 54, 29.0, 0.06666666666666667
surrogate, 54, 29.0, 0.06666666666666667
surrogate, 54, 29.0, 0.06666666666666667
surrogate, 54, 29.0, 0.06666666666666667
surrogate, 54, 29.0, 0.06666666666666667
surrogate, 54, 29.0, 0.06666666666666667
surrogate, 54, 29.0, 0.06666666666666667
surrogate, 54, 29.0, 0.06666666666666667
surrogate, 54, 29.0, 0.06666666666666667
surrogate, 54, 29.0, 0.06666666666666667
surrogate, 54, 29.0, 0.06666666666666667
surrogate, 54, 29.0, 0.06666666666666667
surrogate, 54, 29.0, 0.06666666666666667
surrogate, 54, 29.0, 0.06666666666666667
surrogate, 54, 29.0, 0.06666666666666667
surrogate, 54, 29.0, 0.06666666666666667
surrogate, 54, 29.0, 0.06666666666666667
surrogate, 54, 29.0, 0.06666666666666667
surrogate, 54, 29.0, 0.06666666666666667
surrogate, 54, 29.0, 0.06666666666666667
surrogate, 54, 28.0, 0.05
surrogate, 54, 28.0, 0.05
surrogate, 54, 28.0, 0.05
surrogate, 54, 28.0, 0.05
surrogate, 54, 28.0, 0.05
surrogate, 54, 28.0, 0.05
surrogate, 54, 28.0, 0.05
surrogate, 54, 28.0, 0.05
surrogate, 54, 28.0, 0.05
surrogate, 54, 28.0, 0.05
surrogate, 54, 28.0, 0.05
surrogate, 54, 28.0, 0.05
surrogate, 54, 28.0, 0.05
surrogate, 54, 28.0, 0.05
surrogate, 54, 28.0, 0.05
surrogate, 54, 28.0, 0.05
surrogate, 54, 28.0, 0.05
surrogate, 54, 28.0, 0.05
surrogate, 54, 27.0, 0.03333333333333333
surrogate, 54, 27.0, 0.03333333333333333
surrogate, 54, 27.0, 0.03333333333333333
surrogate, 54, 27.0, 0.03333333333333333
surrogate, 54, 27.0, 0.03333333333333333
surrogate, 54, 27.0, 0.03333333333333333
surrogate, 54, 27.0, 0.03333333333333333
surrogate, 54, 27.0, 0.03333333333333333
surrogate, 54, 27.0, 0.03333333333333333
surrogate, 54, 27.0, 0.03333333333333333
surrogate, 54, 27.0, 0.03333333333333333
surrogate, 54, 27.0, 0.03333333333333333
surrogate, 54, 27.0, 0.03333333333333333
surrogate, 54, 27.0, 0.03333333333333333
surrogate, 54, 26.0, 0.016666666666666666
surrogate, 54, 26.0, 0.016666666666666666
surrogate, 54, 26.0, 0.016666666666666666
surrogate, 54, 26.0, 0.016666666666666666
surrogate, 54, 26.0, 0.016666666666666666
surrogate, 54, 26.0, 0.016666666666666666
surrogate, 54, 26.0, 0.016666666666666666
surrogate, 54, 26.0, 0.016666666666666666
surrogate, 54, 26.0, 0.016666666666666666
surrogate, 54, 26.0, 0.016666666666666666
surrogate, 54, 26.0, 0.016666666666666666
surrogate, 54, 26.0, 0.016666666666666666
surrogate, 54, 26.0, 0.016666666666666666
surrogate, 54, 26.0, 0.016666666666666666
surrogate, 54, 26.0, 0.016666666666666666
surrogate, 54, 26.0, 0.016666666666666666
surrogate, 54, 26.0, 0.016666666666666666
surrogate, 54, 26.0, 0.016666666666666666
surrogate, 54, 26.0, 0.016666666666666666
surrogate, 54, 26.0, 0.016666666666666666
surrogate, 54, 26.0, 0.016666666666666666
surrogate, 54, 26.0, 0.016666666666666666
surrogate, 54, 26.0, 0.016666666666666666
surrogate, 54, 26.0, 0.016666666666666666
surrogate, 54, 26.0, 0.016666666666666666
surrogate, 54, 26.0, 0.016666666666666666
surrogate, 54, 26.0, 0.016666666666666666
surrogate, 54, 26.0, 0.016666666666666666
surrogate, 54, 26.0, 0.016666666666666666
surrogate, 54, 26.0, 0.016666666666666666
surrogate, 54, 26.0, 0.016666666666666666
surrogate, 54, 26.0, 0.016666666666666666
surrogate, 54, 26.0, 0.016666666666666666
surrogate, 54, 26.0, 0.016666666666666666
surrogate, 54, 26.0, 0.016666666666666666
surrogate, 54, 26.0, 0.016666666666666666
surrogate, 54, 26.0, 0.016666666666666666
surrogate, 54, 26.0, 0.016666666666666666
surrogate, 54, 26.0, 0.016666666666666666
surrogate, 54, 26.0, 0.016666666666666666
surrogate, 54, 26.0, 0.016666666666666666
surrogate, 54, 26.0, 0.016666666666666666
surrogate, 54, 26.0, 0.016666666666666666
surrogate, 54, 26.0, 0.016666666666666666
surrogate, 54, 26.0, 0.016666666666666666
surrogate, 54, 26.0, 0.016666666666666666
surrogate, 54, 26.0, 0.016666666666666666
surrogate, 54, 26.0, 0.016666666666666666
surrogate, 54, 26.0, 0.016666666666666666
surrogate, 54, 26.0, 0.016666666666666666
surrogate, 54, 26.0, 0.016666666666666666
surrogate, 54, 26.0, 0.016666666666666666
surrogate, 54, 26.0, 0.016666666666666666
surrogate, 54, 26.0, 0.016666666666666666
surrogate, 54, 26.0, 0.016666666666666666
surrogate, 54, 26.0, 0.016666666666666666
surrogate, 54, 26.0, 0.016666666666666666
surrogate, 54, 26.0, 0.016666666666666666
surrogate, 55, 104.0, 0.8333333333333334
surrogate, 55, 77.0, 0.8
surrogate, 55, 60.0, 0.7666666666666667
surrogate, 55, 60.0, 0.7666666666666667
surrogate, 55, 60.0, 0.7666666666666667
surrogate, 55, 60.0, 0.7666666666666667
surrogate, 55, 60.0, 0.7666666666666667
surrogate, 55, 60.0, 0.7666666666666667
surrogate, 55, 56.0, 0.75
surrogate, 55, 48.0, 0.7166666666666667
surrogate, 55, 43.0, 0.6833333333333333
surrogate, 55, 43.0, 0.6833333333333333
surrogate, 55, 43.0, 0.6833333333333333
surrogate, 55, 41.0, 0.65
surrogate, 55, 41.0, 0.65
surrogate, 55, 41.0, 0.65
surrogate, 55, 41.0, 0.65
surrogate, 55, 41.0, 0.65
surrogate, 55, 41.0, 0.65
surrogate, 55, 41.0, 0.65
surrogate, 55, 41.0, 0.65
surrogate, 55, 41.0, 0.65
surrogate, 55, 41.0, 0.65
surrogate, 55, 41.0, 0.65
surrogate, 55, 41.0, 0.65
surrogate, 55, 41.0, 0.65
surrogate, 55, 41.0, 0.65
surrogate, 55, 41.0, 0.65
surrogate, 55, 41.0, 0.65
surrogate, 55, 41.0, 0.65
surrogate, 55, 41.0, 0.65
surrogate, 55, 41.0, 0.65
surrogate, 55, 41.0, 0.65
surrogate, 55, 41.0, 0.65
surrogate, 55, 41.0, 0.65
surrogate, 55, 41.0, 0.65
surrogate, 55, 41.0, 0.65
surrogate, 55, 36.0, 0.55
surrogate, 55, 36.0, 0.55
surrogate, 55, 36.0, 0.55
surrogate, 55, 36.0, 0.55
surrogate, 55, 36.0, 0.55
surrogate, 55, 36.0, 0.55
surrogate, 55, 36.0, 0.55
surrogate, 55, 36.0, 0.55
surrogate, 55, 36.0, 0.55
surrogate, 55, 36.0, 0.55
surrogate, 55, 36.0, 0.55
surrogate, 55, 36.0, 0.55
surrogate, 55, 36.0, 0.55
surrogate, 55, 36.0, 0.55
surrogate, 55, 36.0, 0.55
surrogate, 55, 36.0, 0.55
surrogate, 55, 36.0, 0.55
surrogate, 55, 36.0, 0.55
surrogate, 55, 33.0, 0.5
surrogate, 55, 33.0, 0.5
surrogate, 55, 33.0, 0.5
surrogate, 55, 33.0, 0.5
surrogate, 55, 33.0, 0.5
surrogate, 55, 33.0, 0.5
surrogate, 55, 33.0, 0.5
surrogate, 55, 33.0, 0.5
surrogate, 55, 33.0, 0.5
surrogate, 55, 33.0, 0.5
surrogate, 55, 33.0, 0.5
surrogate, 55, 33.0, 0.5
surrogate, 55, 33.0, 0.5
surrogate, 55, 32.0, 0.36666666666666664
surrogate, 55, 32.0, 0.36666666666666664
surrogate, 55, 32.0, 0.36666666666666664
surrogate, 55, 32.0, 0.36666666666666664
surrogate, 55, 32.0, 0.36666666666666664
surrogate, 55, 32.0, 0.36666666666666664
surrogate, 55, 32.0, 0.36666666666666664
surrogate, 55, 32.0, 0.36666666666666664
surrogate, 55, 32.0, 0.36666666666666664
surrogate, 55, 32.0, 0.36666666666666664
surrogate, 55, 32.0, 0.36666666666666664
surrogate, 55, 32.0, 0.36666666666666664
surrogate, 55, 32.0, 0.36666666666666664
surrogate, 55, 32.0, 0.36666666666666664
surrogate, 55, 32.0, 0.36666666666666664
surrogate, 55, 32.0, 0.36666666666666664
surrogate, 55, 32.0, 0.36666666666666664
surrogate, 55, 32.0, 0.36666666666666664
surrogate, 55, 32.0, 0.36666666666666664
surrogate, 55, 32.0, 0.36666666666666664
surrogate, 55, 32.0, 0.36666666666666664
surrogate, 55, 32.0, 0.36666666666666664
surrogate, 55, 32.0, 0.36666666666666664
surrogate, 55, 32.0, 0.36666666666666664
surrogate, 55, 32.0, 0.36666666666666664
surrogate, 55, 32.0, 0.36666666666666664
surrogate, 55, 32.0, 0.36666666666666664
surrogate, 55, 32.0, 0.36666666666666664
surrogate, 55, 32.0, 0.36666666666666664
surrogate, 55, 32.0, 0.36666666666666664
surrogate, 55, 32.0, 0.36666666666666664
surrogate, 55, 32.0, 0.36666666666666664
surrogate, 55, 32.0, 0.36666666666666664
surrogate, 55, 32.0, 0.36666666666666664
surrogate, 55, 32.0, 0.36666666666666664
surrogate, 55, 32.0, 0.36666666666666664
surrogate, 55, 32.0, 0.36666666666666664
surrogate, 55, 32.0, 0.36666666666666664
surrogate, 55, 32.0, 0.36666666666666664
surrogate, 55, 32.0, 0.36666666666666664
surrogate, 55, 32.0, 0.36666666666666664
surrogate, 55, 32.0, 0.36666666666666664
surrogate, 55, 32.0, 0.36666666666666664
surrogate, 55, 32.0, 0.36666666666666664
surrogate, 55, 30.0, 0.26666666666666666
surrogate, 55, 30.0, 0.26666666666666666
surrogate, 55, 30.0, 0.26666666666666666
surrogate, 55, 30.0, 0.26666666666666666
surrogate, 55, 30.0, 0.26666666666666666
surrogate, 55, 30.0, 0.26666666666666666
surrogate, 55, 30.0, 0.26666666666666666
surrogate, 55, 30.0, 0.26666666666666666
surrogate, 55, 30.0, 0.26666666666666666
surrogate, 55, 30.0, 0.26666666666666666
surrogate, 55, 30.0, 0.26666666666666666
surrogate, 55, 30.0, 0.26666666666666666
surrogate, 55, 30.0, 0.26666666666666666
surrogate, 55, 30.0, 0.26666666666666666
surrogate, 55, 30.0, 0.26666666666666666
surrogate, 55, 30.0, 0.26666666666666666
surrogate, 55, 30.0, 0.26666666666666666
surrogate, 55, 30.0, 0.26666666666666666
surrogate, 55, 30.0, 0.26666666666666666
surrogate, 55, 30.0, 0.26666666666666666
surrogate, 55, 30.0, 0.26666666666666666
surrogate, 55, 29.0, 0.06666666666666667
surrogate, 55, 29.0, 0.06666666666666667
surrogate, 55, 29.0, 0.06666666666666667
surrogate, 55, 29.0, 0.06666666666666667
surrogate, 55, 29.0, 0.06666666666666667
surrogate, 55, 29.0, 0.06666666666666667
surrogate, 55, 29.0, 0.06666666666666667
surrogate, 55, 29.0, 0.06666666666666667
surrogate, 55, 29.0, 0.06666666666666667
surrogate, 55, 29.0, 0.06666666666666667
surrogate, 55, 29.0, 0.06666666666666667
surrogate, 55, 29.0, 0.06666666666666667
surrogate, 55, 29.0, 0.06666666666666667
surrogate, 55, 29.0, 0.06666666666666667
surrogate, 55, 29.0, 0.06666666666666667
surrogate, 55, 29.0, 0.06666666666666667
surrogate, 55, 29.0, 0.06666666666666667
surrogate, 55, 29.0, 0.06666666666666667
surrogate, 55, 29.0, 0.06666666666666667
surrogate, 55, 29.0, 0.06666666666666667
surrogate, 55, 29.0, 0.06666666666666667
surrogate, 55, 29.0, 0.06666666666666667
surrogate, 55, 29.0, 0.06666666666666667
surrogate, 55, 29.0, 0.06666666666666667
surrogate, 55, 29.0, 0.06666666666666667
surrogate, 55, 29.0, 0.06666666666666667
surrogate, 55, 29.0, 0.06666666666666667
surrogate, 55, 29.0, 0.06666666666666667
surrogate, 55, 29.0, 0.06666666666666667
surrogate, 55, 29.0, 0.06666666666666667
surrogate, 55, 29.0, 0.06666666666666667
surrogate, 55, 29.0, 0.06666666666666667
surrogate, 55, 29.0, 0.06666666666666667
surrogate, 55, 29.0, 0.06666666666666667
surrogate, 55, 29.0, 0.06666666666666667
surrogate, 55, 29.0, 0.06666666666666667
surrogate, 55, 29.0, 0.06666666666666667
surrogate, 55, 29.0, 0.06666666666666667
surrogate, 55, 29.0, 0.06666666666666667
surrogate, 55, 29.0, 0.06666666666666667
surrogate, 55, 29.0, 0.06666666666666667
surrogate, 55, 29.0, 0.06666666666666667
surrogate, 55, 28.0, 0.05
surrogate, 55, 28.0, 0.05
surrogate, 55, 28.0, 0.05
surrogate, 55, 28.0, 0.05
surrogate, 55, 28.0, 0.05
surrogate, 55, 28.0, 0.05
surrogate, 55, 28.0, 0.05
surrogate, 55, 28.0, 0.05
surrogate, 55, 28.0, 0.05
surrogate, 55, 28.0, 0.05
surrogate, 55, 28.0, 0.05
surrogate, 55, 28.0, 0.05
surrogate, 55, 28.0, 0.05
surrogate, 55, 28.0, 0.05
surrogate, 55, 28.0, 0.05
surrogate, 55, 28.0, 0.05
surrogate, 55, 28.0, 0.05
surrogate, 55, 28.0, 0.05
surrogate, 55, 27.0, 0.03333333333333333
surrogate, 55, 27.0, 0.03333333333333333
surrogate, 55, 27.0, 0.03333333333333333
surrogate, 55, 27.0, 0.03333333333333333
surrogate, 55, 27.0, 0.03333333333333333
surrogate, 55, 27.0, 0.03333333333333333
surrogate, 55, 27.0, 0.03333333333333333
surrogate, 55, 27.0, 0.03333333333333333
surrogate, 55, 27.0, 0.03333333333333333
surrogate, 55, 27.0, 0.03333333333333333
surrogate, 55, 27.0, 0.03333333333333333
surrogate, 55, 27.0, 0.03333333333333333
surrogate, 55, 27.0, 0.03333333333333333
surrogate, 55, 27.0, 0.03333333333333333
surrogate, 55, 26.0, 0.016666666666666666
surrogate, 55, 26.0, 0.016666666666666666
surrogate, 55, 26.0, 0.016666666666666666
surrogate, 55, 26.0, 0.016666666666666666
surrogate, 55, 26.0, 0.016666666666666666
surrogate, 55, 26.0, 0.016666666666666666
surrogate, 55, 26.0, 0.016666666666666666
surrogate, 55, 26.0, 0.016666666666666666
surrogate, 55, 26.0, 0.016666666666666666
surrogate, 55, 26.0, 0.016666666666666666
surrogate, 55, 26.0, 0.016666666666666666
surrogate, 55, 26.0, 0.016666666666666666
surrogate, 55, 26.0, 0.016666666666666666
surrogate, 55, 26.0, 0.016666666666666666
surrogate, 55, 26.0, 0.016666666666666666
surrogate, 55, 26.0, 0.016666666666666666
surrogate, 55, 26.0, 0.016666666666666666
surrogate, 55, 26.0, 0.016666666666666666
surrogate, 55, 26.0, 0.016666666666666666
surrogate, 55, 26.0, 0.016666666666666666
surrogate, 55, 26.0, 0.016666666666666666
surrogate, 55, 26.0, 0.016666666666666666
surrogate, 55, 26.0, 0.016666666666666666
surrogate, 55, 26.0, 0.016666666666666666
surrogate, 55, 26.0, 0.016666666666666666
surrogate, 55, 26.0, 0.016666666666666666
surrogate, 55, 26.0, 0.016666666666666666
surrogate, 55, 26.0, 0.016666666666666666
surrogate, 55, 26.0, 0.016666666666666666
surrogate, 55, 26.0, 0.016666666666666666
surrogate, 55, 26.0, 0.016666666666666666
surrogate, 55, 26.0, 0.016666666666666666
surrogate, 55, 26.0, 0.016666666666666666
surrogate, 55, 26.0, 0.016666666666666666
surrogate, 55, 26.0, 0.016666666666666666
surrogate, 55, 26.0, 0.016666666666666666
surrogate, 55, 26.0, 0.016666666666666666
surrogate, 55, 26.0, 0.016666666666666666
surrogate, 55, 26.0, 0.016666666666666666
surrogate, 55, 26.0, 0.016666666666666666
surrogate, 55, 26.0, 0.016666666666666666
surrogate, 55, 26.0, 0.016666666666666666
surrogate, 55, 26.0, 0.016666666666666666
surrogate, 55, 26.0, 0.016666666666666666
surrogate, 55, 26.0, 0.016666666666666666
surrogate, 55, 26.0, 0.016666666666666666
surrogate, 55, 26.0, 0.016666666666666666
surrogate, 55, 26.0, 0.016666666666666666
surrogate, 55, 26.0, 0.016666666666666666
surrogate, 55, 26.0, 0.016666666666666666
surrogate, 55, 26.0, 0.016666666666666666
surrogate, 55, 26.0, 0.016666666666666666
surrogate, 55, 26.0, 0.016666666666666666
surrogate, 55, 26.0, 0.016666666666666666
surrogate, 55, 26.0, 0.016666666666666666
surrogate, 55, 26.0, 0.016666666666666666
surrogate, 55, 26.0, 0.016666666666666666
surrogate, 55, 26.0, 0.016666666666666666
surrogate, 55, 26.0, 0.016666666666666666
surrogate, 56, 104.0, 0.8333333333333334
surrogate, 56, 77.0, 0.8
surrogate, 56, 60.0, 0.7666666666666667
surrogate, 56, 60.0, 0.7666666666666667
surrogate, 56, 60.0, 0.7666666666666667
surrogate, 56, 60.0, 0.7666666666666667
surrogate, 56, 60.0, 0.7666666666666667
surrogate, 56, 60.0, 0.7666666666666667
surrogate, 56, 56.0, 0.75
surrogate, 56, 48.0, 0.7166666666666667
surrogate, 56, 48.0, 0.7166666666666667
surrogate, 56, 43.0, 0.6833333333333333
surrogate, 56, 43.0, 0.6833333333333333
surrogate, 56, 43.0, 0.6833333333333333
surrogate, 56, 43.0, 0.6833333333333333
surrogate, 56, 41.0, 0.65
surrogate, 56, 41.0, 0.65
surrogate, 56, 41.0, 0.65
surrogate, 56, 41.0, 0.65
surrogate, 56, 41.0, 0.65
surrogate, 56, 41.0, 0.65
surrogate, 56, 41.0, 0.65
surrogate, 56, 41.0, 0.65
surrogate, 56, 41.0, 0.65
surrogate, 56, 41.0, 0.65
surrogate, 56, 41.0, 0.65
surrogate, 56, 41.0, 0.65
surrogate, 56, 41.0, 0.65
surrogate, 56, 41.0, 0.65
surrogate, 56, 41.0, 0.65
surrogate, 56, 41.0, 0.65
surrogate, 56, 41.0, 0.65
surrogate, 56, 41.0, 0.65
surrogate, 56, 41.0, 0.65
surrogate, 56, 41.0, 0.65
surrogate, 56, 41.0, 0.65
surrogate, 56, 41.0, 0.65
surrogate, 56, 41.0, 0.65
surrogate, 56, 41.0, 0.65
surrogate, 56, 36.0, 0.55
surrogate, 56, 36.0, 0.55
surrogate, 56, 36.0, 0.55
surrogate, 56, 36.0, 0.55
surrogate, 56, 36.0, 0.55
surrogate, 56, 36.0, 0.55
surrogate, 56, 36.0, 0.55
surrogate, 56, 36.0, 0.55
surrogate, 56, 36.0, 0.55
surrogate, 56, 36.0, 0.55
surrogate, 56, 36.0, 0.55
surrogate, 56, 36.0, 0.55
surrogate, 56, 36.0, 0.55
surrogate, 56, 36.0, 0.55
surrogate, 56, 36.0, 0.55
surrogate, 56, 36.0, 0.55
surrogate, 56, 36.0, 0.55
surrogate, 56, 36.0, 0.55
surrogate, 56, 33.0, 0.5
surrogate, 56, 33.0, 0.5
surrogate, 56, 33.0, 0.5
surrogate, 56, 33.0, 0.5
surrogate, 56, 33.0, 0.5
surrogate, 56, 33.0, 0.5
surrogate, 56, 33.0, 0.5
surrogate, 56, 33.0, 0.5
surrogate, 56, 33.0, 0.5
surrogate, 56, 33.0, 0.5
surrogate, 56, 33.0, 0.5
surrogate, 56, 33.0, 0.5
surrogate, 56, 33.0, 0.5
surrogate, 56, 33.0, 0.5
surrogate, 56, 32.0, 0.36666666666666664
surrogate, 56, 32.0, 0.36666666666666664
surrogate, 56, 32.0, 0.36666666666666664
surrogate, 56, 32.0, 0.36666666666666664
surrogate, 56, 32.0, 0.36666666666666664
surrogate, 56, 32.0, 0.36666666666666664
surrogate, 56, 32.0, 0.36666666666666664
surrogate, 56, 32.0, 0.36666666666666664
surrogate, 56, 32.0, 0.36666666666666664
surrogate, 56, 32.0, 0.36666666666666664
surrogate, 56, 32.0, 0.36666666666666664
surrogate, 56, 32.0, 0.36666666666666664
surrogate, 56, 32.0, 0.36666666666666664
surrogate, 56, 32.0, 0.36666666666666664
surrogate, 56, 32.0, 0.36666666666666664
surrogate, 56, 32.0, 0.36666666666666664
surrogate, 56, 32.0, 0.36666666666666664
surrogate, 56, 32.0, 0.36666666666666664
surrogate, 56, 32.0, 0.36666666666666664
surrogate, 56, 32.0, 0.36666666666666664
surrogate, 56, 32.0, 0.36666666666666664
surrogate, 56, 32.0, 0.36666666666666664
surrogate, 56, 32.0, 0.36666666666666664
surrogate, 56, 32.0, 0.36666666666666664
surrogate, 56, 32.0, 0.36666666666666664
surrogate, 56, 32.0, 0.36666666666666664
surrogate, 56, 32.0, 0.36666666666666664
surrogate, 56, 32.0, 0.36666666666666664
surrogate, 56, 32.0, 0.36666666666666664
surrogate, 56, 32.0, 0.36666666666666664
surrogate, 56, 32.0, 0.36666666666666664
surrogate, 56, 32.0, 0.36666666666666664
surrogate, 56, 32.0, 0.36666666666666664
surrogate, 56, 32.0, 0.36666666666666664
surrogate, 56, 32.0, 0.36666666666666664
surrogate, 56, 32.0, 0.36666666666666664
surrogate, 56, 32.0, 0.36666666666666664
surrogate, 56, 32.0, 0.36666666666666664
surrogate, 56, 32.0, 0.36666666666666664
surrogate, 56, 32.0, 0.36666666666666664
surrogate, 56, 32.0, 0.36666666666666664
surrogate, 56, 32.0, 0.36666666666666664
surrogate, 56, 32.0, 0.36666666666666664
surrogate, 56, 32.0, 0.36666666666666664
surrogate, 56, 32.0, 0.36666666666666664
surrogate, 56, 30.0, 0.26666666666666666
surrogate, 56, 30.0, 0.26666666666666666
surrogate, 56, 30.0, 0.26666666666666666
surrogate, 56, 30.0, 0.26666666666666666
surrogate, 56, 30.0, 0.26666666666666666
surrogate, 56, 30.0, 0.26666666666666666
surrogate, 56, 30.0, 0.26666666666666666
surrogate, 56, 30.0, 0.26666666666666666
surrogate, 56, 30.0, 0.26666666666666666
surrogate, 56, 30.0, 0.26666666666666666
surrogate, 56, 30.0, 0.26666666666666666
surrogate, 56, 30.0, 0.26666666666666666
surrogate, 56, 30.0, 0.26666666666666666
surrogate, 56, 30.0, 0.26666666666666666
surrogate, 56, 30.0, 0.26666666666666666
surrogate, 56, 30.0, 0.26666666666666666
surrogate, 56, 30.0, 0.26666666666666666
surrogate, 56, 30.0, 0.26666666666666666
surrogate, 56, 30.0, 0.26666666666666666
surrogate, 56, 30.0, 0.26666666666666666
surrogate, 56, 30.0, 0.26666666666666666
surrogate, 56, 30.0, 0.26666666666666666
surrogate, 56, 29.0, 0.06666666666666667
surrogate, 56, 29.0, 0.06666666666666667
surrogate, 56, 29.0, 0.06666666666666667
surrogate, 56, 29.0, 0.06666666666666667
surrogate, 56, 29.0, 0.06666666666666667
surrogate, 56, 29.0, 0.06666666666666667
surrogate, 56, 29.0, 0.06666666666666667
surrogate, 56, 29.0, 0.06666666666666667
surrogate, 56, 29.0, 0.06666666666666667
surrogate, 56, 29.0, 0.06666666666666667
surrogate, 56, 29.0, 0.06666666666666667
surrogate, 56, 29.0, 0.06666666666666667
surrogate, 56, 29.0, 0.06666666666666667
surrogate, 56, 29.0, 0.06666666666666667
surrogate, 56, 29.0, 0.06666666666666667
surrogate, 56, 29.0, 0.06666666666666667
surrogate, 56, 29.0, 0.06666666666666667
surrogate, 56, 29.0, 0.06666666666666667
surrogate, 56, 29.0, 0.06666666666666667
surrogate, 56, 29.0, 0.06666666666666667
surrogate, 56, 29.0, 0.06666666666666667
surrogate, 56, 29.0, 0.06666666666666667
surrogate, 56, 29.0, 0.06666666666666667
surrogate, 56, 29.0, 0.06666666666666667
surrogate, 56, 29.0, 0.06666666666666667
surrogate, 56, 29.0, 0.06666666666666667
surrogate, 56, 29.0, 0.06666666666666667
surrogate, 56, 29.0, 0.06666666666666667
surrogate, 56, 29.0, 0.06666666666666667
surrogate, 56, 29.0, 0.06666666666666667
surrogate, 56, 29.0, 0.06666666666666667
surrogate, 56, 29.0, 0.06666666666666667
surrogate, 56, 29.0, 0.06666666666666667
surrogate, 56, 29.0, 0.06666666666666667
surrogate, 56, 29.0, 0.06666666666666667
surrogate, 56, 29.0, 0.06666666666666667
surrogate, 56, 29.0, 0.06666666666666667
surrogate, 56, 29.0, 0.06666666666666667
surrogate, 56, 29.0, 0.06666666666666667
surrogate, 56, 29.0, 0.06666666666666667
surrogate, 56, 29.0, 0.06666666666666667
surrogate, 56, 29.0, 0.06666666666666667
surrogate, 56, 29.0, 0.06666666666666667
surrogate, 56, 28.0, 0.05
surrogate, 56, 28.0, 0.05
surrogate, 56, 28.0, 0.05
surrogate, 56, 28.0, 0.05
surrogate, 56, 28.0, 0.05
surrogate, 56, 28.0, 0.05
surrogate, 56, 28.0, 0.05
surrogate, 56, 28.0, 0.05
surrogate, 56, 28.0, 0.05
surrogate, 56, 28.0, 0.05
surrogate, 56, 28.0, 0.05
surrogate, 56, 28.0, 0.05
surrogate, 56, 28.0, 0.05
surrogate, 56, 28.0, 0.05
surrogate, 56, 28.0, 0.05
surrogate, 56, 28.0, 0.05
surrogate, 56, 28.0, 0.05
surrogate, 56, 28.0, 0.05
surrogate, 56, 27.0, 0.03333333333333333
surrogate, 56, 27.0, 0.03333333333333333
surrogate, 56, 27.0, 0.03333333333333333
surrogate, 56, 27.0, 0.03333333333333333
surrogate, 56, 27.0, 0.03333333333333333
surrogate, 56, 27.0, 0.03333333333333333
surrogate, 56, 27.0, 0.03333333333333333
surrogate, 56, 27.0, 0.03333333333333333
surrogate, 56, 27.0, 0.03333333333333333
surrogate, 56, 27.0, 0.03333333333333333
surrogate, 56, 27.0, 0.03333333333333333
surrogate, 56, 27.0, 0.03333333333333333
surrogate, 56, 27.0, 0.03333333333333333
surrogate, 56, 27.0, 0.03333333333333333
surrogate, 56, 26.0, 0.016666666666666666
surrogate, 56, 26.0, 0.016666666666666666
surrogate, 56, 26.0, 0.016666666666666666
surrogate, 56, 26.0, 0.016666666666666666
surrogate, 56, 26.0, 0.016666666666666666
surrogate, 56, 26.0, 0.016666666666666666
surrogate, 56, 26.0, 0.016666666666666666
surrogate, 56, 26.0, 0.016666666666666666
surrogate, 56, 26.0, 0.016666666666666666
surrogate, 56, 26.0, 0.016666666666666666
surrogate, 56, 26.0, 0.016666666666666666
surrogate, 56, 26.0, 0.016666666666666666
surrogate, 56, 26.0, 0.016666666666666666
surrogate, 56, 26.0, 0.016666666666666666
surrogate, 56, 26.0, 0.016666666666666666
surrogate, 56, 26.0, 0.016666666666666666
surrogate, 56, 26.0, 0.016666666666666666
surrogate, 56, 26.0, 0.016666666666666666
surrogate, 56, 26.0, 0.016666666666666666
surrogate, 56, 26.0, 0.016666666666666666
surrogate, 56, 26.0, 0.016666666666666666
surrogate, 56, 26.0, 0.016666666666666666
surrogate, 56, 26.0, 0.016666666666666666
surrogate, 56, 26.0, 0.016666666666666666
surrogate, 56, 26.0, 0.016666666666666666
surrogate, 56, 26.0, 0.016666666666666666
surrogate, 56, 26.0, 0.016666666666666666
surrogate, 56, 26.0, 0.016666666666666666
surrogate, 56, 26.0, 0.016666666666666666
surrogate, 56, 26.0, 0.016666666666666666
surrogate, 56, 26.0, 0.016666666666666666
surrogate, 56, 26.0, 0.016666666666666666
surrogate, 56, 26.0, 0.016666666666666666
surrogate, 56, 26.0, 0.016666666666666666
surrogate, 56, 26.0, 0.016666666666666666
surrogate, 56, 26.0, 0.016666666666666666
surrogate, 56, 26.0, 0.016666666666666666
surrogate, 56, 26.0, 0.016666666666666666
surrogate, 56, 26.0, 0.016666666666666666
surrogate, 56, 26.0, 0.016666666666666666
surrogate, 56, 26.0, 0.016666666666666666
surrogate, 56, 26.0, 0.016666666666666666
surrogate, 56, 26.0, 0.016666666666666666
surrogate, 56, 26.0, 0.016666666666666666
surrogate, 56, 26.0, 0.016666666666666666
surrogate, 56, 26.0, 0.016666666666666666
surrogate, 56, 26.0, 0.016666666666666666
surrogate, 56, 26.0, 0.016666666666666666
surrogate, 56, 26.0, 0.016666666666666666
surrogate, 56, 26.0, 0.016666666666666666
surrogate, 56, 26.0, 0.016666666666666666
surrogate, 56, 26.0, 0.016666666666666666
surrogate, 56, 26.0, 0.016666666666666666
surrogate, 56, 26.0, 0.016666666666666666
surrogate, 56, 26.0, 0.016666666666666666
surrogate, 56, 26.0, 0.016666666666666666
surrogate, 56, 26.0, 0.016666666666666666
surrogate, 56, 26.0, 0.016666666666666666
surrogate, 56, 26.0, 0.016666666666666666
surrogate, 56, 26.0, 0.016666666666666666
surrogate, 57, 104.0, 0.8333333333333334
surrogate, 57, 104.0, 0.8333333333333334
surrogate, 57, 77.0, 0.8
surrogate, 57, 60.0, 0.7666666666666667
surrogate, 57, 60.0, 0.7666666666666667
surrogate, 57, 60.0, 0.7666666666666667
surrogate, 57, 60.0, 0.7666666666666667
surrogate, 57, 60.0, 0.7666666666666667
surrogate, 57, 60.0, 0.7666666666666667
surrogate, 57, 60.0, 0.7666666666666667
surrogate, 57, 56.0, 0.75
surrogate, 57, 48.0, 0.7166666666666667
surrogate, 57, 48.0, 0.7166666666666667
surrogate, 57, 43.0, 0.6833333333333333
surrogate, 57, 43.0, 0.6833333333333333
surrogate, 57, 43.0, 0.6833333333333333
surrogate, 57, 43.0, 0.6833333333333333
surrogate, 57, 41.0, 0.65
surrogate, 57, 41.0, 0.65
surrogate, 57, 41.0, 0.65
surrogate, 57, 41.0, 0.65
surrogate, 57, 41.0, 0.65
surrogate, 57, 41.0, 0.65
surrogate, 57, 41.0, 0.65
surrogate, 57, 41.0, 0.65
surrogate, 57, 41.0, 0.65
surrogate, 57, 41.0, 0.65
surrogate, 57, 41.0, 0.65
surrogate, 57, 41.0, 0.65
surrogate, 57, 41.0, 0.65
surrogate, 57, 41.0, 0.65
surrogate, 57, 41.0, 0.65
surrogate, 57, 41.0, 0.65
surrogate, 57, 41.0, 0.65
surrogate, 57, 41.0, 0.65
surrogate, 57, 41.0, 0.65
surrogate, 57, 41.0, 0.65
surrogate, 57, 41.0, 0.65
surrogate, 57, 41.0, 0.65
surrogate, 57, 41.0, 0.65
surrogate, 57, 41.0, 0.65
surrogate, 57, 36.0, 0.55
surrogate, 57, 36.0, 0.55
surrogate, 57, 36.0, 0.55
surrogate, 57, 36.0, 0.55
surrogate, 57, 36.0, 0.55
surrogate, 57, 36.0, 0.55
surrogate, 57, 36.0, 0.55
surrogate, 57, 36.0, 0.55
surrogate, 57, 36.0, 0.55
surrogate, 57, 36.0, 0.55
surrogate, 57, 36.0, 0.55
surrogate, 57, 36.0, 0.55
surrogate, 57, 36.0, 0.55
surrogate, 57, 36.0, 0.55
surrogate, 57, 36.0, 0.55
surrogate, 57, 36.0, 0.55
surrogate, 57, 36.0, 0.55
surrogate, 57, 36.0, 0.55
surrogate, 57, 36.0, 0.55
surrogate, 57, 33.0, 0.5
surrogate, 57, 33.0, 0.5
surrogate, 57, 33.0, 0.5
surrogate, 57, 33.0, 0.5
surrogate, 57, 33.0, 0.5
surrogate, 57, 33.0, 0.5
surrogate, 57, 33.0, 0.5
surrogate, 57, 33.0, 0.5
surrogate, 57, 33.0, 0.5
surrogate, 57, 33.0, 0.5
surrogate, 57, 33.0, 0.5
surrogate, 57, 33.0, 0.5
surrogate, 57, 33.0, 0.5
surrogate, 57, 33.0, 0.5
surrogate, 57, 33.0, 0.5
surrogate, 57, 32.0, 0.36666666666666664
surrogate, 57, 32.0, 0.36666666666666664
surrogate, 57, 32.0, 0.36666666666666664
surrogate, 57, 32.0, 0.36666666666666664
surrogate, 57, 32.0, 0.36666666666666664
surrogate, 57, 32.0, 0.36666666666666664
surrogate, 57, 32.0, 0.36666666666666664
surrogate, 57, 32.0, 0.36666666666666664
surrogate, 57, 32.0, 0.36666666666666664
surrogate, 57, 32.0, 0.36666666666666664
surrogate, 57, 32.0, 0.36666666666666664
surrogate, 57, 32.0, 0.36666666666666664
surrogate, 57, 32.0, 0.36666666666666664
surrogate, 57, 32.0, 0.36666666666666664
surrogate, 57, 32.0, 0.36666666666666664
surrogate, 57, 32.0, 0.36666666666666664
surrogate, 57, 32.0, 0.36666666666666664
surrogate, 57, 32.0, 0.36666666666666664
surrogate, 57, 32.0, 0.36666666666666664
surrogate, 57, 32.0, 0.36666666666666664
surrogate, 57, 32.0, 0.36666666666666664
surrogate, 57, 32.0, 0.36666666666666664
surrogate, 57, 32.0, 0.36666666666666664
surrogate, 57, 32.0, 0.36666666666666664
surrogate, 57, 32.0, 0.36666666666666664
surrogate, 57, 32.0, 0.36666666666666664
surrogate, 57, 32.0, 0.36666666666666664
surrogate, 57, 32.0, 0.36666666666666664
surrogate, 57, 32.0, 0.36666666666666664
surrogate, 57, 32.0, 0.36666666666666664
surrogate, 57, 32.0, 0.36666666666666664
surrogate, 57, 32.0, 0.36666666666666664
surrogate, 57, 32.0, 0.36666666666666664
surrogate, 57, 32.0, 0.36666666666666664
surrogate, 57, 32.0, 0.36666666666666664
surrogate, 57, 32.0, 0.36666666666666664
surrogate, 57, 32.0, 0.36666666666666664
surrogate, 57, 32.0, 0.36666666666666664
surrogate, 57, 32.0, 0.36666666666666664
surrogate, 57, 32.0, 0.36666666666666664
surrogate, 57, 32.0, 0.36666666666666664
surrogate, 57, 32.0, 0.36666666666666664
surrogate, 57, 32.0, 0.36666666666666664
surrogate, 57, 32.0, 0.36666666666666664
surrogate, 57, 32.0, 0.36666666666666664
surrogate, 57, 32.0, 0.36666666666666664
surrogate, 57, 30.0, 0.26666666666666666
surrogate, 57, 30.0, 0.26666666666666666
surrogate, 57, 30.0, 0.26666666666666666
surrogate, 57, 30.0, 0.26666666666666666
surrogate, 57, 30.0, 0.26666666666666666
surrogate, 57, 30.0, 0.26666666666666666
surrogate, 57, 30.0, 0.26666666666666666
surrogate, 57, 30.0, 0.26666666666666666
surrogate, 57, 30.0, 0.26666666666666666
surrogate, 57, 30.0, 0.26666666666666666
surrogate, 57, 30.0, 0.26666666666666666
surrogate, 57, 30.0, 0.26666666666666666
surrogate, 57, 30.0, 0.26666666666666666
surrogate, 57, 30.0, 0.26666666666666666
surrogate, 57, 30.0, 0.26666666666666666
surrogate, 57, 30.0, 0.26666666666666666
surrogate, 57, 30.0, 0.26666666666666666
surrogate, 57, 30.0, 0.26666666666666666
surrogate, 57, 30.0, 0.26666666666666666
surrogate, 57, 30.0, 0.26666666666666666
surrogate, 57, 30.0, 0.26666666666666666
surrogate, 57, 30.0, 0.26666666666666666
surrogate, 57, 30.0, 0.26666666666666666
surrogate, 57, 29.0, 0.06666666666666667
surrogate, 57, 29.0, 0.06666666666666667
surrogate, 57, 29.0, 0.06666666666666667
surrogate, 57, 29.0, 0.06666666666666667
surrogate, 57, 29.0, 0.06666666666666667
surrogate, 57, 29.0, 0.06666666666666667
surrogate, 57, 29.0, 0.06666666666666667
surrogate, 57, 29.0, 0.06666666666666667
surrogate, 57, 29.0, 0.06666666666666667
surrogate, 57, 29.0, 0.06666666666666667
surrogate, 57, 29.0, 0.06666666666666667
surrogate, 57, 29.0, 0.06666666666666667
surrogate, 57, 29.0, 0.06666666666666667
surrogate, 57, 29.0, 0.06666666666666667
surrogate, 57, 29.0, 0.06666666666666667
surrogate, 57, 29.0, 0.06666666666666667
surrogate, 57, 29.0, 0.06666666666666667
surrogate, 57, 29.0, 0.06666666666666667
surrogate, 57, 29.0, 0.06666666666666667
surrogate, 57, 29.0, 0.06666666666666667
surrogate, 57, 29.0, 0.06666666666666667
surrogate, 57, 29.0, 0.06666666666666667
surrogate, 57, 29.0, 0.06666666666666667
surrogate, 57, 29.0, 0.06666666666666667
surrogate, 57, 29.0, 0.06666666666666667
surrogate, 57, 29.0, 0.06666666666666667
surrogate, 57, 29.0, 0.06666666666666667
surrogate, 57, 29.0, 0.06666666666666667
surrogate, 57, 29.0, 0.06666666666666667
surrogate, 57, 29.0, 0.06666666666666667
surrogate, 57, 29.0, 0.06666666666666667
surrogate, 57, 29.0, 0.06666666666666667
surrogate, 57, 29.0, 0.06666666666666667
surrogate, 57, 29.0, 0.06666666666666667
surrogate, 57, 29.0, 0.06666666666666667
surrogate, 57, 29.0, 0.06666666666666667
surrogate, 57, 29.0, 0.06666666666666667
surrogate, 57, 29.0, 0.06666666666666667
surrogate, 57, 29.0, 0.06666666666666667
surrogate, 57, 29.0, 0.06666666666666667
surrogate, 57, 29.0, 0.06666666666666667
surrogate, 57, 29.0, 0.06666666666666667
surrogate, 57, 29.0, 0.06666666666666667
surrogate, 57, 29.0, 0.06666666666666667
surrogate, 57, 28.0, 0.05
surrogate, 57, 28.0, 0.05
surrogate, 57, 28.0, 0.05
surrogate, 57, 28.0, 0.05
surrogate, 57, 28.0, 0.05
surrogate, 57, 28.0, 0.05
surrogate, 57, 28.0, 0.05
surrogate, 57, 28.0, 0.05
surrogate, 57, 28.0, 0.05
surrogate, 57, 28.0, 0.05
surrogate, 57, 28.0, 0.05
surrogate, 57, 28.0, 0.05
surrogate, 57, 28.0, 0.05
surrogate, 57, 28.0, 0.05
surrogate, 57, 28.0, 0.05
surrogate, 57, 28.0, 0.05
surrogate, 57, 28.0, 0.05
surrogate, 57, 28.0, 0.05
surrogate, 57, 27.0, 0.03333333333333333
surrogate, 57, 27.0, 0.03333333333333333
surrogate, 57, 27.0, 0.03333333333333333
surrogate, 57, 27.0, 0.03333333333333333
surrogate, 57, 27.0, 0.03333333333333333
surrogate, 57, 27.0, 0.03333333333333333
surrogate, 57, 27.0, 0.03333333333333333
surrogate, 57, 27.0, 0.03333333333333333
surrogate, 57, 27.0, 0.03333333333333333
surrogate, 57, 27.0, 0.03333333333333333
surrogate, 57, 27.0, 0.03333333333333333
surrogate, 57, 27.0, 0.03333333333333333
surrogate, 57, 27.0, 0.03333333333333333
surrogate, 57, 27.0, 0.03333333333333333
surrogate, 57, 26.0, 0.016666666666666666
surrogate, 57, 26.0, 0.016666666666666666
surrogate, 57, 26.0, 0.016666666666666666
surrogate, 57, 26.0, 0.016666666666666666
surrogate, 57, 26.0, 0.016666666666666666
surrogate, 57, 26.0, 0.016666666666666666
surrogate, 57, 26.0, 0.016666666666666666
surrogate, 57, 26.0, 0.016666666666666666
surrogate, 57, 26.0, 0.016666666666666666
surrogate, 57, 26.0, 0.016666666666666666
surrogate, 57, 26.0, 0.016666666666666666
surrogate, 57, 26.0, 0.016666666666666666
surrogate, 57, 26.0, 0.016666666666666666
surrogate, 57, 26.0, 0.016666666666666666
surrogate, 57, 26.0, 0.016666666666666666
surrogate, 57, 26.0, 0.016666666666666666
surrogate, 57, 26.0, 0.016666666666666666
surrogate, 57, 26.0, 0.016666666666666666
surrogate, 57, 26.0, 0.016666666666666666
surrogate, 57, 26.0, 0.016666666666666666
surrogate, 57, 26.0, 0.016666666666666666
surrogate, 57, 26.0, 0.016666666666666666
surrogate, 57, 26.0, 0.016666666666666666
surrogate, 57, 26.0, 0.016666666666666666
surrogate, 57, 26.0, 0.016666666666666666
surrogate, 57, 26.0, 0.016666666666666666
surrogate, 57, 26.0, 0.016666666666666666
surrogate, 57, 26.0, 0.016666666666666666
surrogate, 57, 26.0, 0.016666666666666666
surrogate, 57, 26.0, 0.016666666666666666
surrogate, 57, 26.0, 0.016666666666666666
surrogate, 57, 26.0, 0.016666666666666666
surrogate, 57, 26.0, 0.016666666666666666
surrogate, 57, 26.0, 0.016666666666666666
surrogate, 57, 26.0, 0.016666666666666666
surrogate, 57, 26.0, 0.016666666666666666
surrogate, 57, 26.0, 0.016666666666666666
surrogate, 57, 26.0, 0.016666666666666666
surrogate, 57, 26.0, 0.016666666666666666
surrogate, 57, 26.0, 0.016666666666666666
surrogate, 57, 26.0, 0.016666666666666666
surrogate, 57, 26.0, 0.016666666666666666
surrogate, 57, 26.0, 0.016666666666666666
surrogate, 57, 26.0, 0.016666666666666666
surrogate, 57, 26.0, 0.016666666666666666
surrogate, 57, 26.0, 0.016666666666666666
surrogate, 57, 26.0, 0.016666666666666666
surrogate, 57, 26.0, 0.016666666666666666
surrogate, 57, 26.0, 0.016666666666666666
surrogate, 57, 26.0, 0.016666666666666666
surrogate, 57, 26.0, 0.016666666666666666
surrogate, 57, 26.0, 0.016666666666666666
surrogate, 57, 26.0, 0.016666666666666666
surrogate, 57, 26.0, 0.016666666666666666
surrogate, 57, 26.0, 0.016666666666666666
surrogate, 57, 26.0, 0.016666666666666666
surrogate, 57, 26.0, 0.016666666666666666
surrogate, 57, 26.0, 0.016666666666666666
surrogate, 57, 26.0, 0.016666666666666666
surrogate, 57, 26.0, 0.016666666666666666
surrogate, 57, 26.0, 0.016666666666666666
surrogate, 58, 104.0, 0.8333333333333334
surrogate, 58, 104.0, 0.8333333333333334
surrogate, 58, 77.0, 0.8
surrogate, 58, 60.0, 0.7666666666666667
surrogate, 58, 60.0, 0.7666666666666667
surrogate, 58, 60.0, 0.7666666666666667
surrogate, 58, 60.0, 0.7666666666666667
surrogate, 58, 60.0, 0.7666666666666667
surrogate, 58, 60.0, 0.7666666666666667
surrogate, 58, 60.0, 0.7666666666666667
surrogate, 58, 56.0, 0.75
surrogate, 58, 48.0, 0.7166666666666667
surrogate, 58, 48.0, 0.7166666666666667
surrogate, 58, 43.0, 0.6833333333333333
surrogate, 58, 43.0, 0.6833333333333333
surrogate, 58, 43.0, 0.6833333333333333
surrogate, 58, 43.0, 0.6833333333333333
surrogate, 58, 41.0, 0.65
surrogate, 58, 41.0, 0.65
surrogate, 58, 41.0, 0.65
surrogate, 58, 41.0, 0.65
surrogate, 58, 41.0, 0.65
surrogate, 58, 41.0, 0.65
surrogate, 58, 41.0, 0.65
surrogate, 58, 41.0, 0.65
surrogate, 58, 41.0, 0.65
surrogate, 58, 41.0, 0.65
surrogate, 58, 41.0, 0.65
surrogate, 58, 41.0, 0.65
surrogate, 58, 41.0, 0.65
surrogate, 58, 41.0, 0.65
surrogate, 58, 41.0, 0.65
surrogate, 58, 41.0, 0.65
surrogate, 58, 41.0, 0.65
surrogate, 58, 41.0, 0.65
surrogate, 58, 41.0, 0.65
surrogate, 58, 41.0, 0.65
surrogate, 58, 41.0, 0.65
surrogate, 58, 41.0, 0.65
surrogate, 58, 41.0, 0.65
surrogate, 58, 41.0, 0.65
surrogate, 58, 36.0, 0.55
surrogate, 58, 36.0, 0.55
surrogate, 58, 36.0, 0.55
surrogate, 58, 36.0, 0.55
surrogate, 58, 36.0, 0.55
surrogate, 58, 36.0, 0.55
surrogate, 58, 36.0, 0.55
surrogate, 58, 36.0, 0.55
surrogate, 58, 36.0, 0.55
surrogate, 58, 36.0, 0.55
surrogate, 58, 36.0, 0.55
surrogate, 58, 36.0, 0.55
surrogate, 58, 36.0, 0.55
surrogate, 58, 36.0, 0.55
surrogate, 58, 36.0, 0.55
surrogate, 58, 36.0, 0.55
surrogate, 58, 36.0, 0.55
surrogate, 58, 36.0, 0.55
surrogate, 58, 36.0, 0.55
surrogate, 58, 36.0, 0.55
surrogate, 58, 33.0, 0.5
surrogate, 58, 33.0, 0.5
surrogate, 58, 33.0, 0.5
surrogate, 58, 33.0, 0.5
surrogate, 58, 33.0, 0.5
surrogate, 58, 33.0, 0.5
surrogate, 58, 33.0, 0.5
surrogate, 58, 33.0, 0.5
surrogate, 58, 33.0, 0.5
surrogate, 58, 33.0, 0.5
surrogate, 58, 33.0, 0.5
surrogate, 58, 33.0, 0.5
surrogate, 58, 33.0, 0.5
surrogate, 58, 33.0, 0.5
surrogate, 58, 33.0, 0.5
surrogate, 58, 33.0, 0.5
surrogate, 58, 32.0, 0.36666666666666664
surrogate, 58, 32.0, 0.36666666666666664
surrogate, 58, 32.0, 0.36666666666666664
surrogate, 58, 32.0, 0.36666666666666664
surrogate, 58, 32.0, 0.36666666666666664
surrogate, 58, 32.0, 0.36666666666666664
surrogate, 58, 32.0, 0.36666666666666664
surrogate, 58, 32.0, 0.36666666666666664
surrogate, 58, 32.0, 0.36666666666666664
surrogate, 58, 32.0, 0.36666666666666664
surrogate, 58, 32.0, 0.36666666666666664
surrogate, 58, 32.0, 0.36666666666666664
surrogate, 58, 32.0, 0.36666666666666664
surrogate, 58, 32.0, 0.36666666666666664
surrogate, 58, 32.0, 0.36666666666666664
surrogate, 58, 32.0, 0.36666666666666664
surrogate, 58, 32.0, 0.36666666666666664
surrogate, 58, 32.0, 0.36666666666666664
surrogate, 58, 32.0, 0.36666666666666664
surrogate, 58, 32.0, 0.36666666666666664
surrogate, 58, 32.0, 0.36666666666666664
surrogate, 58, 32.0, 0.36666666666666664
surrogate, 58, 32.0, 0.36666666666666664
surrogate, 58, 32.0, 0.36666666666666664
surrogate, 58, 32.0, 0.36666666666666664
surrogate, 58, 32.0, 0.36666666666666664
surrogate, 58, 32.0, 0.36666666666666664
surrogate, 58, 32.0, 0.36666666666666664
surrogate, 58, 32.0, 0.36666666666666664
surrogate, 58, 32.0, 0.36666666666666664
surrogate, 58, 32.0, 0.36666666666666664
surrogate, 58, 32.0, 0.36666666666666664
surrogate, 58, 32.0, 0.36666666666666664
surrogate, 58, 32.0, 0.36666666666666664
surrogate, 58, 32.0, 0.36666666666666664
surrogate, 58, 32.0, 0.36666666666666664
surrogate, 58, 32.0, 0.36666666666666664
surrogate, 58, 32.0, 0.36666666666666664
surrogate, 58, 32.0, 0.36666666666666664
surrogate, 58, 32.0, 0.36666666666666664
surrogate, 58, 32.0, 0.36666666666666664
surrogate, 58, 32.0, 0.36666666666666664
surrogate, 58, 32.0, 0.36666666666666664
surrogate, 58, 32.0, 0.36666666666666664
surrogate, 58, 32.0, 0.36666666666666664
surrogate, 58, 32.0, 0.36666666666666664
surrogate, 58, 32.0, 0.36666666666666664
surrogate, 58, 30.0, 0.26666666666666666
surrogate, 58, 30.0, 0.26666666666666666
surrogate, 58, 30.0, 0.26666666666666666
surrogate, 58, 30.0, 0.26666666666666666
surrogate, 58, 30.0, 0.26666666666666666
surrogate, 58, 30.0, 0.26666666666666666
surrogate, 58, 30.0, 0.26666666666666666
surrogate, 58, 30.0, 0.26666666666666666
surrogate, 58, 30.0, 0.26666666666666666
surrogate, 58, 30.0, 0.26666666666666666
surrogate, 58, 30.0, 0.26666666666666666
surrogate, 58, 30.0, 0.26666666666666666
surrogate, 58, 30.0, 0.26666666666666666
surrogate, 58, 30.0, 0.26666666666666666
surrogate, 58, 30.0, 0.26666666666666666
surrogate, 58, 30.0, 0.26666666666666666
surrogate, 58, 30.0, 0.26666666666666666
surrogate, 58, 30.0, 0.26666666666666666
surrogate, 58, 30.0, 0.26666666666666666
surrogate, 58, 30.0, 0.26666666666666666
surrogate, 58, 30.0, 0.26666666666666666
surrogate, 58, 30.0, 0.26666666666666666
surrogate, 58, 30.0, 0.26666666666666666
surrogate, 58, 30.0, 0.26666666666666666
surrogate, 58, 29.0, 0.06666666666666667
surrogate, 58, 29.0, 0.06666666666666667
surrogate, 58, 29.0, 0.06666666666666667
surrogate, 58, 29.0, 0.06666666666666667
surrogate, 58, 29.0, 0.06666666666666667
surrogate, 58, 29.0, 0.06666666666666667
surrogate, 58, 29.0, 0.06666666666666667
surrogate, 58, 29.0, 0.06666666666666667
surrogate, 58, 29.0, 0.06666666666666667
surrogate, 58, 29.0, 0.06666666666666667
surrogate, 58, 29.0, 0.06666666666666667
surrogate, 58, 29.0, 0.06666666666666667
surrogate, 58, 29.0, 0.06666666666666667
surrogate, 58, 29.0, 0.06666666666666667
surrogate, 58, 29.0, 0.06666666666666667
surrogate, 58, 29.0, 0.06666666666666667
surrogate, 58, 29.0, 0.06666666666666667
surrogate, 58, 29.0, 0.06666666666666667
surrogate, 58, 29.0, 0.06666666666666667
surrogate, 58, 29.0, 0.06666666666666667
surrogate, 58, 29.0, 0.06666666666666667
surrogate, 58, 29.0, 0.06666666666666667
surrogate, 58, 29.0, 0.06666666666666667
surrogate, 58, 29.0, 0.06666666666666667
surrogate, 58, 29.0, 0.06666666666666667
surrogate, 58, 29.0, 0.06666666666666667
surrogate, 58, 29.0, 0.06666666666666667
surrogate, 58, 29.0, 0.06666666666666667
surrogate, 58, 29.0, 0.06666666666666667
surrogate, 58, 29.0, 0.06666666666666667
surrogate, 58, 29.0, 0.06666666666666667
surrogate, 58, 29.0, 0.06666666666666667
surrogate, 58, 29.0, 0.06666666666666667
surrogate, 58, 29.0, 0.06666666666666667
surrogate, 58, 29.0, 0.06666666666666667
surrogate, 58, 29.0, 0.06666666666666667
surrogate, 58, 29.0, 0.06666666666666667
surrogate, 58, 29.0, 0.06666666666666667
surrogate, 58, 29.0, 0.06666666666666667
surrogate, 58, 29.0, 0.06666666666666667
surrogate, 58, 29.0, 0.06666666666666667
surrogate, 58, 29.0, 0.06666666666666667
surrogate, 58, 29.0, 0.06666666666666667
surrogate, 58, 29.0, 0.06666666666666667
surrogate, 58, 29.0, 0.06666666666666667
surrogate, 58, 28.0, 0.05
surrogate, 58, 28.0, 0.05
surrogate, 58, 28.0, 0.05
surrogate, 58, 28.0, 0.05
surrogate, 58, 28.0, 0.05
surrogate, 58, 28.0, 0.05
surrogate, 58, 28.0, 0.05
surrogate, 58, 28.0, 0.05
surrogate, 58, 28.0, 0.05
surrogate, 58, 28.0, 0.05
surrogate, 58, 28.0, 0.05
surrogate, 58, 28.0, 0.05
surrogate, 58, 28.0, 0.05
surrogate, 58, 28.0, 0.05
surrogate, 58, 28.0, 0.05
surrogate, 58, 28.0, 0.05
surrogate, 58, 28.0, 0.05
surrogate, 58, 28.0, 0.05
surrogate, 58, 27.0, 0.03333333333333333
surrogate, 58, 27.0, 0.03333333333333333
surrogate, 58, 27.0, 0.03333333333333333
surrogate, 58, 27.0, 0.03333333333333333
surrogate, 58, 27.0, 0.03333333333333333
surrogate, 58, 27.0, 0.03333333333333333
surrogate, 58, 27.0, 0.03333333333333333
surrogate, 58, 27.0, 0.03333333333333333
surrogate, 58, 27.0, 0.03333333333333333
surrogate, 58, 27.0, 0.03333333333333333
surrogate, 58, 27.0, 0.03333333333333333
surrogate, 58, 27.0, 0.03333333333333333
surrogate, 58, 27.0, 0.03333333333333333
surrogate, 58, 27.0, 0.03333333333333333
surrogate, 58, 26.0, 0.016666666666666666
surrogate, 58, 26.0, 0.016666666666666666
surrogate, 58, 26.0, 0.016666666666666666
surrogate, 58, 26.0, 0.016666666666666666
surrogate, 58, 26.0, 0.016666666666666666
surrogate, 58, 26.0, 0.016666666666666666
surrogate, 58, 26.0, 0.016666666666666666
surrogate, 58, 26.0, 0.016666666666666666
surrogate, 58, 26.0, 0.016666666666666666
surrogate, 58, 26.0, 0.016666666666666666
surrogate, 58, 26.0, 0.016666666666666666
surrogate, 58, 26.0, 0.016666666666666666
surrogate, 58, 26.0, 0.016666666666666666
surrogate, 58, 26.0, 0.016666666666666666
surrogate, 58, 26.0, 0.016666666666666666
surrogate, 58, 26.0, 0.016666666666666666
surrogate, 58, 26.0, 0.016666666666666666
surrogate, 58, 26.0, 0.016666666666666666
surrogate, 58, 26.0, 0.016666666666666666
surrogate, 58, 26.0, 0.016666666666666666
surrogate, 58, 26.0, 0.016666666666666666
surrogate, 58, 26.0, 0.016666666666666666
surrogate, 58, 26.0, 0.016666666666666666
surrogate, 58, 26.0, 0.016666666666666666
surrogate, 58, 26.0, 0.016666666666666666
surrogate, 58, 26.0, 0.016666666666666666
surrogate, 58, 26.0, 0.016666666666666666
surrogate, 58, 26.0, 0.016666666666666666
surrogate, 58, 26.0, 0.016666666666666666
surrogate, 58, 26.0, 0.016666666666666666
surrogate, 58, 26.0, 0.016666666666666666
surrogate, 58, 26.0, 0.016666666666666666
surrogate, 58, 26.0, 0.016666666666666666
surrogate, 58, 26.0, 0.016666666666666666
surrogate, 58, 26.0, 0.016666666666666666
surrogate, 58, 26.0, 0.016666666666666666
surrogate, 58, 26.0, 0.016666666666666666
surrogate, 58, 26.0, 0.016666666666666666
surrogate, 58, 26.0, 0.016666666666666666
surrogate, 58, 26.0, 0.016666666666666666
surrogate, 58, 26.0, 0.016666666666666666
surrogate, 58, 26.0, 0.016666666666666666
surrogate, 58, 26.0, 0.016666666666666666
surrogate, 58, 26.0, 0.016666666666666666
surrogate, 58, 26.0, 0.016666666666666666
surrogate, 58, 26.0, 0.016666666666666666
surrogate, 58, 26.0, 0.016666666666666666
surrogate, 58, 26.0, 0.016666666666666666
surrogate, 58, 26.0, 0.016666666666666666
surrogate, 58, 26.0, 0.016666666666666666
surrogate, 58, 26.0, 0.016666666666666666
surrogate, 58, 26.0, 0.016666666666666666
surrogate, 58, 26.0, 0.016666666666666666
surrogate, 58, 26.0, 0.016666666666666666
surrogate, 58, 26.0, 0.016666666666666666
surrogate, 58, 26.0, 0.016666666666666666
surrogate, 58, 26.0, 0.016666666666666666
surrogate, 58, 26.0, 0.016666666666666666
surrogate, 58, 26.0, 0.016666666666666666
surrogate, 58, 26.0, 0.016666666666666666
surrogate, 58, 26.0, 0.016666666666666666
surrogate, 59, 104.0, 0.8333333333333334
surrogate, 59, 104.0, 0.8333333333333334
surrogate, 59, 104.0, 0.8333333333333334
surrogate, 59, 77.0, 0.8
surrogate, 59, 77.0, 0.8
surrogate, 59, 60.0, 0.7666666666666667
surrogate, 59, 60.0, 0.7666666666666667
surrogate, 59, 60.0, 0.7666666666666667
surrogate, 59, 60.0, 0.7666666666666667
surrogate, 59, 60.0, 0.7666666666666667
surrogate, 59, 60.0, 0.7666666666666667
surrogate, 59, 60.0, 0.7666666666666667
surrogate, 59, 60.0, 0.7666666666666667
surrogate, 59, 56.0, 0.75
surrogate, 59, 48.0, 0.7166666666666667
surrogate, 59, 48.0, 0.7166666666666667
surrogate, 59, 43.0, 0.6833333333333333
surrogate, 59, 43.0, 0.6833333333333333
surrogate, 59, 43.0, 0.6833333333333333
surrogate, 59, 43.0, 0.6833333333333333
surrogate, 59, 43.0, 0.6833333333333333
surrogate, 59, 41.0, 0.65
surrogate, 59, 41.0, 0.65
surrogate, 59, 41.0, 0.65
surrogate, 59, 41.0, 0.65
surrogate, 59, 41.0, 0.65
surrogate, 59, 41.0, 0.65
surrogate, 59, 41.0, 0.65
surrogate, 59, 41.0, 0.65
surrogate, 59, 41.0, 0.65
surrogate, 59, 41.0, 0.65
surrogate, 59, 41.0, 0.65
surrogate, 59, 41.0, 0.65
surrogate, 59, 41.0, 0.65
surrogate, 59, 41.0, 0.65
surrogate, 59, 41.0, 0.65
surrogate, 59, 41.0, 0.65
surrogate, 59, 41.0, 0.65
surrogate, 59, 41.0, 0.65
surrogate, 59, 41.0, 0.65
surrogate, 59, 41.0, 0.65
surrogate, 59, 41.0, 0.65
surrogate, 59, 41.0, 0.65
surrogate, 59, 41.0, 0.65
surrogate, 59, 41.0, 0.65
surrogate, 59, 36.0, 0.55
surrogate, 59, 36.0, 0.55
surrogate, 59, 36.0, 0.55
surrogate, 59, 36.0, 0.55
surrogate, 59, 36.0, 0.55
surrogate, 59, 36.0, 0.55
surrogate, 59, 36.0, 0.55
surrogate, 59, 36.0, 0.55
surrogate, 59, 36.0, 0.55
surrogate, 59, 36.0, 0.55
surrogate, 59, 36.0, 0.55
surrogate, 59, 36.0, 0.55
surrogate, 59, 36.0, 0.55
surrogate, 59, 36.0, 0.55
surrogate, 59, 36.0, 0.55
surrogate, 59, 36.0, 0.55
surrogate, 59, 36.0, 0.55
surrogate, 59, 36.0, 0.55
surrogate, 59, 36.0, 0.55
surrogate, 59, 36.0, 0.55
surrogate, 59, 36.0, 0.55
surrogate, 59, 33.0, 0.5
surrogate, 59, 33.0, 0.5
surrogate, 59, 33.0, 0.5
surrogate, 59, 33.0, 0.5
surrogate, 59, 33.0, 0.5
surrogate, 59, 33.0, 0.5
surrogate, 59, 33.0, 0.5
surrogate, 59, 33.0, 0.5
surrogate, 59, 33.0, 0.5
surrogate, 59, 33.0, 0.5
surrogate, 59, 33.0, 0.5
surrogate, 59, 33.0, 0.5
surrogate, 59, 33.0, 0.5
surrogate, 59, 33.0, 0.5
surrogate, 59, 33.0, 0.5
surrogate, 59, 33.0, 0.5
surrogate, 59, 33.0, 0.5
surrogate, 59, 32.0, 0.36666666666666664
surrogate, 59, 32.0, 0.36666666666666664
surrogate, 59, 32.0, 0.36666666666666664
surrogate, 59, 32.0, 0.36666666666666664
surrogate, 59, 32.0, 0.36666666666666664
surrogate, 59, 32.0, 0.36666666666666664
surrogate, 59, 32.0, 0.36666666666666664
surrogate, 59, 32.0, 0.36666666666666664
surrogate, 59, 32.0, 0.36666666666666664
surrogate, 59, 32.0, 0.36666666666666664
surrogate, 59, 32.0, 0.36666666666666664
surrogate, 59, 32.0, 0.36666666666666664
surrogate, 59, 32.0, 0.36666666666666664
surrogate, 59, 32.0, 0.36666666666666664
surrogate, 59, 32.0, 0.36666666666666664
surrogate, 59, 32.0, 0.36666666666666664
surrogate, 59, 32.0, 0.36666666666666664
surrogate, 59, 32.0, 0.36666666666666664
surrogate, 59, 32.0, 0.36666666666666664
surrogate, 59, 32.0, 0.36666666666666664
surrogate, 59, 32.0, 0.36666666666666664
surrogate, 59, 32.0, 0.36666666666666664
surrogate, 59, 32.0, 0.36666666666666664
surrogate, 59, 32.0, 0.36666666666666664
surrogate, 59, 32.0, 0.36666666666666664
surrogate, 59, 32.0, 0.36666666666666664
surrogate, 59, 32.0, 0.36666666666666664
surrogate, 59, 32.0, 0.36666666666666664
surrogate, 59, 32.0, 0.36666666666666664
surrogate, 59, 32.0, 0.36666666666666664
surrogate, 59, 32.0, 0.36666666666666664
surrogate, 59, 32.0, 0.36666666666666664
surrogate, 59, 32.0, 0.36666666666666664
surrogate, 59, 32.0, 0.36666666666666664
surrogate, 59, 32.0, 0.36666666666666664
surrogate, 59, 32.0, 0.36666666666666664
surrogate, 59, 32.0, 0.36666666666666664
surrogate, 59, 32.0, 0.36666666666666664
surrogate, 59, 32.0, 0.36666666666666664
surrogate, 59, 32.0, 0.36666666666666664
surrogate, 59, 32.0, 0.36666666666666664
surrogate, 59, 32.0, 0.36666666666666664
surrogate, 59, 32.0, 0.36666666666666664
surrogate, 59, 32.0, 0.36666666666666664
surrogate, 59, 32.0, 0.36666666666666664
surrogate, 59, 32.0, 0.36666666666666664
surrogate, 59, 32.0, 0.36666666666666664
surrogate, 59, 32.0, 0.36666666666666664
surrogate, 59, 30.0, 0.26666666666666666
surrogate, 59, 30.0, 0.26666666666666666
surrogate, 59, 30.0, 0.26666666666666666
surrogate, 59, 30.0, 0.26666666666666666
surrogate, 59, 30.0, 0.26666666666666666
surrogate, 59, 30.0, 0.26666666666666666
surrogate, 59, 30.0, 0.26666666666666666
surrogate, 59, 30.0, 0.26666666666666666
surrogate, 59, 30.0, 0.26666666666666666
surrogate, 59, 30.0, 0.26666666666666666
surrogate, 59, 30.0, 0.26666666666666666
surrogate, 59, 30.0, 0.26666666666666666
surrogate, 59, 30.0, 0.26666666666666666
surrogate, 59, 30.0, 0.26666666666666666
surrogate, 59, 30.0, 0.26666666666666666
surrogate, 59, 30.0, 0.26666666666666666
surrogate, 59, 30.0, 0.26666666666666666
surrogate, 59, 30.0, 0.26666666666666666
surrogate, 59, 30.0, 0.26666666666666666
surrogate, 59, 30.0, 0.26666666666666666
surrogate, 59, 30.0, 0.26666666666666666
surrogate, 59, 30.0, 0.26666666666666666
surrogate, 59, 30.0, 0.26666666666666666
surrogate, 59, 30.0, 0.26666666666666666
surrogate, 59, 30.0, 0.26666666666666666
surrogate, 59, 29.0, 0.06666666666666667
surrogate, 59, 29.0, 0.06666666666666667
surrogate, 59, 29.0, 0.06666666666666667
surrogate, 59, 29.0, 0.06666666666666667
surrogate, 59, 29.0, 0.06666666666666667
surrogate, 59, 29.0, 0.06666666666666667
surrogate, 59, 29.0, 0.06666666666666667
surrogate, 59, 29.0, 0.06666666666666667
surrogate, 59, 29.0, 0.06666666666666667
surrogate, 59, 29.0, 0.06666666666666667
surrogate, 59, 29.0, 0.06666666666666667
surrogate, 59, 29.0, 0.06666666666666667
surrogate, 59, 29.0, 0.06666666666666667
surrogate, 59, 29.0, 0.06666666666666667
surrogate, 59, 29.0, 0.06666666666666667
surrogate, 59, 29.0, 0.06666666666666667
surrogate, 59, 29.0, 0.06666666666666667
surrogate, 59, 29.0, 0.06666666666666667
surrogate, 59, 29.0, 0.06666666666666667
surrogate, 59, 29.0, 0.06666666666666667
surrogate, 59, 29.0, 0.06666666666666667
surrogate, 59, 29.0, 0.06666666666666667
surrogate, 59, 29.0, 0.06666666666666667
surrogate, 59, 29.0, 0.06666666666666667
surrogate, 59, 29.0, 0.06666666666666667
surrogate, 59, 29.0, 0.06666666666666667
surrogate, 59, 29.0, 0.06666666666666667
surrogate, 59, 29.0, 0.06666666666666667
surrogate, 59, 29.0, 0.06666666666666667
surrogate, 59, 29.0, 0.06666666666666667
surrogate, 59, 29.0, 0.06666666666666667
surrogate, 59, 29.0, 0.06666666666666667
surrogate, 59, 29.0, 0.06666666666666667
surrogate, 59, 29.0, 0.06666666666666667
surrogate, 59, 29.0, 0.06666666666666667
surrogate, 59, 29.0, 0.06666666666666667
surrogate, 59, 29.0, 0.06666666666666667
surrogate, 59, 29.0, 0.06666666666666667
surrogate, 59, 29.0, 0.06666666666666667
surrogate, 59, 29.0, 0.06666666666666667
surrogate, 59, 29.0, 0.06666666666666667
surrogate, 59, 29.0, 0.06666666666666667
surrogate, 59, 29.0, 0.06666666666666667
surrogate, 59, 29.0, 0.06666666666666667
surrogate, 59, 29.0, 0.06666666666666667
surrogate, 59, 28.0, 0.05
surrogate, 59, 28.0, 0.05
surrogate, 59, 28.0, 0.05
surrogate, 59, 28.0, 0.05
surrogate, 59, 28.0, 0.05
surrogate, 59, 28.0, 0.05
surrogate, 59, 28.0, 0.05
surrogate, 59, 28.0, 0.05
surrogate, 59, 28.0, 0.05
surrogate, 59, 28.0, 0.05
surrogate, 59, 28.0, 0.05
surrogate, 59, 28.0, 0.05
surrogate, 59, 28.0, 0.05
surrogate, 59, 28.0, 0.05
surrogate, 59, 28.0, 0.05
surrogate, 59, 28.0, 0.05
surrogate, 59, 28.0, 0.05
surrogate, 59, 28.0, 0.05
surrogate, 59, 27.0, 0.03333333333333333
surrogate, 59, 27.0, 0.03333333333333333
surrogate, 59, 27.0, 0.03333333333333333
surrogate, 59, 27.0, 0.03333333333333333
surrogate, 59, 27.0, 0.03333333333333333
surrogate, 59, 27.0, 0.03333333333333333
surrogate, 59, 27.0, 0.03333333333333333
surrogate, 59, 27.0, 0.03333333333333333
surrogate, 59, 27.0, 0.03333333333333333
surrogate, 59, 27.0, 0.03333333333333333
surrogate, 59, 27.0, 0.03333333333333333
surrogate, 59, 27.0, 0.03333333333333333
surrogate, 59, 27.0, 0.03333333333333333
surrogate, 59, 27.0, 0.03333333333333333
surrogate, 59, 26.0, 0.016666666666666666
surrogate, 59, 26.0, 0.016666666666666666
surrogate, 59, 26.0, 0.016666666666666666
surrogate, 59, 26.0, 0.016666666666666666
surrogate, 59, 26.0, 0.016666666666666666
surrogate, 59, 26.0, 0.016666666666666666
surrogate, 59, 26.0, 0.016666666666666666
surrogate, 59, 26.0, 0.016666666666666666
surrogate, 59, 26.0, 0.016666666666666666
surrogate, 59, 26.0, 0.016666666666666666
surrogate, 59, 26.0, 0.016666666666666666
surrogate, 59, 26.0, 0.016666666666666666
surrogate, 59, 26.0, 0.016666666666666666
surrogate, 59, 26.0, 0.016666666666666666
surrogate, 59, 26.0, 0.016666666666666666
surrogate, 59, 26.0, 0.016666666666666666
surrogate, 59, 26.0, 0.016666666666666666
surrogate, 59, 26.0, 0.016666666666666666
surrogate, 59, 26.0, 0.016666666666666666
surrogate, 59, 26.0, 0.016666666666666666
surrogate, 59, 26.0, 0.016666666666666666
surrogate, 59, 26.0, 0.016666666666666666
surrogate, 59, 26.0, 0.016666666666666666
surrogate, 59, 26.0, 0.016666666666666666
surrogate, 59, 26.0, 0.016666666666666666
surrogate, 59, 26.0, 0.016666666666666666
surrogate, 59, 26.0, 0.016666666666666666
surrogate, 59, 26.0, 0.016666666666666666
surrogate, 59, 26.0, 0.016666666666666666
surrogate, 59, 26.0, 0.016666666666666666
surrogate, 59, 26.0, 0.016666666666666666
surrogate, 59, 26.0, 0.016666666666666666
surrogate, 59, 26.0, 0.016666666666666666
surrogate, 59, 26.0, 0.016666666666666666
surrogate, 59, 26.0, 0.016666666666666666
surrogate, 59, 26.0, 0.016666666666666666
surrogate, 59, 26.0, 0.016666666666666666
surrogate, 59, 26.0, 0.016666666666666666
surrogate, 59, 26.0, 0.016666666666666666
surrogate, 59, 26.0, 0.016666666666666666
surrogate, 59, 26.0, 0.016666666666666666
surrogate, 59, 26.0, 0.016666666666666666
surrogate, 59, 26.0, 0.016666666666666666
surrogate, 59, 26.0, 0.016666666666666666
surrogate, 59, 26.0, 0.016666666666666666
surrogate, 59, 26.0, 0.016666666666666666
surrogate, 59, 26.0, 0.016666666666666666
surrogate, 59, 26.0, 0.016666666666666666
surrogate, 59, 26.0, 0.016666666666666666
surrogate, 59, 26.0, 0.016666666666666666
surrogate, 59, 26.0, 0.016666666666666666
surrogate, 59, 26.0, 0.016666666666666666
surrogate, 59, 26.0, 0.016666666666666666
surrogate, 59, 26.0, 0.016666666666666666
surrogate, 59, 26.0, 0.016666666666666666
surrogate, 59, 26.0, 0.016666666666666666
surrogate, 59, 26.0, 0.016666666666666666
surrogate, 59, 26.0, 0.016666666666666666
surrogate, 59, 26.0, 0.016666666666666666
surrogate, 59, 26.0, 0.016666666666666666
surrogate, 59, 26.0, 0.016666666666666666
surrogate, 60, 104.0, 0.8333333333333334
surrogate, 60, 104.0, 0.8333333333333334
surrogate, 60, 104.0, 0.8333333333333334
surrogate, 60, 77.0, 0.8
surrogate, 60, 77.0, 0.8
surrogate, 60, 60.0, 0.7666666666666667
surrogate, 60, 60.0, 0.7666666666666667
surrogate, 60, 60.0, 0.7666666666666667
surrogate, 60, 60.0, 0.7666666666666667
surrogate, 60, 60.0, 0.7666666666666667
surrogate, 60, 60.0, 0.7666666666666667
surrogate, 60, 60.0, 0.7666666666666667
surrogate, 60, 60.0, 0.7666666666666667
surrogate, 60, 56.0, 0.75
surrogate, 60, 48.0, 0.7166666666666667
surrogate, 60, 48.0, 0.7166666666666667
surrogate, 60, 48.0, 0.7166666666666667
surrogate, 60, 43.0, 0.6833333333333333
surrogate, 60, 43.0, 0.6833333333333333
surrogate, 60, 43.0, 0.6833333333333333
surrogate, 60, 43.0, 0.6833333333333333
surrogate, 60, 43.0, 0.6833333333333333
surrogate, 60, 41.0, 0.65
surrogate, 60, 41.0, 0.65
surrogate, 60, 41.0, 0.65
surrogate, 60, 41.0, 0.65
surrogate, 60, 41.0, 0.65
surrogate, 60, 41.0, 0.65
surrogate, 60, 41.0, 0.65
surrogate, 60, 41.0, 0.65
surrogate, 60, 41.0, 0.65
surrogate, 60, 41.0, 0.65
surrogate, 60, 41.0, 0.65
surrogate, 60, 41.0, 0.65
surrogate, 60, 41.0, 0.65
surrogate, 60, 41.0, 0.65
surrogate, 60, 41.0, 0.65
surrogate, 60, 41.0, 0.65
surrogate, 60, 41.0, 0.65
surrogate, 60, 41.0, 0.65
surrogate, 60, 41.0, 0.65
surrogate, 60, 41.0, 0.65
surrogate, 60, 41.0, 0.65
surrogate, 60, 41.0, 0.65
surrogate, 60, 41.0, 0.65
surrogate, 60, 41.0, 0.65
surrogate, 60, 36.0, 0.55
surrogate, 60, 36.0, 0.55
surrogate, 60, 36.0, 0.55
surrogate, 60, 36.0, 0.55
surrogate, 60, 36.0, 0.55
surrogate, 60, 36.0, 0.55
surrogate, 60, 36.0, 0.55
surrogate, 60, 36.0, 0.55
surrogate, 60, 36.0, 0.55
surrogate, 60, 36.0, 0.55
surrogate, 60, 36.0, 0.55
surrogate, 60, 36.0, 0.55
surrogate, 60, 36.0, 0.55
surrogate, 60, 36.0, 0.55
surrogate, 60, 36.0, 0.55
surrogate, 60, 36.0, 0.55
surrogate, 60, 36.0, 0.55
surrogate, 60, 36.0, 0.55
surrogate, 60, 36.0, 0.55
surrogate, 60, 36.0, 0.55
surrogate, 60, 36.0, 0.55
surrogate, 60, 33.0, 0.5
surrogate, 60, 33.0, 0.5
surrogate, 60, 33.0, 0.5
surrogate, 60, 33.0, 0.5
surrogate, 60, 33.0, 0.5
surrogate, 60, 33.0, 0.5
surrogate, 60, 33.0, 0.5
surrogate, 60, 33.0, 0.5
surrogate, 60, 33.0, 0.5
surrogate, 60, 33.0, 0.5
surrogate, 60, 33.0, 0.5
surrogate, 60, 33.0, 0.5
surrogate, 60, 33.0, 0.5
surrogate, 60, 33.0, 0.5
surrogate, 60, 33.0, 0.5
surrogate, 60, 33.0, 0.5
surrogate, 60, 33.0, 0.5
surrogate, 60, 33.0, 0.5
surrogate, 60, 32.0, 0.36666666666666664
surrogate, 60, 32.0, 0.36666666666666664
surrogate, 60, 32.0, 0.36666666666666664
surrogate, 60, 32.0, 0.36666666666666664
surrogate, 60, 32.0, 0.36666666666666664
surrogate, 60, 32.0, 0.36666666666666664
surrogate, 60, 32.0, 0.36666666666666664
surrogate, 60, 32.0, 0.36666666666666664
surrogate, 60, 32.0, 0.36666666666666664
surrogate, 60, 32.0, 0.36666666666666664
surrogate, 60, 32.0, 0.36666666666666664
surrogate, 60, 32.0, 0.36666666666666664
surrogate, 60, 32.0, 0.36666666666666664
surrogate, 60, 32.0, 0.36666666666666664
surrogate, 60, 32.0, 0.36666666666666664
surrogate, 60, 32.0, 0.36666666666666664
surrogate, 60, 32.0, 0.36666666666666664
surrogate, 60, 32.0, 0.36666666666666664
surrogate, 60, 32.0, 0.36666666666666664
surrogate, 60, 32.0, 0.36666666666666664
surrogate, 60, 32.0, 0.36666666666666664
surrogate, 60, 32.0, 0.36666666666666664
surrogate, 60, 32.0, 0.36666666666666664
surrogate, 60, 32.0, 0.36666666666666664
surrogate, 60, 32.0, 0.36666666666666664
surrogate, 60, 32.0, 0.36666666666666664
surrogate, 60, 32.0, 0.36666666666666664
surrogate, 60, 32.0, 0.36666666666666664
surrogate, 60, 32.0, 0.36666666666666664
surrogate, 60, 32.0, 0.36666666666666664
surrogate, 60, 32.0, 0.36666666666666664
surrogate, 60, 32.0, 0.36666666666666664
surrogate, 60, 32.0, 0.36666666666666664
surrogate, 60, 32.0, 0.36666666666666664
surrogate, 60, 32.0, 0.36666666666666664
surrogate, 60, 32.0, 0.36666666666666664
surrogate, 60, 32.0, 0.36666666666666664
surrogate, 60, 32.0, 0.36666666666666664
surrogate, 60, 32.0, 0.36666666666666664
surrogate, 60, 32.0, 0.36666666666666664
surrogate, 60, 32.0, 0.36666666666666664
surrogate, 60, 32.0, 0.36666666666666664
surrogate, 60, 32.0, 0.36666666666666664
surrogate, 60, 32.0, 0.36666666666666664
surrogate, 60, 32.0, 0.36666666666666664
surrogate, 60, 32.0, 0.36666666666666664
surrogate, 60, 32.0, 0.36666666666666664
surrogate, 60, 32.0, 0.36666666666666664
surrogate, 60, 32.0, 0.36666666666666664
surrogate, 60, 30.0, 0.26666666666666666
surrogate, 60, 30.0, 0.26666666666666666
surrogate, 60, 30.0, 0.26666666666666666
surrogate, 60, 30.0, 0.26666666666666666
surrogate, 60, 30.0, 0.26666666666666666
surrogate, 60, 30.0, 0.26666666666666666
surrogate, 60, 30.0, 0.26666666666666666
surrogate, 60, 30.0, 0.26666666666666666
surrogate, 60, 30.0, 0.26666666666666666
surrogate, 60, 30.0, 0.26666666666666666
surrogate, 60, 30.0, 0.26666666666666666
surrogate, 60, 30.0, 0.26666666666666666
surrogate, 60, 30.0, 0.26666666666666666
surrogate, 60, 30.0, 0.26666666666666666
surrogate, 60, 30.0, 0.26666666666666666
surrogate, 60, 30.0, 0.26666666666666666
surrogate, 60, 30.0, 0.26666666666666666
surrogate, 60, 30.0, 0.26666666666666666
surrogate, 60, 30.0, 0.26666666666666666
surrogate, 60, 30.0, 0.26666666666666666
surrogate, 60, 30.0, 0.26666666666666666
surrogate, 60, 30.0, 0.26666666666666666
surrogate, 60, 30.0, 0.26666666666666666
surrogate, 60, 30.0, 0.26666666666666666
surrogate, 60, 30.0, 0.26666666666666666
surrogate, 60, 30.0, 0.26666666666666666
surrogate, 60, 29.0, 0.06666666666666667
surrogate, 60, 29.0, 0.06666666666666667
surrogate, 60, 29.0, 0.06666666666666667
surrogate, 60, 29.0, 0.06666666666666667
surrogate, 60, 29.0, 0.06666666666666667
surrogate, 60, 29.0, 0.06666666666666667
surrogate, 60, 29.0, 0.06666666666666667
surrogate, 60, 29.0, 0.06666666666666667
surrogate, 60, 29.0, 0.06666666666666667
surrogate, 60, 29.0, 0.06666666666666667
surrogate, 60, 29.0, 0.06666666666666667
surrogate, 60, 29.0, 0.06666666666666667
surrogate, 60, 29.0, 0.06666666666666667
surrogate, 60, 29.0, 0.06666666666666667
surrogate, 60, 29.0, 0.06666666666666667
surrogate, 60, 29.0, 0.06666666666666667
surrogate, 60, 29.0, 0.06666666666666667
surrogate, 60, 29.0, 0.06666666666666667
surrogate, 60, 29.0, 0.06666666666666667
surrogate, 60, 29.0, 0.06666666666666667
surrogate, 60, 29.0, 0.06666666666666667
surrogate, 60, 29.0, 0.06666666666666667
surrogate, 60, 29.0, 0.06666666666666667
surrogate, 60, 29.0, 0.06666666666666667
surrogate, 60, 29.0, 0.06666666666666667
surrogate, 60, 29.0, 0.06666666666666667
surrogate, 60, 29.0, 0.06666666666666667
surrogate, 60, 29.0, 0.06666666666666667
surrogate, 60, 29.0, 0.06666666666666667
surrogate, 60, 29.0, 0.06666666666666667
surrogate, 60, 29.0, 0.06666666666666667
surrogate, 60, 29.0, 0.06666666666666667
surrogate, 60, 29.0, 0.06666666666666667
surrogate, 60, 29.0, 0.06666666666666667
surrogate, 60, 29.0, 0.06666666666666667
surrogate, 60, 29.0, 0.06666666666666667
surrogate, 60, 29.0, 0.06666666666666667
surrogate, 60, 29.0, 0.06666666666666667
surrogate, 60, 29.0, 0.06666666666666667
surrogate, 60, 29.0, 0.06666666666666667
surrogate, 60, 29.0, 0.06666666666666667
surrogate, 60, 29.0, 0.06666666666666667
surrogate, 60, 29.0, 0.06666666666666667
surrogate, 60, 29.0, 0.06666666666666667
surrogate, 60, 29.0, 0.06666666666666667
surrogate, 60, 29.0, 0.06666666666666667
surrogate, 60, 28.0, 0.05
surrogate, 60, 28.0, 0.05
surrogate, 60, 28.0, 0.05
surrogate, 60, 28.0, 0.05
surrogate, 60, 28.0, 0.05
surrogate, 60, 28.0, 0.05
surrogate, 60, 28.0, 0.05
surrogate, 60, 28.0, 0.05
surrogate, 60, 28.0, 0.05
surrogate, 60, 28.0, 0.05
surrogate, 60, 28.0, 0.05
surrogate, 60, 28.0, 0.05
surrogate, 60, 28.0, 0.05
surrogate, 60, 28.0, 0.05
surrogate, 60, 28.0, 0.05
surrogate, 60, 28.0, 0.05
surrogate, 60, 28.0, 0.05
surrogate, 60, 28.0, 0.05
surrogate, 60, 27.0, 0.03333333333333333
surrogate, 60, 27.0, 0.03333333333333333
surrogate, 60, 27.0, 0.03333333333333333
surrogate, 60, 27.0, 0.03333333333333333
surrogate, 60, 27.0, 0.03333333333333333
surrogate, 60, 27.0, 0.03333333333333333
surrogate, 60, 27.0, 0.03333333333333333
surrogate, 60, 27.0, 0.03333333333333333
surrogate, 60, 27.0, 0.03333333333333333
surrogate, 60, 27.0, 0.03333333333333333
surrogate, 60, 27.0, 0.03333333333333333
surrogate, 60, 27.0, 0.03333333333333333
surrogate, 60, 27.0, 0.03333333333333333
surrogate, 60, 27.0, 0.03333333333333333
surrogate, 60, 26.0, 0.016666666666666666
surrogate, 60, 26.0, 0.016666666666666666
surrogate, 60, 26.0, 0.016666666666666666
surrogate, 60, 26.0, 0.016666666666666666
surrogate, 60, 26.0, 0.016666666666666666
surrogate, 60, 26.0, 0.016666666666666666
surrogate, 60, 26.0, 0.016666666666666666
surrogate, 60, 26.0, 0.016666666666666666
surrogate, 60, 26.0, 0.016666666666666666
surrogate, 60, 26.0, 0.016666666666666666
surrogate, 60, 26.0, 0.016666666666666666
surrogate, 60, 26.0, 0.016666666666666666
surrogate, 60, 26.0, 0.016666666666666666
surrogate, 60, 26.0, 0.016666666666666666
surrogate, 60, 26.0, 0.016666666666666666
surrogate, 60, 26.0, 0.016666666666666666
surrogate, 60, 26.0, 0.016666666666666666
surrogate, 60, 26.0, 0.016666666666666666
surrogate, 60, 26.0, 0.016666666666666666
surrogate, 60, 26.0, 0.016666666666666666
surrogate, 60, 26.0, 0.016666666666666666
surrogate, 60, 26.0, 0.016666666666666666
surrogate, 60, 26.0, 0.016666666666666666
surrogate, 60, 26.0, 0.016666666666666666
surrogate, 60, 26.0, 0.016666666666666666
surrogate, 60, 26.0, 0.016666666666666666
surrogate, 60, 26.0, 0.016666666666666666
surrogate, 60, 26.0, 0.016666666666666666
surrogate, 60, 26.0, 0.016666666666666666
surrogate, 60, 26.0, 0.016666666666666666
surrogate, 60, 26.0, 0.016666666666666666
surrogate, 60, 26.0, 0.016666666666666666
surrogate, 60, 26.0, 0.016666666666666666
surrogate, 60, 26.0, 0.016666666666666666
surrogate, 60, 26.0, 0.016666666666666666
surrogate, 60, 26.0, 0.016666666666666666
surrogate, 60, 26.0, 0.016666666666666666
surrogate, 60, 26.0, 0.016666666666666666
surrogate, 60, 26.0, 0.016666666666666666
surrogate, 60, 26.0, 0.016666666666666666
surrogate, 60, 26.0, 0.016666666666666666
surrogate, 60, 26.0, 0.016666666666666666
surrogate, 60, 26.0, 0.016666666666666666
surrogate, 60, 26.0, 0.016666666666666666
surrogate, 60, 26.0, 0.016666666666666666
surrogate, 60, 26.0, 0.016666666666666666
surrogate, 60, 26.0, 0.016666666666666666
surrogate, 60, 26.0, 0.016666666666666666
surrogate, 60, 26.0, 0.016666666666666666
surrogate, 60, 26.0, 0.016666666666666666
surrogate, 60, 26.0, 0.016666666666666666
surrogate, 60, 26.0, 0.016666666666666666
surrogate, 60, 26.0, 0.016666666666666666
surrogate, 60, 26.0, 0.016666666666666666
surrogate, 60, 26.0, 0.016666666666666666
surrogate, 60, 26.0, 0.016666666666666666
surrogate, 60, 26.0, 0.016666666666666666
surrogate, 60, 26.0, 0.016666666666666666
surrogate, 60, 26.0, 0.016666666666666666
surrogate, 60, 26.0, 0.016666666666666666
surrogate, 60, 26.0, 0.016666666666666666
surrogate, 61, 104.0, 0.8333333333333334
surrogate, 61, 104.0, 0.8333333333333334
surrogate, 61, 104.0, 0.8333333333333334
surrogate, 61, 72.0, 0.8
surrogate, 61, 60.0, 0.7666666666666667
surrogate, 61, 60.0, 0.7666666666666667
surrogate, 61, 60.0, 0.7666666666666667
surrogate, 61, 60.0, 0.7666666666666667
surrogate, 61, 60.0, 0.7666666666666667
surrogate, 61, 60.0, 0.7666666666666667
surrogate, 61, 60.0, 0.7666666666666667
surrogate, 61, 60.0, 0.7666666666666667
surrogate, 61, 60.0, 0.7666666666666667
surrogate, 61, 56.0, 0.75
surrogate, 61, 48.0, 0.7166666666666667
surrogate, 61, 48.0, 0.7166666666666667
surrogate, 61, 48.0, 0.7166666666666667
surrogate, 61, 43.0, 0.6833333333333333
surrogate, 61, 43.0, 0.6833333333333333
surrogate, 61, 43.0, 0.6833333333333333
surrogate, 61, 43.0, 0.6833333333333333
surrogate, 61, 43.0, 0.6833333333333333
surrogate, 61, 41.0, 0.65
surrogate, 61, 41.0, 0.65
surrogate, 61, 41.0, 0.65
surrogate, 61, 41.0, 0.65
surrogate, 61, 41.0, 0.65
surrogate, 61, 41.0, 0.65
surrogate, 61, 41.0, 0.65
surrogate, 61, 41.0, 0.65
surrogate, 61, 41.0, 0.65
surrogate, 61, 41.0, 0.65
surrogate, 61, 41.0, 0.65
surrogate, 61, 41.0, 0.65
surrogate, 61, 41.0, 0.65
surrogate, 61, 41.0, 0.65
surrogate, 61, 41.0, 0.65
surrogate, 61, 41.0, 0.65
surrogate, 61, 41.0, 0.65
surrogate, 61, 41.0, 0.65
surrogate, 61, 41.0, 0.65
surrogate, 61, 41.0, 0.65
surrogate, 61, 41.0, 0.65
surrogate, 61, 41.0, 0.65
surrogate, 61, 41.0, 0.65
surrogate, 61, 41.0, 0.65
surrogate, 61, 36.0, 0.55
surrogate, 61, 36.0, 0.55
surrogate, 61, 36.0, 0.55
surrogate, 61, 36.0, 0.55
surrogate, 61, 36.0, 0.55
surrogate, 61, 36.0, 0.55
surrogate, 61, 36.0, 0.55
surrogate, 61, 36.0, 0.55
surrogate, 61, 36.0, 0.55
surrogate, 61, 36.0, 0.55
surrogate, 61, 36.0, 0.55
surrogate, 61, 36.0, 0.55
surrogate, 61, 36.0, 0.55
surrogate, 61, 36.0, 0.55
surrogate, 61, 36.0, 0.55
surrogate, 61, 36.0, 0.55
surrogate, 61, 36.0, 0.55
surrogate, 61, 36.0, 0.55
surrogate, 61, 36.0, 0.55
surrogate, 61, 36.0, 0.55
surrogate, 61, 36.0, 0.55
surrogate, 61, 33.0, 0.5
surrogate, 61, 33.0, 0.5
surrogate, 61, 33.0, 0.5
surrogate, 61, 33.0, 0.5
surrogate, 61, 33.0, 0.5
surrogate, 61, 33.0, 0.5
surrogate, 61, 33.0, 0.5
surrogate, 61, 33.0, 0.5
surrogate, 61, 33.0, 0.5
surrogate, 61, 33.0, 0.5
surrogate, 61, 33.0, 0.5
surrogate, 61, 33.0, 0.5
surrogate, 61, 33.0, 0.5
surrogate, 61, 33.0, 0.5
surrogate, 61, 33.0, 0.5
surrogate, 61, 33.0, 0.5
surrogate, 61, 33.0, 0.5
surrogate, 61, 33.0, 0.5
surrogate, 61, 33.0, 0.5
surrogate, 61, 32.0, 0.36666666666666664
surrogate, 61, 32.0, 0.36666666666666664
surrogate, 61, 32.0, 0.36666666666666664
surrogate, 61, 32.0, 0.36666666666666664
surrogate, 61, 32.0, 0.36666666666666664
surrogate, 61, 32.0, 0.36666666666666664
surrogate, 61, 32.0, 0.36666666666666664
surrogate, 61, 32.0, 0.36666666666666664
surrogate, 61, 32.0, 0.36666666666666664
surrogate, 61, 32.0, 0.36666666666666664
surrogate, 61, 32.0, 0.36666666666666664
surrogate, 61, 32.0, 0.36666666666666664
surrogate, 61, 32.0, 0.36666666666666664
surrogate, 61, 32.0, 0.36666666666666664
surrogate, 61, 32.0, 0.36666666666666664
surrogate, 61, 32.0, 0.36666666666666664
surrogate, 61, 32.0, 0.36666666666666664
surrogate, 61, 32.0, 0.36666666666666664
surrogate, 61, 32.0, 0.36666666666666664
surrogate, 61, 32.0, 0.36666666666666664
surrogate, 61, 32.0, 0.36666666666666664
surrogate, 61, 32.0, 0.36666666666666664
surrogate, 61, 32.0, 0.36666666666666664
surrogate, 61, 32.0, 0.36666666666666664
surrogate, 61, 32.0, 0.36666666666666664
surrogate, 61, 32.0, 0.36666666666666664
surrogate, 61, 32.0, 0.36666666666666664
surrogate, 61, 32.0, 0.36666666666666664
surrogate, 61, 32.0, 0.36666666666666664
surrogate, 61, 32.0, 0.36666666666666664
surrogate, 61, 32.0, 0.36666666666666664
surrogate, 61, 32.0, 0.36666666666666664
surrogate, 61, 32.0, 0.36666666666666664
surrogate, 61, 32.0, 0.36666666666666664
surrogate, 61, 32.0, 0.36666666666666664
surrogate, 61, 32.0, 0.36666666666666664
surrogate, 61, 32.0, 0.36666666666666664
surrogate, 61, 32.0, 0.36666666666666664
surrogate, 61, 32.0, 0.36666666666666664
surrogate, 61, 32.0, 0.36666666666666664
surrogate, 61, 32.0, 0.36666666666666664
surrogate, 61, 32.0, 0.36666666666666664
surrogate, 61, 32.0, 0.36666666666666664
surrogate, 61, 32.0, 0.36666666666666664
surrogate, 61, 32.0, 0.36666666666666664
surrogate, 61, 32.0, 0.36666666666666664
surrogate, 61, 32.0, 0.36666666666666664
surrogate, 61, 32.0, 0.36666666666666664
surrogate, 61, 32.0, 0.36666666666666664
surrogate, 61, 32.0, 0.36666666666666664
surrogate, 61, 30.0, 0.26666666666666666
surrogate, 61, 30.0, 0.26666666666666666
surrogate, 61, 30.0, 0.26666666666666666
surrogate, 61, 30.0, 0.26666666666666666
surrogate, 61, 30.0, 0.26666666666666666
surrogate, 61, 30.0, 0.26666666666666666
surrogate, 61, 30.0, 0.26666666666666666
surrogate, 61, 30.0, 0.26666666666666666
surrogate, 61, 30.0, 0.26666666666666666
surrogate, 61, 30.0, 0.26666666666666666
surrogate, 61, 30.0, 0.26666666666666666
surrogate, 61, 30.0, 0.26666666666666666
surrogate, 61, 30.0, 0.26666666666666666
surrogate, 61, 30.0, 0.26666666666666666
surrogate, 61, 30.0, 0.26666666666666666
surrogate, 61, 30.0, 0.26666666666666666
surrogate, 61, 30.0, 0.26666666666666666
surrogate, 61, 30.0, 0.26666666666666666
surrogate, 61, 30.0, 0.26666666666666666
surrogate, 61, 30.0, 0.26666666666666666
surrogate, 61, 30.0, 0.26666666666666666
surrogate, 61, 30.0, 0.26666666666666666
surrogate, 61, 30.0, 0.26666666666666666
surrogate, 61, 30.0, 0.26666666666666666
surrogate, 61, 30.0, 0.26666666666666666
surrogate, 61, 30.0, 0.26666666666666666
surrogate, 61, 30.0, 0.26666666666666666
surrogate, 61, 29.0, 0.06666666666666667
surrogate, 61, 29.0, 0.06666666666666667
surrogate, 61, 29.0, 0.06666666666666667
surrogate, 61, 29.0, 0.06666666666666667
surrogate, 61, 29.0, 0.06666666666666667
surrogate, 61, 29.0, 0.06666666666666667
surrogate, 61, 29.0, 0.06666666666666667
surrogate, 61, 29.0, 0.06666666666666667
surrogate, 61, 29.0, 0.06666666666666667
surrogate, 61, 29.0, 0.06666666666666667
surrogate, 61, 29.0, 0.06666666666666667
surrogate, 61, 29.0, 0.06666666666666667
surrogate, 61, 29.0, 0.06666666666666667
surrogate, 61, 29.0, 0.06666666666666667
surrogate, 61, 29.0, 0.06666666666666667
surrogate, 61, 29.0, 0.06666666666666667
surrogate, 61, 29.0, 0.06666666666666667
surrogate, 61, 29.0, 0.06666666666666667
surrogate, 61, 29.0, 0.06666666666666667
surrogate, 61, 29.0, 0.06666666666666667
surrogate, 61, 29.0, 0.06666666666666667
surrogate, 61, 29.0, 0.06666666666666667
surrogate, 61, 29.0, 0.06666666666666667
surrogate, 61, 29.0, 0.06666666666666667
surrogate, 61, 29.0, 0.06666666666666667
surrogate, 61, 29.0, 0.06666666666666667
surrogate, 61, 29.0, 0.06666666666666667
surrogate, 61, 29.0, 0.06666666666666667
surrogate, 61, 29.0, 0.06666666666666667
surrogate, 61, 29.0, 0.06666666666666667
surrogate, 61, 29.0, 0.06666666666666667
surrogate, 61, 29.0, 0.06666666666666667
surrogate, 61, 29.0, 0.06666666666666667
surrogate, 61, 29.0, 0.06666666666666667
surrogate, 61, 29.0, 0.06666666666666667
surrogate, 61, 29.0, 0.06666666666666667
surrogate, 61, 29.0, 0.06666666666666667
surrogate, 61, 29.0, 0.06666666666666667
surrogate, 61, 29.0, 0.06666666666666667
surrogate, 61, 29.0, 0.06666666666666667
surrogate, 61, 29.0, 0.06666666666666667
surrogate, 61, 29.0, 0.06666666666666667
surrogate, 61, 29.0, 0.06666666666666667
surrogate, 61, 29.0, 0.06666666666666667
surrogate, 61, 29.0, 0.06666666666666667
surrogate, 61, 29.0, 0.06666666666666667
surrogate, 61, 29.0, 0.06666666666666667
surrogate, 61, 28.0, 0.05
surrogate, 61, 28.0, 0.05
surrogate, 61, 28.0, 0.05
surrogate, 61, 28.0, 0.05
surrogate, 61, 28.0, 0.05
surrogate, 61, 28.0, 0.05
surrogate, 61, 28.0, 0.05
surrogate, 61, 28.0, 0.05
surrogate, 61, 28.0, 0.05
surrogate, 61, 28.0, 0.05
surrogate, 61, 28.0, 0.05
surrogate, 61, 28.0, 0.05
surrogate, 61, 28.0, 0.05
surrogate, 61, 28.0, 0.05
surrogate, 61, 28.0, 0.05
surrogate, 61, 28.0, 0.05
surrogate, 61, 28.0, 0.05
surrogate, 61, 28.0, 0.05
surrogate, 61, 27.0, 0.03333333333333333
surrogate, 61, 27.0, 0.03333333333333333
surrogate, 61, 27.0, 0.03333333333333333
surrogate, 61, 27.0, 0.03333333333333333
surrogate, 61, 27.0, 0.03333333333333333
surrogate, 61, 27.0, 0.03333333333333333
surrogate, 61, 27.0, 0.03333333333333333
surrogate, 61, 27.0, 0.03333333333333333
surrogate, 61, 27.0, 0.03333333333333333
surrogate, 61, 27.0, 0.03333333333333333
surrogate, 61, 27.0, 0.03333333333333333
surrogate, 61, 27.0, 0.03333333333333333
surrogate, 61, 27.0, 0.03333333333333333
surrogate, 61, 27.0, 0.03333333333333333
surrogate, 61, 26.0, 0.016666666666666666
surrogate, 61, 26.0, 0.016666666666666666
surrogate, 61, 26.0, 0.016666666666666666
surrogate, 61, 26.0, 0.016666666666666666
surrogate, 61, 26.0, 0.016666666666666666
surrogate, 61, 26.0, 0.016666666666666666
surrogate, 61, 26.0, 0.016666666666666666
surrogate, 61, 26.0, 0.016666666666666666
surrogate, 61, 26.0, 0.016666666666666666
surrogate, 61, 26.0, 0.016666666666666666
surrogate, 61, 26.0, 0.016666666666666666
surrogate, 61, 26.0, 0.016666666666666666
surrogate, 61, 26.0, 0.016666666666666666
surrogate, 61, 26.0, 0.016666666666666666
surrogate, 61, 26.0, 0.016666666666666666
surrogate, 61, 26.0, 0.016666666666666666
surrogate, 61, 26.0, 0.016666666666666666
surrogate, 61, 26.0, 0.016666666666666666
surrogate, 61, 26.0, 0.016666666666666666
surrogate, 61, 26.0, 0.016666666666666666
surrogate, 61, 26.0, 0.016666666666666666
surrogate, 61, 26.0, 0.016666666666666666
surrogate, 61, 26.0, 0.016666666666666666
surrogate, 61, 26.0, 0.016666666666666666
surrogate, 61, 26.0, 0.016666666666666666
surrogate, 61, 26.0, 0.016666666666666666
surrogate, 61, 26.0, 0.016666666666666666
surrogate, 61, 26.0, 0.016666666666666666
surrogate, 61, 26.0, 0.016666666666666666
surrogate, 61, 26.0, 0.016666666666666666
surrogate, 61, 26.0, 0.016666666666666666
surrogate, 61, 26.0, 0.016666666666666666
surrogate, 61, 26.0, 0.016666666666666666
surrogate, 61, 26.0, 0.016666666666666666
surrogate, 61, 26.0, 0.016666666666666666
surrogate, 61, 26.0, 0.016666666666666666
surrogate, 61, 26.0, 0.016666666666666666
surrogate, 61, 26.0, 0.016666666666666666
surrogate, 61, 26.0, 0.016666666666666666
surrogate, 61, 26.0, 0.016666666666666666
surrogate, 61, 26.0, 0.016666666666666666
surrogate, 61, 26.0, 0.016666666666666666
surrogate, 61, 26.0, 0.016666666666666666
surrogate, 61, 26.0, 0.016666666666666666
surrogate, 61, 26.0, 0.016666666666666666
surrogate, 61, 26.0, 0.016666666666666666
surrogate, 61, 26.0, 0.016666666666666666
surrogate, 61, 26.0, 0.016666666666666666
surrogate, 61, 26.0, 0.016666666666666666
surrogate, 61, 26.0, 0.016666666666666666
surrogate, 61, 26.0, 0.016666666666666666
surrogate, 61, 26.0, 0.016666666666666666
surrogate, 61, 26.0, 0.016666666666666666
surrogate, 61, 26.0, 0.016666666666666666
surrogate, 61, 26.0, 0.016666666666666666
surrogate, 61, 26.0, 0.016666666666666666
surrogate, 61, 26.0, 0.016666666666666666
surrogate, 61, 26.0, 0.016666666666666666
surrogate, 61, 26.0, 0.016666666666666666
surrogate, 61, 26.0, 0.016666666666666666
surrogate, 61, 26.0, 0.016666666666666666
surrogate, 62, 93.0, 0.8333333333333334
surrogate, 62, 71.0, 0.8
surrogate, 62, 60.0, 0.7666666666666667
surrogate, 62, 60.0, 0.7666666666666667
surrogate, 62, 60.0, 0.7666666666666667
surrogate, 62, 60.0, 0.7666666666666667
surrogate, 62, 60.0, 0.7666666666666667
surrogate, 62, 60.0, 0.7666666666666667
surrogate, 62, 60.0, 0.7666666666666667
surrogate, 62, 60.0, 0.7666666666666667
surrogate, 62, 60.0, 0.7666666666666667
surrogate, 62, 56.0, 0.75
surrogate, 62, 48.0, 0.7166666666666667
surrogate, 62, 48.0, 0.7166666666666667
surrogate, 62, 48.0, 0.7166666666666667
surrogate, 62, 43.0, 0.6833333333333333
surrogate, 62, 43.0, 0.6833333333333333
surrogate, 62, 43.0, 0.6833333333333333
surrogate, 62, 43.0, 0.6833333333333333
surrogate, 62, 43.0, 0.6833333333333333
surrogate, 62, 41.0, 0.65
surrogate, 62, 41.0, 0.65
surrogate, 62, 41.0, 0.65
surrogate, 62, 41.0, 0.65
surrogate, 62, 41.0, 0.65
surrogate, 62, 41.0, 0.65
surrogate, 62, 41.0, 0.65
surrogate, 62, 41.0, 0.65
surrogate, 62, 41.0, 0.65
surrogate, 62, 41.0, 0.65
surrogate, 62, 41.0, 0.65
surrogate, 62, 41.0, 0.65
surrogate, 62, 41.0, 0.65
surrogate, 62, 41.0, 0.65
surrogate, 62, 41.0, 0.65
surrogate, 62, 41.0, 0.65
surrogate, 62, 41.0, 0.65
surrogate, 62, 41.0, 0.65
surrogate, 62, 41.0, 0.65
surrogate, 62, 41.0, 0.65
surrogate, 62, 41.0, 0.65
surrogate, 62, 41.0, 0.65
surrogate, 62, 41.0, 0.65
surrogate, 62, 41.0, 0.65
surrogate, 62, 36.0, 0.55
surrogate, 62, 36.0, 0.55
surrogate, 62, 36.0, 0.55
surrogate, 62, 36.0, 0.55
surrogate, 62, 36.0, 0.55
surrogate, 62, 36.0, 0.55
surrogate, 62, 36.0, 0.55
surrogate, 62, 36.0, 0.55
surrogate, 62, 36.0, 0.55
surrogate, 62, 36.0, 0.55
surrogate, 62, 36.0, 0.55
surrogate, 62, 36.0, 0.55
surrogate, 62, 36.0, 0.55
surrogate, 62, 36.0, 0.55
surrogate, 62, 36.0, 0.55
surrogate, 62, 36.0, 0.55
surrogate, 62, 36.0, 0.55
surrogate, 62, 36.0, 0.55
surrogate, 62, 36.0, 0.55
surrogate, 62, 36.0, 0.55
surrogate, 62, 36.0, 0.55
surrogate, 62, 33.0, 0.5
surrogate, 62, 33.0, 0.5
surrogate, 62, 33.0, 0.5
surrogate, 62, 33.0, 0.5
surrogate, 62, 33.0, 0.5
surrogate, 62, 33.0, 0.5
surrogate, 62, 33.0, 0.5
surrogate, 62, 33.0, 0.5
surrogate, 62, 33.0, 0.5
surrogate, 62, 33.0, 0.5
surrogate, 62, 33.0, 0.5
surrogate, 62, 33.0, 0.5
surrogate, 62, 33.0, 0.5
surrogate, 62, 33.0, 0.5
surrogate, 62, 33.0, 0.5
surrogate, 62, 33.0, 0.5
surrogate, 62, 33.0, 0.5
surrogate, 62, 33.0, 0.5
surrogate, 62, 33.0, 0.5
surrogate, 62, 33.0, 0.5
surrogate, 62, 32.0, 0.36666666666666664
surrogate, 62, 32.0, 0.36666666666666664
surrogate, 62, 32.0, 0.36666666666666664
surrogate, 62, 32.0, 0.36666666666666664
surrogate, 62, 32.0, 0.36666666666666664
surrogate, 62, 32.0, 0.36666666666666664
surrogate, 62, 32.0, 0.36666666666666664
surrogate, 62, 32.0, 0.36666666666666664
surrogate, 62, 32.0, 0.36666666666666664
surrogate, 62, 32.0, 0.36666666666666664
surrogate, 62, 32.0, 0.36666666666666664
surrogate, 62, 32.0, 0.36666666666666664
surrogate, 62, 32.0, 0.36666666666666664
surrogate, 62, 32.0, 0.36666666666666664
surrogate, 62, 32.0, 0.36666666666666664
surrogate, 62, 32.0, 0.36666666666666664
surrogate, 62, 32.0, 0.36666666666666664
surrogate, 62, 32.0, 0.36666666666666664
surrogate, 62, 32.0, 0.36666666666666664
surrogate, 62, 32.0, 0.36666666666666664
surrogate, 62, 32.0, 0.36666666666666664
surrogate, 62, 32.0, 0.36666666666666664
surrogate, 62, 32.0, 0.36666666666666664
surrogate, 62, 32.0, 0.36666666666666664
surrogate, 62, 32.0, 0.36666666666666664
surrogate, 62, 32.0, 0.36666666666666664
surrogate, 62, 32.0, 0.36666666666666664
surrogate, 62, 32.0, 0.36666666666666664
surrogate, 62, 32.0, 0.36666666666666664
surrogate, 62, 32.0, 0.36666666666666664
surrogate, 62, 32.0, 0.36666666666666664
surrogate, 62, 32.0, 0.36666666666666664
surrogate, 62, 32.0, 0.36666666666666664
surrogate, 62, 32.0, 0.36666666666666664
surrogate, 62, 32.0, 0.36666666666666664
surrogate, 62, 32.0, 0.36666666666666664
surrogate, 62, 32.0, 0.36666666666666664
surrogate, 62, 32.0, 0.36666666666666664
surrogate, 62, 32.0, 0.36666666666666664
surrogate, 62, 32.0, 0.36666666666666664
surrogate, 62, 32.0, 0.36666666666666664
surrogate, 62, 32.0, 0.36666666666666664
surrogate, 62, 32.0, 0.36666666666666664
surrogate, 62, 32.0, 0.36666666666666664
surrogate, 62, 32.0, 0.36666666666666664
surrogate, 62, 32.0, 0.36666666666666664
surrogate, 62, 32.0, 0.36666666666666664
surrogate, 62, 32.0, 0.36666666666666664
surrogate, 62, 32.0, 0.36666666666666664
surrogate, 62, 32.0, 0.36666666666666664
surrogate, 62, 30.0, 0.26666666666666666
surrogate, 62, 30.0, 0.26666666666666666
surrogate, 62, 30.0, 0.26666666666666666
surrogate, 62, 30.0, 0.26666666666666666
surrogate, 62, 30.0, 0.26666666666666666
surrogate, 62, 30.0, 0.26666666666666666
surrogate, 62, 30.0, 0.26666666666666666
surrogate, 62, 30.0, 0.26666666666666666
surrogate, 62, 30.0, 0.26666666666666666
surrogate, 62, 30.0, 0.26666666666666666
surrogate, 62, 30.0, 0.26666666666666666
surrogate, 62, 30.0, 0.26666666666666666
surrogate, 62, 30.0, 0.26666666666666666
surrogate, 62, 30.0, 0.26666666666666666
surrogate, 62, 30.0, 0.26666666666666666
surrogate, 62, 30.0, 0.26666666666666666
surrogate, 62, 30.0, 0.26666666666666666
surrogate, 62, 30.0, 0.26666666666666666
surrogate, 62, 30.0, 0.26666666666666666
surrogate, 62, 30.0, 0.26666666666666666
surrogate, 62, 30.0, 0.26666666666666666
surrogate, 62, 30.0, 0.26666666666666666
surrogate, 62, 30.0, 0.26666666666666666
surrogate, 62, 30.0, 0.26666666666666666
surrogate, 62, 30.0, 0.26666666666666666
surrogate, 62, 30.0, 0.26666666666666666
surrogate, 62, 30.0, 0.26666666666666666
surrogate, 62, 29.0, 0.06666666666666667
surrogate, 62, 29.0, 0.06666666666666667
surrogate, 62, 29.0, 0.06666666666666667
surrogate, 62, 29.0, 0.06666666666666667
surrogate, 62, 29.0, 0.06666666666666667
surrogate, 62, 29.0, 0.06666666666666667
surrogate, 62, 29.0, 0.06666666666666667
surrogate, 62, 29.0, 0.06666666666666667
surrogate, 62, 29.0, 0.06666666666666667
surrogate, 62, 29.0, 0.06666666666666667
surrogate, 62, 29.0, 0.06666666666666667
surrogate, 62, 29.0, 0.06666666666666667
surrogate, 62, 29.0, 0.06666666666666667
surrogate, 62, 29.0, 0.06666666666666667
surrogate, 62, 29.0, 0.06666666666666667
surrogate, 62, 29.0, 0.06666666666666667
surrogate, 62, 29.0, 0.06666666666666667
surrogate, 62, 29.0, 0.06666666666666667
surrogate, 62, 29.0, 0.06666666666666667
surrogate, 62, 29.0, 0.06666666666666667
surrogate, 62, 29.0, 0.06666666666666667
surrogate, 62, 29.0, 0.06666666666666667
surrogate, 62, 29.0, 0.06666666666666667
surrogate, 62, 29.0, 0.06666666666666667
surrogate, 62, 29.0, 0.06666666666666667
surrogate, 62, 29.0, 0.06666666666666667
surrogate, 62, 29.0, 0.06666666666666667
surrogate, 62, 29.0, 0.06666666666666667
surrogate, 62, 29.0, 0.06666666666666667
surrogate, 62, 29.0, 0.06666666666666667
surrogate, 62, 29.0, 0.06666666666666667
surrogate, 62, 29.0, 0.06666666666666667
surrogate, 62, 29.0, 0.06666666666666667
surrogate, 62, 29.0, 0.06666666666666667
surrogate, 62, 29.0, 0.06666666666666667
surrogate, 62, 29.0, 0.06666666666666667
surrogate, 62, 29.0, 0.06666666666666667
surrogate, 62, 29.0, 0.06666666666666667
surrogate, 62, 29.0, 0.06666666666666667
surrogate, 62, 29.0, 0.06666666666666667
surrogate, 62, 29.0, 0.06666666666666667
surrogate, 62, 29.0, 0.06666666666666667
surrogate, 62, 29.0, 0.06666666666666667
surrogate, 62, 29.0, 0.06666666666666667
surrogate, 62, 29.0, 0.06666666666666667
surrogate, 62, 29.0, 0.06666666666666667
surrogate, 62, 29.0, 0.06666666666666667
surrogate, 62, 29.0, 0.06666666666666667
surrogate, 62, 28.0, 0.05
surrogate, 62, 28.0, 0.05
surrogate, 62, 28.0, 0.05
surrogate, 62, 28.0, 0.05
surrogate, 62, 28.0, 0.05
surrogate, 62, 28.0, 0.05
surrogate, 62, 28.0, 0.05
surrogate, 62, 28.0, 0.05
surrogate, 62, 28.0, 0.05
surrogate, 62, 28.0, 0.05
surrogate, 62, 28.0, 0.05
surrogate, 62, 28.0, 0.05
surrogate, 62, 28.0, 0.05
surrogate, 62, 28.0, 0.05
surrogate, 62, 28.0, 0.05
surrogate, 62, 28.0, 0.05
surrogate, 62, 28.0, 0.05
surrogate, 62, 28.0, 0.05
surrogate, 62, 27.0, 0.03333333333333333
surrogate, 62, 27.0, 0.03333333333333333
surrogate, 62, 27.0, 0.03333333333333333
surrogate, 62, 27.0, 0.03333333333333333
surrogate, 62, 27.0, 0.03333333333333333
surrogate, 62, 27.0, 0.03333333333333333
surrogate, 62, 27.0, 0.03333333333333333
surrogate, 62, 27.0, 0.03333333333333333
surrogate, 62, 27.0, 0.03333333333333333
surrogate, 62, 27.0, 0.03333333333333333
surrogate, 62, 27.0, 0.03333333333333333
surrogate, 62, 27.0, 0.03333333333333333
surrogate, 62, 27.0, 0.03333333333333333
surrogate, 62, 27.0, 0.03333333333333333
surrogate, 62, 26.0, 0.016666666666666666
surrogate, 62, 26.0, 0.016666666666666666
surrogate, 62, 26.0, 0.016666666666666666
surrogate, 62, 26.0, 0.016666666666666666
surrogate, 62, 26.0, 0.016666666666666666
surrogate, 62, 26.0, 0.016666666666666666
surrogate, 62, 26.0, 0.016666666666666666
surrogate, 62, 26.0, 0.016666666666666666
surrogate, 62, 26.0, 0.016666666666666666
surrogate, 62, 26.0, 0.016666666666666666
surrogate, 62, 26.0, 0.016666666666666666
surrogate, 62, 26.0, 0.016666666666666666
surrogate, 62, 26.0, 0.016666666666666666
surrogate, 62, 26.0, 0.016666666666666666
surrogate, 62, 26.0, 0.016666666666666666
surrogate, 62, 26.0, 0.016666666666666666
surrogate, 62, 26.0, 0.016666666666666666
surrogate, 62, 26.0, 0.016666666666666666
surrogate, 62, 26.0, 0.016666666666666666
surrogate, 62, 26.0, 0.016666666666666666
surrogate, 62, 26.0, 0.016666666666666666
surrogate, 62, 26.0, 0.016666666666666666
surrogate, 62, 26.0, 0.016666666666666666
surrogate, 62, 26.0, 0.016666666666666666
surrogate, 62, 26.0, 0.016666666666666666
surrogate, 62, 26.0, 0.016666666666666666
surrogate, 62, 26.0, 0.016666666666666666
surrogate, 62, 26.0, 0.016666666666666666
surrogate, 62, 26.0, 0.016666666666666666
surrogate, 62, 26.0, 0.016666666666666666
surrogate, 62, 26.0, 0.016666666666666666
surrogate, 62, 26.0, 0.016666666666666666
surrogate, 62, 26.0, 0.016666666666666666
surrogate, 62, 26.0, 0.016666666666666666
surrogate, 62, 26.0, 0.016666666666666666
surrogate, 62, 26.0, 0.016666666666666666
surrogate, 62, 26.0, 0.016666666666666666
surrogate, 62, 26.0, 0.016666666666666666
surrogate, 62, 26.0, 0.016666666666666666
surrogate, 62, 26.0, 0.016666666666666666
surrogate, 62, 26.0, 0.016666666666666666
surrogate, 62, 26.0, 0.016666666666666666
surrogate, 62, 26.0, 0.016666666666666666
surrogate, 62, 26.0, 0.016666666666666666
surrogate, 62, 26.0, 0.016666666666666666
surrogate, 62, 26.0, 0.016666666666666666
surrogate, 62, 26.0, 0.016666666666666666
surrogate, 62, 26.0, 0.016666666666666666
surrogate, 62, 26.0, 0.016666666666666666
surrogate, 62, 26.0, 0.016666666666666666
surrogate, 62, 26.0, 0.016666666666666666
surrogate, 62, 26.0, 0.016666666666666666
surrogate, 62, 26.0, 0.016666666666666666
surrogate, 62, 26.0, 0.016666666666666666
surrogate, 62, 26.0, 0.016666666666666666
surrogate, 62, 26.0, 0.016666666666666666
surrogate, 62, 26.0, 0.016666666666666666
surrogate, 62, 26.0, 0.016666666666666666
surrogate, 62, 26.0, 0.016666666666666666
surrogate, 62, 26.0, 0.016666666666666666
surrogate, 62, 26.0, 0.016666666666666666
surrogate, 62, 26.0, 0.016666666666666666
surrogate, 63, 93.0, 0.8333333333333334
surrogate, 63, 71.0, 0.8
surrogate, 63, 60.0, 0.7666666666666667
surrogate, 63, 60.0, 0.7666666666666667
surrogate, 63, 60.0, 0.7666666666666667
surrogate, 63, 60.0, 0.7666666666666667
surrogate, 63, 60.0, 0.7666666666666667
surrogate, 63, 60.0, 0.7666666666666667
surrogate, 63, 60.0, 0.7666666666666667
surrogate, 63, 60.0, 0.7666666666666667
surrogate, 63, 60.0, 0.7666666666666667
surrogate, 63, 60.0, 0.7666666666666667
surrogate, 63, 56.0, 0.75
surrogate, 63, 48.0, 0.7166666666666667
surrogate, 63, 48.0, 0.7166666666666667
surrogate, 63, 48.0, 0.7166666666666667
surrogate, 63, 48.0, 0.7166666666666667
surrogate, 63, 43.0, 0.6833333333333333
surrogate, 63, 43.0, 0.6833333333333333
surrogate, 63, 43.0, 0.6833333333333333
surrogate, 63, 43.0, 0.6833333333333333
surrogate, 63, 43.0, 0.6833333333333333
surrogate, 63, 43.0, 0.6833333333333333
surrogate, 63, 41.0, 0.65
surrogate, 63, 41.0, 0.65
surrogate, 63, 41.0, 0.65
surrogate, 63, 41.0, 0.65
surrogate, 63, 41.0, 0.65
surrogate, 63, 41.0, 0.65
surrogate, 63, 41.0, 0.65
surrogate, 63, 41.0, 0.65
surrogate, 63, 41.0, 0.65
surrogate, 63, 41.0, 0.65
surrogate, 63, 41.0, 0.65
surrogate, 63, 41.0, 0.65
surrogate, 63, 41.0, 0.65
surrogate, 63, 41.0, 0.65
surrogate, 63, 41.0, 0.65
surrogate, 63, 41.0, 0.65
surrogate, 63, 41.0, 0.65
surrogate, 63, 41.0, 0.65
surrogate, 63, 41.0, 0.65
surrogate, 63, 41.0, 0.65
surrogate, 63, 41.0, 0.65
surrogate, 63, 41.0, 0.65
surrogate, 63, 41.0, 0.65
surrogate, 63, 41.0, 0.65
surrogate, 63, 36.0, 0.55
surrogate, 63, 36.0, 0.55
surrogate, 63, 36.0, 0.55
surrogate, 63, 36.0, 0.55
surrogate, 63, 36.0, 0.55
surrogate, 63, 36.0, 0.55
surrogate, 63, 36.0, 0.55
surrogate, 63, 36.0, 0.55
surrogate, 63, 36.0, 0.55
surrogate, 63, 36.0, 0.55
surrogate, 63, 36.0, 0.55
surrogate, 63, 36.0, 0.55
surrogate, 63, 36.0, 0.55
surrogate, 63, 36.0, 0.55
surrogate, 63, 36.0, 0.55
surrogate, 63, 36.0, 0.55
surrogate, 63, 36.0, 0.55
surrogate, 63, 36.0, 0.55
surrogate, 63, 36.0, 0.55
surrogate, 63, 36.0, 0.55
surrogate, 63, 36.0, 0.55
surrogate, 63, 33.0, 0.5
surrogate, 63, 33.0, 0.5
surrogate, 63, 33.0, 0.5
surrogate, 63, 33.0, 0.5
surrogate, 63, 33.0, 0.5
surrogate, 63, 33.0, 0.5
surrogate, 63, 33.0, 0.5
surrogate, 63, 33.0, 0.5
surrogate, 63, 33.0, 0.5
surrogate, 63, 33.0, 0.5
surrogate, 63, 33.0, 0.5
surrogate, 63, 33.0, 0.5
surrogate, 63, 33.0, 0.5
surrogate, 63, 33.0, 0.5
surrogate, 63, 33.0, 0.5
surrogate, 63, 33.0, 0.5
surrogate, 63, 33.0, 0.5
surrogate, 63, 33.0, 0.5
surrogate, 63, 33.0, 0.5
surrogate, 63, 33.0, 0.5
surrogate, 63, 32.0, 0.36666666666666664
surrogate, 63, 32.0, 0.36666666666666664
surrogate, 63, 32.0, 0.36666666666666664
surrogate, 63, 32.0, 0.36666666666666664
surrogate, 63, 32.0, 0.36666666666666664
surrogate, 63, 32.0, 0.36666666666666664
surrogate, 63, 32.0, 0.36666666666666664
surrogate, 63, 32.0, 0.36666666666666664
surrogate, 63, 32.0, 0.36666666666666664
surrogate, 63, 32.0, 0.36666666666666664
surrogate, 63, 32.0, 0.36666666666666664
surrogate, 63, 32.0, 0.36666666666666664
surrogate, 63, 32.0, 0.36666666666666664
surrogate, 63, 32.0, 0.36666666666666664
surrogate, 63, 32.0, 0.36666666666666664
surrogate, 63, 32.0, 0.36666666666666664
surrogate, 63, 32.0, 0.36666666666666664
surrogate, 63, 32.0, 0.36666666666666664
surrogate, 63, 32.0, 0.36666666666666664
surrogate, 63, 32.0, 0.36666666666666664
surrogate, 63, 32.0, 0.36666666666666664
surrogate, 63, 32.0, 0.36666666666666664
surrogate, 63, 32.0, 0.36666666666666664
surrogate, 63, 32.0, 0.36666666666666664
surrogate, 63, 32.0, 0.36666666666666664
surrogate, 63, 32.0, 0.36666666666666664
surrogate, 63, 32.0, 0.36666666666666664
surrogate, 63, 32.0, 0.36666666666666664
surrogate, 63, 32.0, 0.36666666666666664
surrogate, 63, 32.0, 0.36666666666666664
surrogate, 63, 32.0, 0.36666666666666664
surrogate, 63, 32.0, 0.36666666666666664
surrogate, 63, 32.0, 0.36666666666666664
surrogate, 63, 32.0, 0.36666666666666664
surrogate, 63, 32.0, 0.36666666666666664
surrogate, 63, 32.0, 0.36666666666666664
surrogate, 63, 32.0, 0.36666666666666664
surrogate, 63, 32.0, 0.36666666666666664
surrogate, 63, 32.0, 0.36666666666666664
surrogate, 63, 32.0, 0.36666666666666664
surrogate, 63, 32.0, 0.36666666666666664
surrogate, 63, 32.0, 0.36666666666666664
surrogate, 63, 32.0, 0.36666666666666664
surrogate, 63, 32.0, 0.36666666666666664
surrogate, 63, 32.0, 0.36666666666666664
surrogate, 63, 32.0, 0.36666666666666664
surrogate, 63, 32.0, 0.36666666666666664
surrogate, 63, 32.0, 0.36666666666666664
surrogate, 63, 32.0, 0.36666666666666664
surrogate, 63, 32.0, 0.36666666666666664
surrogate, 63, 32.0, 0.36666666666666664
surrogate, 63, 30.0, 0.26666666666666666
surrogate, 63, 30.0, 0.26666666666666666
surrogate, 63, 30.0, 0.26666666666666666
surrogate, 63, 30.0, 0.26666666666666666
surrogate, 63, 30.0, 0.26666666666666666
surrogate, 63, 30.0, 0.26666666666666666
surrogate, 63, 30.0, 0.26666666666666666
surrogate, 63, 30.0, 0.26666666666666666
surrogate, 63, 30.0, 0.26666666666666666
surrogate, 63, 30.0, 0.26666666666666666
surrogate, 63, 30.0, 0.26666666666666666
surrogate, 63, 30.0, 0.26666666666666666
surrogate, 63, 30.0, 0.26666666666666666
surrogate, 63, 30.0, 0.26666666666666666
surrogate, 63, 30.0, 0.26666666666666666
surrogate, 63, 30.0, 0.26666666666666666
surrogate, 63, 30.0, 0.26666666666666666
surrogate, 63, 30.0, 0.26666666666666666
surrogate, 63, 30.0, 0.26666666666666666
surrogate, 63, 30.0, 0.26666666666666666
surrogate, 63, 30.0, 0.26666666666666666
surrogate, 63, 30.0, 0.26666666666666666
surrogate, 63, 30.0, 0.26666666666666666
surrogate, 63, 30.0, 0.26666666666666666
surrogate, 63, 30.0, 0.26666666666666666
surrogate, 63, 30.0, 0.26666666666666666
surrogate, 63, 30.0, 0.26666666666666666
surrogate, 63, 30.0, 0.26666666666666666
surrogate, 63, 29.0, 0.06666666666666667
surrogate, 63, 29.0, 0.06666666666666667
surrogate, 63, 29.0, 0.06666666666666667
surrogate, 63, 29.0, 0.06666666666666667
surrogate, 63, 29.0, 0.06666666666666667
surrogate, 63, 29.0, 0.06666666666666667
surrogate, 63, 29.0, 0.06666666666666667
surrogate, 63, 29.0, 0.06666666666666667
surrogate, 63, 29.0, 0.06666666666666667
surrogate, 63, 29.0, 0.06666666666666667
surrogate, 63, 29.0, 0.06666666666666667
surrogate, 63, 29.0, 0.06666666666666667
surrogate, 63, 29.0, 0.06666666666666667
surrogate, 63, 29.0, 0.06666666666666667
surrogate, 63, 29.0, 0.06666666666666667
surrogate, 63, 29.0, 0.06666666666666667
surrogate, 63, 29.0, 0.06666666666666667
surrogate, 63, 29.0, 0.06666666666666667
surrogate, 63, 29.0, 0.06666666666666667
surrogate, 63, 29.0, 0.06666666666666667
surrogate, 63, 29.0, 0.06666666666666667
surrogate, 63, 29.0, 0.06666666666666667
surrogate, 63, 29.0, 0.06666666666666667
surrogate, 63, 29.0, 0.06666666666666667
surrogate, 63, 29.0, 0.06666666666666667
surrogate, 63, 29.0, 0.06666666666666667
surrogate, 63, 29.0, 0.06666666666666667
surrogate, 63, 29.0, 0.06666666666666667
surrogate, 63, 29.0, 0.06666666666666667
surrogate, 63, 29.0, 0.06666666666666667
surrogate, 63, 29.0, 0.06666666666666667
surrogate, 63, 29.0, 0.06666666666666667
surrogate, 63, 29.0, 0.06666666666666667
surrogate, 63, 29.0, 0.06666666666666667
surrogate, 63, 29.0, 0.06666666666666667
surrogate, 63, 29.0, 0.06666666666666667
surrogate, 63, 29.0, 0.06666666666666667
surrogate, 63, 29.0, 0.06666666666666667
surrogate, 63, 29.0, 0.06666666666666667
surrogate, 63, 29.0, 0.06666666666666667
surrogate, 63, 29.0, 0.06666666666666667
surrogate, 63, 29.0, 0.06666666666666667
surrogate, 63, 29.0, 0.06666666666666667
surrogate, 63, 29.0, 0.06666666666666667
surrogate, 63, 29.0, 0.06666666666666667
surrogate, 63, 29.0, 0.06666666666666667
surrogate, 63, 29.0, 0.06666666666666667
surrogate, 63, 29.0, 0.06666666666666667
surrogate, 63, 29.0, 0.06666666666666667
surrogate, 63, 28.0, 0.05
surrogate, 63, 28.0, 0.05
surrogate, 63, 28.0, 0.05
surrogate, 63, 28.0, 0.05
surrogate, 63, 28.0, 0.05
surrogate, 63, 28.0, 0.05
surrogate, 63, 28.0, 0.05
surrogate, 63, 28.0, 0.05
surrogate, 63, 28.0, 0.05
surrogate, 63, 28.0, 0.05
surrogate, 63, 28.0, 0.05
surrogate, 63, 28.0, 0.05
surrogate, 63, 28.0, 0.05
surrogate, 63, 28.0, 0.05
surrogate, 63, 28.0, 0.05
surrogate, 63, 28.0, 0.05
surrogate, 63, 28.0, 0.05
surrogate, 63, 28.0, 0.05
surrogate, 63, 27.0, 0.03333333333333333
surrogate, 63, 27.0, 0.03333333333333333
surrogate, 63, 27.0, 0.03333333333333333
surrogate, 63, 27.0, 0.03333333333333333
surrogate, 63, 27.0, 0.03333333333333333
surrogate, 63, 27.0, 0.03333333333333333
surrogate, 63, 27.0, 0.03333333333333333
surrogate, 63, 27.0, 0.03333333333333333
surrogate, 63, 27.0, 0.03333333333333333
surrogate, 63, 27.0, 0.03333333333333333
surrogate, 63, 27.0, 0.03333333333333333
surrogate, 63, 27.0, 0.03333333333333333
surrogate, 63, 27.0, 0.03333333333333333
surrogate, 63, 27.0, 0.03333333333333333
surrogate, 63, 26.0, 0.016666666666666666
surrogate, 63, 26.0, 0.016666666666666666
surrogate, 63, 26.0, 0.016666666666666666
surrogate, 63, 26.0, 0.016666666666666666
surrogate, 63, 26.0, 0.016666666666666666
surrogate, 63, 26.0, 0.016666666666666666
surrogate, 63, 26.0, 0.016666666666666666
surrogate, 63, 26.0, 0.016666666666666666
surrogate, 63, 26.0, 0.016666666666666666
surrogate, 63, 26.0, 0.016666666666666666
surrogate, 63, 26.0, 0.016666666666666666
surrogate, 63, 26.0, 0.016666666666666666
surrogate, 63, 26.0, 0.016666666666666666
surrogate, 63, 26.0, 0.016666666666666666
surrogate, 63, 26.0, 0.016666666666666666
surrogate, 63, 26.0, 0.016666666666666666
surrogate, 63, 26.0, 0.016666666666666666
surrogate, 63, 26.0, 0.016666666666666666
surrogate, 63, 26.0, 0.016666666666666666
surrogate, 63, 26.0, 0.016666666666666666
surrogate, 63, 26.0, 0.016666666666666666
surrogate, 63, 26.0, 0.016666666666666666
surrogate, 63, 26.0, 0.016666666666666666
surrogate, 63, 26.0, 0.016666666666666666
surrogate, 63, 26.0, 0.016666666666666666
surrogate, 63, 26.0, 0.016666666666666666
surrogate, 63, 26.0, 0.016666666666666666
surrogate, 63, 26.0, 0.016666666666666666
surrogate, 63, 26.0, 0.016666666666666666
surrogate, 63, 26.0, 0.016666666666666666
surrogate, 63, 26.0, 0.016666666666666666
surrogate, 63, 26.0, 0.016666666666666666
surrogate, 63, 26.0, 0.016666666666666666
surrogate, 63, 26.0, 0.016666666666666666
surrogate, 63, 26.0, 0.016666666666666666
surrogate, 63, 26.0, 0.016666666666666666
surrogate, 63, 26.0, 0.016666666666666666
surrogate, 63, 26.0, 0.016666666666666666
surrogate, 63, 26.0, 0.016666666666666666
surrogate, 63, 26.0, 0.016666666666666666
surrogate, 63, 26.0, 0.016666666666666666
surrogate, 63, 26.0, 0.016666666666666666
surrogate, 63, 26.0, 0.016666666666666666
surrogate, 63, 26.0, 0.016666666666666666
surrogate, 63, 26.0, 0.016666666666666666
surrogate, 63, 26.0, 0.016666666666666666
surrogate, 63, 26.0, 0.016666666666666666
surrogate, 63, 26.0, 0.016666666666666666
surrogate, 63, 26.0, 0.016666666666666666
surrogate, 63, 26.0, 0.016666666666666666
surrogate, 63, 26.0, 0.016666666666666666
surrogate, 63, 26.0, 0.016666666666666666
surrogate, 63, 26.0, 0.016666666666666666
surrogate, 63, 26.0, 0.016666666666666666
surrogate, 63, 26.0, 0.016666666666666666
surrogate, 63, 26.0, 0.016666666666666666
surrogate, 63, 26.0, 0.016666666666666666
surrogate, 63, 26.0, 0.016666666666666666
surrogate, 63, 26.0, 0.016666666666666666
surrogate, 63, 26.0, 0.016666666666666666
surrogate, 63, 26.0, 0.016666666666666666
surrogate, 63, 26.0, 0.016666666666666666
surrogate, 63, 26.0, 0.016666666666666666
surrogate, 64, 93.0, 0.8333333333333334
surrogate, 64, 71.0, 0.8
surrogate, 64, 60.0, 0.7666666666666667
surrogate, 64, 60.0, 0.7666666666666667
surrogate, 64, 60.0, 0.7666666666666667
surrogate, 64, 60.0, 0.7666666666666667
surrogate, 64, 60.0, 0.7666666666666667
surrogate, 64, 60.0, 0.7666666666666667
surrogate, 64, 60.0, 0.7666666666666667
surrogate, 64, 60.0, 0.7666666666666667
surrogate, 64, 60.0, 0.7666666666666667
surrogate, 64, 60.0, 0.7666666666666667
surrogate, 64, 56.0, 0.75
surrogate, 64, 48.0, 0.7166666666666667
surrogate, 64, 48.0, 0.7166666666666667
surrogate, 64, 48.0, 0.7166666666666667
surrogate, 64, 48.0, 0.7166666666666667
surrogate, 64, 48.0, 0.7166666666666667
surrogate, 64, 43.0, 0.6833333333333333
surrogate, 64, 43.0, 0.6833333333333333
surrogate, 64, 43.0, 0.6833333333333333
surrogate, 64, 43.0, 0.6833333333333333
surrogate, 64, 43.0, 0.6833333333333333
surrogate, 64, 43.0, 0.6833333333333333
surrogate, 64, 41.0, 0.65
surrogate, 64, 41.0, 0.65
surrogate, 64, 41.0, 0.65
surrogate, 64, 41.0, 0.65
surrogate, 64, 41.0, 0.65
surrogate, 64, 41.0, 0.65
surrogate, 64, 41.0, 0.65
surrogate, 64, 41.0, 0.65
surrogate, 64, 41.0, 0.65
surrogate, 64, 41.0, 0.65
surrogate, 64, 41.0, 0.65
surrogate, 64, 41.0, 0.65
surrogate, 64, 41.0, 0.65
surrogate, 64, 41.0, 0.65
surrogate, 64, 41.0, 0.65
surrogate, 64, 41.0, 0.65
surrogate, 64, 41.0, 0.65
surrogate, 64, 41.0, 0.65
surrogate, 64, 41.0, 0.65
surrogate, 64, 41.0, 0.65
surrogate, 64, 41.0, 0.65
surrogate, 64, 41.0, 0.65
surrogate, 64, 41.0, 0.65
surrogate, 64, 41.0, 0.65
surrogate, 64, 36.0, 0.55
surrogate, 64, 36.0, 0.55
surrogate, 64, 36.0, 0.55
surrogate, 64, 36.0, 0.55
surrogate, 64, 36.0, 0.55
surrogate, 64, 36.0, 0.55
surrogate, 64, 36.0, 0.55
surrogate, 64, 36.0, 0.55
surrogate, 64, 36.0, 0.55
surrogate, 64, 36.0, 0.55
surrogate, 64, 36.0, 0.55
surrogate, 64, 36.0, 0.55
surrogate, 64, 36.0, 0.55
surrogate, 64, 36.0, 0.55
surrogate, 64, 36.0, 0.55
surrogate, 64, 36.0, 0.55
surrogate, 64, 36.0, 0.55
surrogate, 64, 36.0, 0.55
surrogate, 64, 36.0, 0.55
surrogate, 64, 36.0, 0.55
surrogate, 64, 36.0, 0.55
surrogate, 64, 36.0, 0.55
surrogate, 64, 34.0, 0.5166666666666667
surrogate, 64, 33.0, 0.5
surrogate, 64, 33.0, 0.5
surrogate, 64, 33.0, 0.5
surrogate, 64, 33.0, 0.5
surrogate, 64, 33.0, 0.5
surrogate, 64, 33.0, 0.5
surrogate, 64, 33.0, 0.5
surrogate, 64, 33.0, 0.5
surrogate, 64, 33.0, 0.5
surrogate, 64, 33.0, 0.5
surrogate, 64, 33.0, 0.5
surrogate, 64, 33.0, 0.5
surrogate, 64, 33.0, 0.5
surrogate, 64, 33.0, 0.5
surrogate, 64, 33.0, 0.5
surrogate, 64, 33.0, 0.5
surrogate, 64, 33.0, 0.5
surrogate, 64, 33.0, 0.5
surrogate, 64, 33.0, 0.5
surrogate, 64, 33.0, 0.5
surrogate, 64, 32.0, 0.36666666666666664
surrogate, 64, 32.0, 0.36666666666666664
surrogate, 64, 32.0, 0.36666666666666664
surrogate, 64, 32.0, 0.36666666666666664
surrogate, 64, 32.0, 0.36666666666666664
surrogate, 64, 32.0, 0.36666666666666664
surrogate, 64, 32.0, 0.36666666666666664
surrogate, 64, 32.0, 0.36666666666666664
surrogate, 64, 32.0, 0.36666666666666664
surrogate, 64, 32.0, 0.36666666666666664
surrogate, 64, 32.0, 0.36666666666666664
surrogate, 64, 32.0, 0.36666666666666664
surrogate, 64, 32.0, 0.36666666666666664
surrogate, 64, 32.0, 0.36666666666666664
surrogate, 64, 32.0, 0.36666666666666664
surrogate, 64, 32.0, 0.36666666666666664
surrogate, 64, 32.0, 0.36666666666666664
surrogate, 64, 32.0, 0.36666666666666664
surrogate, 64, 32.0, 0.36666666666666664
surrogate, 64, 32.0, 0.36666666666666664
surrogate, 64, 32.0, 0.36666666666666664
surrogate, 64, 32.0, 0.36666666666666664
surrogate, 64, 32.0, 0.36666666666666664
surrogate, 64, 32.0, 0.36666666666666664
surrogate, 64, 32.0, 0.36666666666666664
surrogate, 64, 32.0, 0.36666666666666664
surrogate, 64, 32.0, 0.36666666666666664
surrogate, 64, 32.0, 0.36666666666666664
surrogate, 64, 32.0, 0.36666666666666664
surrogate, 64, 32.0, 0.36666666666666664
surrogate, 64, 32.0, 0.36666666666666664
surrogate, 64, 32.0, 0.36666666666666664
surrogate, 64, 32.0, 0.36666666666666664
surrogate, 64, 32.0, 0.36666666666666664
surrogate, 64, 32.0, 0.36666666666666664
surrogate, 64, 32.0, 0.36666666666666664
surrogate, 64, 32.0, 0.36666666666666664
surrogate, 64, 32.0, 0.36666666666666664
surrogate, 64, 32.0, 0.36666666666666664
surrogate, 64, 32.0, 0.36666666666666664
surrogate, 64, 32.0, 0.36666666666666664
surrogate, 64, 32.0, 0.36666666666666664
surrogate, 64, 32.0, 0.36666666666666664
surrogate, 64, 32.0, 0.36666666666666664
surrogate, 64, 32.0, 0.36666666666666664
surrogate, 64, 32.0, 0.36666666666666664
surrogate, 64, 32.0, 0.36666666666666664
surrogate, 64, 32.0, 0.36666666666666664
surrogate, 64, 32.0, 0.36666666666666664
surrogate, 64, 32.0, 0.36666666666666664
surrogate, 64, 32.0, 0.36666666666666664
surrogate, 64, 32.0, 0.36666666666666664
surrogate, 64, 30.0, 0.26666666666666666
surrogate, 64, 30.0, 0.26666666666666666
surrogate, 64, 30.0, 0.26666666666666666
surrogate, 64, 30.0, 0.26666666666666666
surrogate, 64, 30.0, 0.26666666666666666
surrogate, 64, 30.0, 0.26666666666666666
surrogate, 64, 30.0, 0.26666666666666666
surrogate, 64, 30.0, 0.26666666666666666
surrogate, 64, 30.0, 0.26666666666666666
surrogate, 64, 30.0, 0.26666666666666666
surrogate, 64, 30.0, 0.26666666666666666
surrogate, 64, 30.0, 0.26666666666666666
surrogate, 64, 30.0, 0.26666666666666666
surrogate, 64, 30.0, 0.26666666666666666
surrogate, 64, 30.0, 0.26666666666666666
surrogate, 64, 30.0, 0.26666666666666666
surrogate, 64, 30.0, 0.26666666666666666
surrogate, 64, 30.0, 0.26666666666666666
surrogate, 64, 30.0, 0.26666666666666666
surrogate, 64, 30.0, 0.26666666666666666
surrogate, 64, 30.0, 0.26666666666666666
surrogate, 64, 30.0, 0.26666666666666666
surrogate, 64, 30.0, 0.26666666666666666
surrogate, 64, 30.0, 0.26666666666666666
surrogate, 64, 30.0, 0.26666666666666666
surrogate, 64, 30.0, 0.26666666666666666
surrogate, 64, 30.0, 0.26666666666666666
surrogate, 64, 30.0, 0.26666666666666666
surrogate, 64, 30.0, 0.26666666666666666
surrogate, 64, 29.0, 0.06666666666666667
surrogate, 64, 29.0, 0.06666666666666667
surrogate, 64, 29.0, 0.06666666666666667
surrogate, 64, 29.0, 0.06666666666666667
surrogate, 64, 29.0, 0.06666666666666667
surrogate, 64, 29.0, 0.06666666666666667
surrogate, 64, 29.0, 0.06666666666666667
surrogate, 64, 29.0, 0.06666666666666667
surrogate, 64, 29.0, 0.06666666666666667
surrogate, 64, 29.0, 0.06666666666666667
surrogate, 64, 29.0, 0.06666666666666667
surrogate, 64, 29.0, 0.06666666666666667
surrogate, 64, 29.0, 0.06666666666666667
surrogate, 64, 29.0, 0.06666666666666667
surrogate, 64, 29.0, 0.06666666666666667
surrogate, 64, 29.0, 0.06666666666666667
surrogate, 64, 29.0, 0.06666666666666667
surrogate, 64, 29.0, 0.06666666666666667
surrogate, 64, 29.0, 0.06666666666666667
surrogate, 64, 29.0, 0.06666666666666667
surrogate, 64, 29.0, 0.06666666666666667
surrogate, 64, 29.0, 0.06666666666666667
surrogate, 64, 29.0, 0.06666666666666667
surrogate, 64, 29.0, 0.06666666666666667
surrogate, 64, 29.0, 0.06666666666666667
surrogate, 64, 29.0, 0.06666666666666667
surrogate, 64, 29.0, 0.06666666666666667
surrogate, 64, 29.0, 0.06666666666666667
surrogate, 64, 29.0, 0.06666666666666667
surrogate, 64, 29.0, 0.06666666666666667
surrogate, 64, 29.0, 0.06666666666666667
surrogate, 64, 29.0, 0.06666666666666667
surrogate, 64, 29.0, 0.06666666666666667
surrogate, 64, 29.0, 0.06666666666666667
surrogate, 64, 29.0, 0.06666666666666667
surrogate, 64, 29.0, 0.06666666666666667
surrogate, 64, 29.0, 0.06666666666666667
surrogate, 64, 29.0, 0.06666666666666667
surrogate, 64, 29.0, 0.06666666666666667
surrogate, 64, 29.0, 0.06666666666666667
surrogate, 64, 29.0, 0.06666666666666667
surrogate, 64, 29.0, 0.06666666666666667
surrogate, 64, 29.0, 0.06666666666666667
surrogate, 64, 29.0, 0.06666666666666667
surrogate, 64, 29.0, 0.06666666666666667
surrogate, 64, 29.0, 0.06666666666666667
surrogate, 64, 29.0, 0.06666666666666667
surrogate, 64, 29.0, 0.06666666666666667
surrogate, 64, 29.0, 0.06666666666666667
surrogate, 64, 29.0, 0.06666666666666667
surrogate, 64, 28.0, 0.05
surrogate, 64, 28.0, 0.05
surrogate, 64, 28.0, 0.05
surrogate, 64, 28.0, 0.05
surrogate, 64, 28.0, 0.05
surrogate, 64, 28.0, 0.05
surrogate, 64, 28.0, 0.05
surrogate, 64, 28.0, 0.05
surrogate, 64, 28.0, 0.05
surrogate, 64, 28.0, 0.05
surrogate, 64, 28.0, 0.05
surrogate, 64, 28.0, 0.05
surrogate, 64, 28.0, 0.05
surrogate, 64, 28.0, 0.05
surrogate, 64, 28.0, 0.05
surrogate, 64, 28.0, 0.05
surrogate, 64, 28.0, 0.05
surrogate, 64, 28.0, 0.05
surrogate, 64, 27.0, 0.03333333333333333
surrogate, 64, 27.0, 0.03333333333333333
surrogate, 64, 27.0, 0.03333333333333333
surrogate, 64, 27.0, 0.03333333333333333
surrogate, 64, 27.0, 0.03333333333333333
surrogate, 64, 27.0, 0.03333333333333333
surrogate, 64, 27.0, 0.03333333333333333
surrogate, 64, 27.0, 0.03333333333333333
surrogate, 64, 27.0, 0.03333333333333333
surrogate, 64, 27.0, 0.03333333333333333
surrogate, 64, 27.0, 0.03333333333333333
surrogate, 64, 27.0, 0.03333333333333333
surrogate, 64, 27.0, 0.03333333333333333
surrogate, 64, 27.0, 0.03333333333333333
surrogate, 64, 26.0, 0.016666666666666666
surrogate, 64, 26.0, 0.016666666666666666
surrogate, 64, 26.0, 0.016666666666666666
surrogate, 64, 26.0, 0.016666666666666666
surrogate, 64, 26.0, 0.016666666666666666
surrogate, 64, 26.0, 0.016666666666666666
surrogate, 64, 26.0, 0.016666666666666666
surrogate, 64, 26.0, 0.016666666666666666
surrogate, 64, 26.0, 0.016666666666666666
surrogate, 64, 26.0, 0.016666666666666666
surrogate, 64, 26.0, 0.016666666666666666
surrogate, 64, 26.0, 0.016666666666666666
surrogate, 64, 26.0, 0.016666666666666666
surrogate, 64, 26.0, 0.016666666666666666
surrogate, 64, 26.0, 0.016666666666666666
surrogate, 64, 26.0, 0.016666666666666666
surrogate, 64, 26.0, 0.016666666666666666
surrogate, 64, 26.0, 0.016666666666666666
surrogate, 64, 26.0, 0.016666666666666666
surrogate, 64, 26.0, 0.016666666666666666
surrogate, 64, 26.0, 0.016666666666666666
surrogate, 64, 26.0, 0.016666666666666666
surrogate, 64, 26.0, 0.016666666666666666
surrogate, 64, 26.0, 0.016666666666666666
surrogate, 64, 26.0, 0.016666666666666666
surrogate, 64, 26.0, 0.016666666666666666
surrogate, 64, 26.0, 0.016666666666666666
surrogate, 64, 26.0, 0.016666666666666666
surrogate, 64, 26.0, 0.016666666666666666
surrogate, 64, 26.0, 0.016666666666666666
surrogate, 64, 26.0, 0.016666666666666666
surrogate, 64, 26.0, 0.016666666666666666
surrogate, 64, 26.0, 0.016666666666666666
surrogate, 64, 26.0, 0.016666666666666666
surrogate, 64, 26.0, 0.016666666666666666
surrogate, 64, 26.0, 0.016666666666666666
surrogate, 64, 26.0, 0.016666666666666666
surrogate, 64, 26.0, 0.016666666666666666
surrogate, 64, 26.0, 0.016666666666666666
surrogate, 64, 26.0, 0.016666666666666666
surrogate, 64, 26.0, 0.016666666666666666
surrogate, 64, 26.0, 0.016666666666666666
surrogate, 64, 26.0, 0.016666666666666666
surrogate, 64, 26.0, 0.016666666666666666
surrogate, 64, 26.0, 0.016666666666666666
surrogate, 64, 26.0, 0.016666666666666666
surrogate, 64, 26.0, 0.016666666666666666
surrogate, 64, 26.0, 0.016666666666666666
surrogate, 64, 26.0, 0.016666666666666666
surrogate, 64, 26.0, 0.016666666666666666
surrogate, 64, 26.0, 0.016666666666666666
surrogate, 64, 26.0, 0.016666666666666666
surrogate, 64, 26.0, 0.016666666666666666
surrogate, 64, 26.0, 0.016666666666666666
surrogate, 64, 26.0, 0.016666666666666666
surrogate, 64, 26.0, 0.016666666666666666
surrogate, 64, 26.0, 0.016666666666666666
surrogate, 64, 26.0, 0.016666666666666666
surrogate, 64, 26.0, 0.016666666666666666
surrogate, 64, 26.0, 0.016666666666666666
surrogate, 64, 26.0, 0.016666666666666666
surrogate, 64, 26.0, 0.016666666666666666
surrogate, 64, 26.0, 0.016666666666666666
surrogate, 64, 26.0, 0.016666666666666666
surrogate, 65, 93.0, 0.8333333333333334
surrogate, 65, 71.0, 0.8
surrogate, 65, 60.0, 0.7666666666666667
surrogate, 65, 60.0, 0.7666666666666667
surrogate, 65, 60.0, 0.7666666666666667
surrogate, 65, 60.0, 0.7666666666666667
surrogate, 65, 60.0, 0.7666666666666667
surrogate, 65, 60.0, 0.7666666666666667
surrogate, 65, 60.0, 0.7666666666666667
surrogate, 65, 60.0, 0.7666666666666667
surrogate, 65, 60.0, 0.7666666666666667
surrogate, 65, 60.0, 0.7666666666666667
surrogate, 65, 56.0, 0.75
surrogate, 65, 48.0, 0.7166666666666667
surrogate, 65, 48.0, 0.7166666666666667
surrogate, 65, 48.0, 0.7166666666666667
surrogate, 65, 48.0, 0.7166666666666667
surrogate, 65, 48.0, 0.7166666666666667
surrogate, 65, 43.0, 0.6833333333333333
surrogate, 65, 43.0, 0.6833333333333333
surrogate, 65, 43.0, 0.6833333333333333
surrogate, 65, 43.0, 0.6833333333333333
surrogate, 65, 43.0, 0.6833333333333333
surrogate, 65, 43.0, 0.6833333333333333
surrogate, 65, 41.0, 0.65
surrogate, 65, 41.0, 0.65
surrogate, 65, 41.0, 0.65
surrogate, 65, 41.0, 0.65
surrogate, 65, 41.0, 0.65
surrogate, 65, 41.0, 0.65
surrogate, 65, 41.0, 0.65
surrogate, 65, 41.0, 0.65
surrogate, 65, 41.0, 0.65
surrogate, 65, 41.0, 0.65
surrogate, 65, 41.0, 0.65
surrogate, 65, 41.0, 0.65
surrogate, 65, 41.0, 0.65
surrogate, 65, 41.0, 0.65
surrogate, 65, 41.0, 0.65
surrogate, 65, 41.0, 0.65
surrogate, 65, 41.0, 0.65
surrogate, 65, 41.0, 0.65
surrogate, 65, 41.0, 0.65
surrogate, 65, 41.0, 0.65
surrogate, 65, 41.0, 0.65
surrogate, 65, 41.0, 0.65
surrogate, 65, 41.0, 0.65
surrogate, 65, 41.0, 0.65
surrogate, 65, 41.0, 0.65
surrogate, 65, 36.0, 0.55
surrogate, 65, 36.0, 0.55
surrogate, 65, 36.0, 0.55
surrogate, 65, 36.0, 0.55
surrogate, 65, 36.0, 0.55
surrogate, 65, 36.0, 0.55
surrogate, 65, 36.0, 0.55
surrogate, 65, 36.0, 0.55
surrogate, 65, 36.0, 0.55
surrogate, 65, 36.0, 0.55
surrogate, 65, 36.0, 0.55
surrogate, 65, 36.0, 0.55
surrogate, 65, 36.0, 0.55
surrogate, 65, 36.0, 0.55
surrogate, 65, 36.0, 0.55
surrogate, 65, 36.0, 0.55
surrogate, 65, 36.0, 0.55
surrogate, 65, 36.0, 0.55
surrogate, 65, 36.0, 0.55
surrogate, 65, 36.0, 0.55
surrogate, 65, 36.0, 0.55
surrogate, 65, 36.0, 0.55
surrogate, 65, 36.0, 0.55
surrogate, 65, 34.0, 0.5166666666666667
surrogate, 65, 33.0, 0.5
surrogate, 65, 33.0, 0.5
surrogate, 65, 33.0, 0.5
surrogate, 65, 33.0, 0.5
surrogate, 65, 33.0, 0.5
surrogate, 65, 33.0, 0.5
surrogate, 65, 33.0, 0.5
surrogate, 65, 33.0, 0.5
surrogate, 65, 33.0, 0.5
surrogate, 65, 33.0, 0.5
surrogate, 65, 33.0, 0.5
surrogate, 65, 33.0, 0.5
surrogate, 65, 33.0, 0.5
surrogate, 65, 33.0, 0.5
surrogate, 65, 33.0, 0.5
surrogate, 65, 33.0, 0.5
surrogate, 65, 33.0, 0.5
surrogate, 65, 33.0, 0.5
surrogate, 65, 33.0, 0.5
surrogate, 65, 33.0, 0.5
surrogate, 65, 32.0, 0.36666666666666664
surrogate, 65, 32.0, 0.36666666666666664
surrogate, 65, 32.0, 0.36666666666666664
surrogate, 65, 32.0, 0.36666666666666664
surrogate, 65, 32.0, 0.36666666666666664
surrogate, 65, 32.0, 0.36666666666666664
surrogate, 65, 32.0, 0.36666666666666664
surrogate, 65, 32.0, 0.36666666666666664
surrogate, 65, 32.0, 0.36666666666666664
surrogate, 65, 32.0, 0.36666666666666664
surrogate, 65, 32.0, 0.36666666666666664
surrogate, 65, 32.0, 0.36666666666666664
surrogate, 65, 32.0, 0.36666666666666664
surrogate, 65, 32.0, 0.36666666666666664
surrogate, 65, 32.0, 0.36666666666666664
surrogate, 65, 32.0, 0.36666666666666664
surrogate, 65, 32.0, 0.36666666666666664
surrogate, 65, 32.0, 0.36666666666666664
surrogate, 65, 32.0, 0.36666666666666664
surrogate, 65, 32.0, 0.36666666666666664
surrogate, 65, 32.0, 0.36666666666666664
surrogate, 65, 32.0, 0.36666666666666664
surrogate, 65, 32.0, 0.36666666666666664
surrogate, 65, 32.0, 0.36666666666666664
surrogate, 65, 32.0, 0.36666666666666664
surrogate, 65, 32.0, 0.36666666666666664
surrogate, 65, 32.0, 0.36666666666666664
surrogate, 65, 32.0, 0.36666666666666664
surrogate, 65, 32.0, 0.36666666666666664
surrogate, 65, 32.0, 0.36666666666666664
surrogate, 65, 32.0, 0.36666666666666664
surrogate, 65, 32.0, 0.36666666666666664
surrogate, 65, 32.0, 0.36666666666666664
surrogate, 65, 32.0, 0.36666666666666664
surrogate, 65, 32.0, 0.36666666666666664
surrogate, 65, 32.0, 0.36666666666666664
surrogate, 65, 32.0, 0.36666666666666664
surrogate, 65, 32.0, 0.36666666666666664
surrogate, 65, 32.0, 0.36666666666666664
surrogate, 65, 32.0, 0.36666666666666664
surrogate, 65, 32.0, 0.36666666666666664
surrogate, 65, 32.0, 0.36666666666666664
surrogate, 65, 32.0, 0.36666666666666664
surrogate, 65, 32.0, 0.36666666666666664
surrogate, 65, 32.0, 0.36666666666666664
surrogate, 65, 32.0, 0.36666666666666664
surrogate, 65, 32.0, 0.36666666666666664
surrogate, 65, 32.0, 0.36666666666666664
surrogate, 65, 32.0, 0.36666666666666664
surrogate, 65, 32.0, 0.36666666666666664
surrogate, 65, 32.0, 0.36666666666666664
surrogate, 65, 32.0, 0.36666666666666664
surrogate, 65, 30.0, 0.26666666666666666
surrogate, 65, 30.0, 0.26666666666666666
surrogate, 65, 30.0, 0.26666666666666666
surrogate, 65, 30.0, 0.26666666666666666
surrogate, 65, 30.0, 0.26666666666666666
surrogate, 65, 30.0, 0.26666666666666666
surrogate, 65, 30.0, 0.26666666666666666
surrogate, 65, 30.0, 0.26666666666666666
surrogate, 65, 30.0, 0.26666666666666666
surrogate, 65, 30.0, 0.26666666666666666
surrogate, 65, 30.0, 0.26666666666666666
surrogate, 65, 30.0, 0.26666666666666666
surrogate, 65, 30.0, 0.26666666666666666
surrogate, 65, 30.0, 0.26666666666666666
surrogate, 65, 30.0, 0.26666666666666666
surrogate, 65, 30.0, 0.26666666666666666
surrogate, 65, 30.0, 0.26666666666666666
surrogate, 65, 30.0, 0.26666666666666666
surrogate, 65, 30.0, 0.26666666666666666
surrogate, 65, 30.0, 0.26666666666666666
surrogate, 65, 30.0, 0.26666666666666666
surrogate, 65, 30.0, 0.26666666666666666
surrogate, 65, 30.0, 0.26666666666666666
surrogate, 65, 30.0, 0.26666666666666666
surrogate, 65, 30.0, 0.26666666666666666
surrogate, 65, 30.0, 0.26666666666666666
surrogate, 65, 30.0, 0.26666666666666666
surrogate, 65, 30.0, 0.26666666666666666
surrogate, 65, 30.0, 0.26666666666666666
surrogate, 65, 30.0, 0.26666666666666666
surrogate, 65, 29.0, 0.06666666666666667
surrogate, 65, 29.0, 0.06666666666666667
surrogate, 65, 29.0, 0.06666666666666667
surrogate, 65, 29.0, 0.06666666666666667
surrogate, 65, 29.0, 0.06666666666666667
surrogate, 65, 29.0, 0.06666666666666667
surrogate, 65, 29.0, 0.06666666666666667
surrogate, 65, 29.0, 0.06666666666666667
surrogate, 65, 29.0, 0.06666666666666667
surrogate, 65, 29.0, 0.06666666666666667
surrogate, 65, 29.0, 0.06666666666666667
surrogate, 65, 29.0, 0.06666666666666667
surrogate, 65, 29.0, 0.06666666666666667
surrogate, 65, 29.0, 0.06666666666666667
surrogate, 65, 29.0, 0.06666666666666667
surrogate, 65, 29.0, 0.06666666666666667
surrogate, 65, 29.0, 0.06666666666666667
surrogate, 65, 29.0, 0.06666666666666667
surrogate, 65, 29.0, 0.06666666666666667
surrogate, 65, 29.0, 0.06666666666666667
surrogate, 65, 29.0, 0.06666666666666667
surrogate, 65, 29.0, 0.06666666666666667
surrogate, 65, 29.0, 0.06666666666666667
surrogate, 65, 29.0, 0.06666666666666667
surrogate, 65, 29.0, 0.06666666666666667
surrogate, 65, 29.0, 0.06666666666666667
surrogate, 65, 29.0, 0.06666666666666667
surrogate, 65, 29.0, 0.06666666666666667
surrogate, 65, 29.0, 0.06666666666666667
surrogate, 65, 29.0, 0.06666666666666667
surrogate, 65, 29.0, 0.06666666666666667
surrogate, 65, 29.0, 0.06666666666666667
surrogate, 65, 29.0, 0.06666666666666667
surrogate, 65, 29.0, 0.06666666666666667
surrogate, 65, 29.0, 0.06666666666666667
surrogate, 65, 29.0, 0.06666666666666667
surrogate, 65, 29.0, 0.06666666666666667
surrogate, 65, 29.0, 0.06666666666666667
surrogate, 65, 29.0, 0.06666666666666667
surrogate, 65, 29.0, 0.06666666666666667
surrogate, 65, 29.0, 0.06666666666666667
surrogate, 65, 29.0, 0.06666666666666667
surrogate, 65, 29.0, 0.06666666666666667
surrogate, 65, 29.0, 0.06666666666666667
surrogate, 65, 29.0, 0.06666666666666667
surrogate, 65, 29.0, 0.06666666666666667
surrogate, 65, 29.0, 0.06666666666666667
surrogate, 65, 29.0, 0.06666666666666667
surrogate, 65, 29.0, 0.06666666666666667
surrogate, 65, 29.0, 0.06666666666666667
surrogate, 65, 29.0, 0.06666666666666667
surrogate, 65, 28.0, 0.05
surrogate, 65, 28.0, 0.05
surrogate, 65, 28.0, 0.05
surrogate, 65, 28.0, 0.05
surrogate, 65, 28.0, 0.05
surrogate, 65, 28.0, 0.05
surrogate, 65, 28.0, 0.05
surrogate, 65, 28.0, 0.05
surrogate, 65, 28.0, 0.05
surrogate, 65, 28.0, 0.05
surrogate, 65, 28.0, 0.05
surrogate, 65, 28.0, 0.05
surrogate, 65, 28.0, 0.05
surrogate, 65, 28.0, 0.05
surrogate, 65, 28.0, 0.05
surrogate, 65, 28.0, 0.05
surrogate, 65, 28.0, 0.05
surrogate, 65, 28.0, 0.05
surrogate, 65, 27.0, 0.03333333333333333
surrogate, 65, 27.0, 0.03333333333333333
surrogate, 65, 27.0, 0.03333333333333333
surrogate, 65, 27.0, 0.03333333333333333
surrogate, 65, 27.0, 0.03333333333333333
surrogate, 65, 27.0, 0.03333333333333333
surrogate, 65, 27.0, 0.03333333333333333
surrogate, 65, 27.0, 0.03333333333333333
surrogate, 65, 27.0, 0.03333333333333333
surrogate, 65, 27.0, 0.03333333333333333
surrogate, 65, 27.0, 0.03333333333333333
surrogate, 65, 27.0, 0.03333333333333333
surrogate, 65, 27.0, 0.03333333333333333
surrogate, 65, 27.0, 0.03333333333333333
surrogate, 65, 26.0, 0.016666666666666666
surrogate, 65, 26.0, 0.016666666666666666
surrogate, 65, 26.0, 0.016666666666666666
surrogate, 65, 26.0, 0.016666666666666666
surrogate, 65, 26.0, 0.016666666666666666
surrogate, 65, 26.0, 0.016666666666666666
surrogate, 65, 26.0, 0.016666666666666666
surrogate, 65, 26.0, 0.016666666666666666
surrogate, 65, 26.0, 0.016666666666666666
surrogate, 65, 26.0, 0.016666666666666666
surrogate, 65, 26.0, 0.016666666666666666
surrogate, 65, 26.0, 0.016666666666666666
surrogate, 65, 26.0, 0.016666666666666666
surrogate, 65, 26.0, 0.016666666666666666
surrogate, 65, 26.0, 0.016666666666666666
surrogate, 65, 26.0, 0.016666666666666666
surrogate, 65, 26.0, 0.016666666666666666
surrogate, 65, 26.0, 0.016666666666666666
surrogate, 65, 26.0, 0.016666666666666666
surrogate, 65, 26.0, 0.016666666666666666
surrogate, 65, 26.0, 0.016666666666666666
surrogate, 65, 26.0, 0.016666666666666666
surrogate, 65, 26.0, 0.016666666666666666
surrogate, 65, 26.0, 0.016666666666666666
surrogate, 65, 26.0, 0.016666666666666666
surrogate, 65, 26.0, 0.016666666666666666
surrogate, 65, 26.0, 0.016666666666666666
surrogate, 65, 26.0, 0.016666666666666666
surrogate, 65, 26.0, 0.016666666666666666
surrogate, 65, 26.0, 0.016666666666666666
surrogate, 65, 26.0, 0.016666666666666666
surrogate, 65, 26.0, 0.016666666666666666
surrogate, 65, 26.0, 0.016666666666666666
surrogate, 65, 26.0, 0.016666666666666666
surrogate, 65, 26.0, 0.016666666666666666
surrogate, 65, 26.0, 0.016666666666666666
surrogate, 65, 26.0, 0.016666666666666666
surrogate, 65, 26.0, 0.016666666666666666
surrogate, 65, 26.0, 0.016666666666666666
surrogate, 65, 26.0, 0.016666666666666666
surrogate, 65, 26.0, 0.016666666666666666
surrogate, 65, 26.0, 0.016666666666666666
surrogate, 65, 26.0, 0.016666666666666666
surrogate, 65, 26.0, 0.016666666666666666
surrogate, 65, 26.0, 0.016666666666666666
surrogate, 65, 26.0, 0.016666666666666666
surrogate, 65, 26.0, 0.016666666666666666
surrogate, 65, 26.0, 0.016666666666666666
surrogate, 65, 26.0, 0.016666666666666666
surrogate, 65, 26.0, 0.016666666666666666
surrogate, 65, 26.0, 0.016666666666666666
surrogate, 65, 26.0, 0.016666666666666666
surrogate, 65, 26.0, 0.016666666666666666
surrogate, 65, 26.0, 0.016666666666666666
surrogate, 65, 26.0, 0.016666666666666666
surrogate, 65, 26.0, 0.016666666666666666
surrogate, 65, 26.0, 0.016666666666666666
surrogate, 65, 26.0, 0.016666666666666666
surrogate, 65, 26.0, 0.016666666666666666
surrogate, 65, 26.0, 0.016666666666666666
surrogate, 65, 26.0, 0.016666666666666666
surrogate, 65, 26.0, 0.016666666666666666
surrogate, 65, 26.0, 0.016666666666666666
surrogate, 65, 26.0, 0.016666666666666666
surrogate, 66, 93.0, 0.8333333333333334
surrogate, 66, 71.0, 0.8
surrogate, 66, 60.0, 0.7666666666666667
surrogate, 66, 60.0, 0.7666666666666667
surrogate, 66, 60.0, 0.7666666666666667
surrogate, 66, 60.0, 0.7666666666666667
surrogate, 66, 60.0, 0.7666666666666667
surrogate, 66, 60.0, 0.7666666666666667
surrogate, 66, 60.0, 0.7666666666666667
surrogate, 66, 60.0, 0.7666666666666667
surrogate, 66, 60.0, 0.7666666666666667
surrogate, 66, 60.0, 0.7666666666666667
surrogate, 66, 56.0, 0.75
surrogate, 66, 56.0, 0.75
surrogate, 66, 48.0, 0.7166666666666667
surrogate, 66, 48.0, 0.7166666666666667
surrogate, 66, 48.0, 0.7166666666666667
surrogate, 66, 48.0, 0.7166666666666667
surrogate, 66, 48.0, 0.7166666666666667
surrogate, 66, 43.0, 0.6833333333333333
surrogate, 66, 43.0, 0.6833333333333333
surrogate, 66, 43.0, 0.6833333333333333
surrogate, 66, 43.0, 0.6833333333333333
surrogate, 66, 43.0, 0.6833333333333333
surrogate, 66, 43.0, 0.6833333333333333
surrogate, 66, 43.0, 0.6833333333333333
surrogate, 66, 41.0, 0.65
surrogate, 66, 41.0, 0.65
surrogate, 66, 41.0, 0.65
surrogate, 66, 41.0, 0.65
surrogate, 66, 41.0, 0.65
surrogate, 66, 41.0, 0.65
surrogate, 66, 41.0, 0.65
surrogate, 66, 41.0, 0.65
surrogate, 66, 41.0, 0.65
surrogate, 66, 41.0, 0.65
surrogate, 66, 41.0, 0.65
surrogate, 66, 41.0, 0.65
surrogate, 66, 41.0, 0.65
surrogate, 66, 41.0, 0.65
surrogate, 66, 41.0, 0.65
surrogate, 66, 41.0, 0.65
surrogate, 66, 41.0, 0.65
surrogate, 66, 41.0, 0.65
surrogate, 66, 41.0, 0.65
surrogate, 66, 41.0, 0.65
surrogate, 66, 41.0, 0.65
surrogate, 66, 41.0, 0.65
surrogate, 66, 41.0, 0.65
surrogate, 66, 41.0, 0.65
surrogate, 66, 41.0, 0.65
surrogate, 66, 36.0, 0.55
surrogate, 66, 36.0, 0.55
surrogate, 66, 36.0, 0.55
surrogate, 66, 36.0, 0.55
surrogate, 66, 36.0, 0.55
surrogate, 66, 36.0, 0.55
surrogate, 66, 36.0, 0.55
surrogate, 66, 36.0, 0.55
surrogate, 66, 36.0, 0.55
surrogate, 66, 36.0, 0.55
surrogate, 66, 36.0, 0.55
surrogate, 66, 36.0, 0.55
surrogate, 66, 36.0, 0.55
surrogate, 66, 36.0, 0.55
surrogate, 66, 36.0, 0.55
surrogate, 66, 36.0, 0.55
surrogate, 66, 36.0, 0.55
surrogate, 66, 36.0, 0.55
surrogate, 66, 36.0, 0.55
surrogate, 66, 36.0, 0.55
surrogate, 66, 36.0, 0.55
surrogate, 66, 36.0, 0.55
surrogate, 66, 36.0, 0.55
surrogate, 66, 34.0, 0.5166666666666667
surrogate, 66, 33.0, 0.5
surrogate, 66, 33.0, 0.5
surrogate, 66, 33.0, 0.5
surrogate, 66, 33.0, 0.5
surrogate, 66, 33.0, 0.5
surrogate, 66, 33.0, 0.5
surrogate, 66, 33.0, 0.5
surrogate, 66, 33.0, 0.5
surrogate, 66, 33.0, 0.5
surrogate, 66, 33.0, 0.5
surrogate, 66, 33.0, 0.5
surrogate, 66, 33.0, 0.5
surrogate, 66, 33.0, 0.5
surrogate, 66, 33.0, 0.5
surrogate, 66, 33.0, 0.5
surrogate, 66, 33.0, 0.5
surrogate, 66, 33.0, 0.5
surrogate, 66, 33.0, 0.5
surrogate, 66, 33.0, 0.5
surrogate, 66, 33.0, 0.5
surrogate, 66, 32.0, 0.36666666666666664
surrogate, 66, 32.0, 0.36666666666666664
surrogate, 66, 32.0, 0.36666666666666664
surrogate, 66, 32.0, 0.36666666666666664
surrogate, 66, 32.0, 0.36666666666666664
surrogate, 66, 32.0, 0.36666666666666664
surrogate, 66, 32.0, 0.36666666666666664
surrogate, 66, 32.0, 0.36666666666666664
surrogate, 66, 32.0, 0.36666666666666664
surrogate, 66, 32.0, 0.36666666666666664
surrogate, 66, 32.0, 0.36666666666666664
surrogate, 66, 32.0, 0.36666666666666664
surrogate, 66, 32.0, 0.36666666666666664
surrogate, 66, 32.0, 0.36666666666666664
surrogate, 66, 32.0, 0.36666666666666664
surrogate, 66, 32.0, 0.36666666666666664
surrogate, 66, 32.0, 0.36666666666666664
surrogate, 66, 32.0, 0.36666666666666664
surrogate, 66, 32.0, 0.36666666666666664
surrogate, 66, 32.0, 0.36666666666666664
surrogate, 66, 32.0, 0.36666666666666664
surrogate, 66, 32.0, 0.36666666666666664
surrogate, 66, 32.0, 0.36666666666666664
surrogate, 66, 32.0, 0.36666666666666664
surrogate, 66, 32.0, 0.36666666666666664
surrogate, 66, 32.0, 0.36666666666666664
surrogate, 66, 32.0, 0.36666666666666664
surrogate, 66, 32.0, 0.36666666666666664
surrogate, 66, 32.0, 0.36666666666666664
surrogate, 66, 32.0, 0.36666666666666664
surrogate, 66, 32.0, 0.36666666666666664
surrogate, 66, 32.0, 0.36666666666666664
surrogate, 66, 32.0, 0.36666666666666664
surrogate, 66, 32.0, 0.36666666666666664
surrogate, 66, 32.0, 0.36666666666666664
surrogate, 66, 32.0, 0.36666666666666664
surrogate, 66, 32.0, 0.36666666666666664
surrogate, 66, 32.0, 0.36666666666666664
surrogate, 66, 32.0, 0.36666666666666664
surrogate, 66, 32.0, 0.36666666666666664
surrogate, 66, 32.0, 0.36666666666666664
surrogate, 66, 32.0, 0.36666666666666664
surrogate, 66, 32.0, 0.36666666666666664
surrogate, 66, 32.0, 0.36666666666666664
surrogate, 66, 32.0, 0.36666666666666664
surrogate, 66, 32.0, 0.36666666666666664
surrogate, 66, 32.0, 0.36666666666666664
surrogate, 66, 32.0, 0.36666666666666664
surrogate, 66, 32.0, 0.36666666666666664
surrogate, 66, 32.0, 0.36666666666666664
surrogate, 66, 32.0, 0.36666666666666664
surrogate, 66, 32.0, 0.36666666666666664
surrogate, 66, 32.0, 0.36666666666666664
surrogate, 66, 30.0, 0.26666666666666666
surrogate, 66, 30.0, 0.26666666666666666
surrogate, 66, 30.0, 0.26666666666666666
surrogate, 66, 30.0, 0.26666666666666666
surrogate, 66, 30.0, 0.26666666666666666
surrogate, 66, 30.0, 0.26666666666666666
surrogate, 66, 30.0, 0.26666666666666666
surrogate, 66, 30.0, 0.26666666666666666
surrogate, 66, 30.0, 0.26666666666666666
surrogate, 66, 30.0, 0.26666666666666666
surrogate, 66, 30.0, 0.26666666666666666
surrogate, 66, 30.0, 0.26666666666666666
surrogate, 66, 30.0, 0.26666666666666666
surrogate, 66, 30.0, 0.26666666666666666
surrogate, 66, 30.0, 0.26666666666666666
surrogate, 66, 30.0, 0.26666666666666666
surrogate, 66, 30.0, 0.26666666666666666
surrogate, 66, 30.0, 0.26666666666666666
surrogate, 66, 30.0, 0.26666666666666666
surrogate, 66, 30.0, 0.26666666666666666
surrogate, 66, 30.0, 0.26666666666666666
surrogate, 66, 30.0, 0.26666666666666666
surrogate, 66, 30.0, 0.26666666666666666
surrogate, 66, 30.0, 0.26666666666666666
surrogate, 66, 30.0, 0.26666666666666666
surrogate, 66, 30.0, 0.26666666666666666
surrogate, 66, 30.0, 0.26666666666666666
surrogate, 66, 30.0, 0.26666666666666666
surrogate, 66, 30.0, 0.26666666666666666
surrogate, 66, 30.0, 0.26666666666666666
surrogate, 66, 30.0, 0.26666666666666666
surrogate, 66, 29.0, 0.06666666666666667
surrogate, 66, 29.0, 0.06666666666666667
surrogate, 66, 29.0, 0.06666666666666667
surrogate, 66, 29.0, 0.06666666666666667
surrogate, 66, 29.0, 0.06666666666666667
surrogate, 66, 29.0, 0.06666666666666667
surrogate, 66, 29.0, 0.06666666666666667
surrogate, 66, 29.0, 0.06666666666666667
surrogate, 66, 29.0, 0.06666666666666667
surrogate, 66, 29.0, 0.06666666666666667
surrogate, 66, 29.0, 0.06666666666666667
surrogate, 66, 29.0, 0.06666666666666667
surrogate, 66, 29.0, 0.06666666666666667
surrogate, 66, 29.0, 0.06666666666666667
surrogate, 66, 29.0, 0.06666666666666667
surrogate, 66, 29.0, 0.06666666666666667
surrogate, 66, 29.0, 0.06666666666666667
surrogate, 66, 29.0, 0.06666666666666667
surrogate, 66, 29.0, 0.06666666666666667
surrogate, 66, 29.0, 0.06666666666666667
surrogate, 66, 29.0, 0.06666666666666667
surrogate, 66, 29.0, 0.06666666666666667
surrogate, 66, 29.0, 0.06666666666666667
surrogate, 66, 29.0, 0.06666666666666667
surrogate, 66, 29.0, 0.06666666666666667
surrogate, 66, 29.0, 0.06666666666666667
surrogate, 66, 29.0, 0.06666666666666667
surrogate, 66, 29.0, 0.06666666666666667
surrogate, 66, 29.0, 0.06666666666666667
surrogate, 66, 29.0, 0.06666666666666667
surrogate, 66, 29.0, 0.06666666666666667
surrogate, 66, 29.0, 0.06666666666666667
surrogate, 66, 29.0, 0.06666666666666667
surrogate, 66, 29.0, 0.06666666666666667
surrogate, 66, 29.0, 0.06666666666666667
surrogate, 66, 29.0, 0.06666666666666667
surrogate, 66, 29.0, 0.06666666666666667
surrogate, 66, 29.0, 0.06666666666666667
surrogate, 66, 29.0, 0.06666666666666667
surrogate, 66, 29.0, 0.06666666666666667
surrogate, 66, 29.0, 0.06666666666666667
surrogate, 66, 29.0, 0.06666666666666667
surrogate, 66, 29.0, 0.06666666666666667
surrogate, 66, 29.0, 0.06666666666666667
surrogate, 66, 29.0, 0.06666666666666667
surrogate, 66, 29.0, 0.06666666666666667
surrogate, 66, 29.0, 0.06666666666666667
surrogate, 66, 29.0, 0.06666666666666667
surrogate, 66, 29.0, 0.06666666666666667
surrogate, 66, 29.0, 0.06666666666666667
surrogate, 66, 29.0, 0.06666666666666667
surrogate, 66, 29.0, 0.06666666666666667
surrogate, 66, 28.0, 0.05
surrogate, 66, 28.0, 0.05
surrogate, 66, 28.0, 0.05
surrogate, 66, 28.0, 0.05
surrogate, 66, 28.0, 0.05
surrogate, 66, 28.0, 0.05
surrogate, 66, 28.0, 0.05
surrogate, 66, 28.0, 0.05
surrogate, 66, 28.0, 0.05
surrogate, 66, 28.0, 0.05
surrogate, 66, 28.0, 0.05
surrogate, 66, 28.0, 0.05
surrogate, 66, 28.0, 0.05
surrogate, 66, 28.0, 0.05
surrogate, 66, 28.0, 0.05
surrogate, 66, 28.0, 0.05
surrogate, 66, 28.0, 0.05
surrogate, 66, 28.0, 0.05
surrogate, 66, 27.0, 0.03333333333333333
surrogate, 66, 27.0, 0.03333333333333333
surrogate, 66, 27.0, 0.03333333333333333
surrogate, 66, 27.0, 0.03333333333333333
surrogate, 66, 27.0, 0.03333333333333333
surrogate, 66, 27.0, 0.03333333333333333
surrogate, 66, 27.0, 0.03333333333333333
surrogate, 66, 27.0, 0.03333333333333333
surrogate, 66, 27.0, 0.03333333333333333
surrogate, 66, 27.0, 0.03333333333333333
surrogate, 66, 27.0, 0.03333333333333333
surrogate, 66, 27.0, 0.03333333333333333
surrogate, 66, 27.0, 0.03333333333333333
surrogate, 66, 27.0, 0.03333333333333333
surrogate, 66, 26.0, 0.016666666666666666
surrogate, 66, 26.0, 0.016666666666666666
surrogate, 66, 26.0, 0.016666666666666666
surrogate, 66, 26.0, 0.016666666666666666
surrogate, 66, 26.0, 0.016666666666666666
surrogate, 66, 26.0, 0.016666666666666666
surrogate, 66, 26.0, 0.016666666666666666
surrogate, 66, 26.0, 0.016666666666666666
surrogate, 66, 26.0, 0.016666666666666666
surrogate, 66, 26.0, 0.016666666666666666
surrogate, 66, 26.0, 0.016666666666666666
surrogate, 66, 26.0, 0.016666666666666666
surrogate, 66, 26.0, 0.016666666666666666
surrogate, 66, 26.0, 0.016666666666666666
surrogate, 66, 26.0, 0.016666666666666666
surrogate, 66, 26.0, 0.016666666666666666
surrogate, 66, 26.0, 0.016666666666666666
surrogate, 66, 26.0, 0.016666666666666666
surrogate, 66, 26.0, 0.016666666666666666
surrogate, 66, 26.0, 0.016666666666666666
surrogate, 66, 26.0, 0.016666666666666666
surrogate, 66, 26.0, 0.016666666666666666
surrogate, 66, 26.0, 0.016666666666666666
surrogate, 66, 26.0, 0.016666666666666666
surrogate, 66, 26.0, 0.016666666666666666
surrogate, 66, 26.0, 0.016666666666666666
surrogate, 66, 26.0, 0.016666666666666666
surrogate, 66, 26.0, 0.016666666666666666
surrogate, 66, 26.0, 0.016666666666666666
surrogate, 66, 26.0, 0.016666666666666666
surrogate, 66, 26.0, 0.016666666666666666
surrogate, 66, 26.0, 0.016666666666666666
surrogate, 66, 26.0, 0.016666666666666666
surrogate, 66, 26.0, 0.016666666666666666
surrogate, 66, 26.0, 0.016666666666666666
surrogate, 66, 26.0, 0.016666666666666666
surrogate, 66, 26.0, 0.016666666666666666
surrogate, 66, 26.0, 0.016666666666666666
surrogate, 66, 26.0, 0.016666666666666666
surrogate, 66, 26.0, 0.016666666666666666
surrogate, 66, 26.0, 0.016666666666666666
surrogate, 66, 26.0, 0.016666666666666666
surrogate, 66, 26.0, 0.016666666666666666
surrogate, 66, 26.0, 0.016666666666666666
surrogate, 66, 26.0, 0.016666666666666666
surrogate, 66, 26.0, 0.016666666666666666
surrogate, 66, 26.0, 0.016666666666666666
surrogate, 66, 26.0, 0.016666666666666666
surrogate, 66, 26.0, 0.016666666666666666
surrogate, 66, 26.0, 0.016666666666666666
surrogate, 66, 26.0, 0.016666666666666666
surrogate, 66, 26.0, 0.016666666666666666
surrogate, 66, 26.0, 0.016666666666666666
surrogate, 66, 26.0, 0.016666666666666666
surrogate, 66, 26.0, 0.016666666666666666
surrogate, 66, 26.0, 0.016666666666666666
surrogate, 66, 26.0, 0.016666666666666666
surrogate, 66, 26.0, 0.016666666666666666
surrogate, 66, 26.0, 0.016666666666666666
surrogate, 66, 26.0, 0.016666666666666666
surrogate, 66, 26.0, 0.016666666666666666
surrogate, 66, 26.0, 0.016666666666666666
surrogate, 66, 26.0, 0.016666666666666666
surrogate, 66, 26.0, 0.016666666666666666
surrogate, 66, 26.0, 0.016666666666666666
surrogate, 67, 93.0, 0.8333333333333334
surrogate, 67, 71.0, 0.8
surrogate, 67, 60.0, 0.7666666666666667
surrogate, 67, 60.0, 0.7666666666666667
surrogate, 67, 60.0, 0.7666666666666667
surrogate, 67, 60.0, 0.7666666666666667
surrogate, 67, 60.0, 0.7666666666666667
surrogate, 67, 60.0, 0.7666666666666667
surrogate, 67, 60.0, 0.7666666666666667
surrogate, 67, 60.0, 0.7666666666666667
surrogate, 67, 60.0, 0.7666666666666667
surrogate, 67, 60.0, 0.7666666666666667
surrogate, 67, 56.0, 0.75
surrogate, 67, 56.0, 0.75
surrogate, 67, 48.0, 0.7166666666666667
surrogate, 67, 48.0, 0.7166666666666667
surrogate, 67, 48.0, 0.7166666666666667
surrogate, 67, 48.0, 0.7166666666666667
surrogate, 67, 48.0, 0.7166666666666667
surrogate, 67, 48.0, 0.7166666666666667
surrogate, 67, 43.0, 0.6833333333333333
surrogate, 67, 43.0, 0.6833333333333333
surrogate, 67, 43.0, 0.6833333333333333
surrogate, 67, 43.0, 0.6833333333333333
surrogate, 67, 43.0, 0.6833333333333333
surrogate, 67, 43.0, 0.6833333333333333
surrogate, 67, 43.0, 0.6833333333333333
surrogate, 67, 41.0, 0.65
surrogate, 67, 41.0, 0.65
surrogate, 67, 41.0, 0.65
surrogate, 67, 41.0, 0.65
surrogate, 67, 41.0, 0.65
surrogate, 67, 41.0, 0.65
surrogate, 67, 41.0, 0.65
surrogate, 67, 41.0, 0.65
surrogate, 67, 41.0, 0.65
surrogate, 67, 41.0, 0.65
surrogate, 67, 41.0, 0.65
surrogate, 67, 41.0, 0.65
surrogate, 67, 41.0, 0.65
surrogate, 67, 41.0, 0.65
surrogate, 67, 41.0, 0.65
surrogate, 67, 41.0, 0.65
surrogate, 67, 41.0, 0.65
surrogate, 67, 41.0, 0.65
surrogate, 67, 41.0, 0.65
surrogate, 67, 41.0, 0.65
surrogate, 67, 41.0, 0.65
surrogate, 67, 41.0, 0.65
surrogate, 67, 41.0, 0.65
surrogate, 67, 41.0, 0.65
surrogate, 67, 41.0, 0.65
surrogate, 67, 36.0, 0.55
surrogate, 67, 36.0, 0.55
surrogate, 67, 36.0, 0.55
surrogate, 67, 36.0, 0.55
surrogate, 67, 36.0, 0.55
surrogate, 67, 36.0, 0.55
surrogate, 67, 36.0, 0.55
surrogate, 67, 36.0, 0.55
surrogate, 67, 36.0, 0.55
surrogate, 67, 36.0, 0.55
surrogate, 67, 36.0, 0.55
surrogate, 67, 36.0, 0.55
surrogate, 67, 36.0, 0.55
surrogate, 67, 36.0, 0.55
surrogate, 67, 36.0, 0.55
surrogate, 67, 36.0, 0.55
surrogate, 67, 36.0, 0.55
surrogate, 67, 36.0, 0.55
surrogate, 67, 36.0, 0.55
surrogate, 67, 36.0, 0.55
surrogate, 67, 36.0, 0.55
surrogate, 67, 36.0, 0.55
surrogate, 67, 36.0, 0.55
surrogate, 67, 36.0, 0.55
surrogate, 67, 34.0, 0.5166666666666667
surrogate, 67, 33.0, 0.5
surrogate, 67, 33.0, 0.5
surrogate, 67, 33.0, 0.5
surrogate, 67, 33.0, 0.5
surrogate, 67, 33.0, 0.5
surrogate, 67, 33.0, 0.5
surrogate, 67, 33.0, 0.5
surrogate, 67, 33.0, 0.5
surrogate, 67, 33.0, 0.5
surrogate, 67, 33.0, 0.5
surrogate, 67, 33.0, 0.5
surrogate, 67, 33.0, 0.5
surrogate, 67, 33.0, 0.5
surrogate, 67, 33.0, 0.5
surrogate, 67, 33.0, 0.5
surrogate, 67, 33.0, 0.5
surrogate, 67, 33.0, 0.5
surrogate, 67, 33.0, 0.5
surrogate, 67, 33.0, 0.5
surrogate, 67, 33.0, 0.5
surrogate, 67, 32.0, 0.36666666666666664
surrogate, 67, 32.0, 0.36666666666666664
surrogate, 67, 32.0, 0.36666666666666664
surrogate, 67, 32.0, 0.36666666666666664
surrogate, 67, 32.0, 0.36666666666666664
surrogate, 67, 32.0, 0.36666666666666664
surrogate, 67, 32.0, 0.36666666666666664
surrogate, 67, 32.0, 0.36666666666666664
surrogate, 67, 32.0, 0.36666666666666664
surrogate, 67, 32.0, 0.36666666666666664
surrogate, 67, 32.0, 0.36666666666666664
surrogate, 67, 32.0, 0.36666666666666664
surrogate, 67, 32.0, 0.36666666666666664
surrogate, 67, 32.0, 0.36666666666666664
surrogate, 67, 32.0, 0.36666666666666664
surrogate, 67, 32.0, 0.36666666666666664
surrogate, 67, 32.0, 0.36666666666666664
surrogate, 67, 32.0, 0.36666666666666664
surrogate, 67, 32.0, 0.36666666666666664
surrogate, 67, 32.0, 0.36666666666666664
surrogate, 67, 32.0, 0.36666666666666664
surrogate, 67, 32.0, 0.36666666666666664
surrogate, 67, 32.0, 0.36666666666666664
surrogate, 67, 32.0, 0.36666666666666664
surrogate, 67, 32.0, 0.36666666666666664
surrogate, 67, 32.0, 0.36666666666666664
surrogate, 67, 32.0, 0.36666666666666664
surrogate, 67, 32.0, 0.36666666666666664
surrogate, 67, 32.0, 0.36666666666666664
surrogate, 67, 32.0, 0.36666666666666664
surrogate, 67, 32.0, 0.36666666666666664
surrogate, 67, 32.0, 0.36666666666666664
surrogate, 67, 32.0, 0.36666666666666664
surrogate, 67, 32.0, 0.36666666666666664
surrogate, 67, 32.0, 0.36666666666666664
surrogate, 67, 32.0, 0.36666666666666664
surrogate, 67, 32.0, 0.36666666666666664
surrogate, 67, 32.0, 0.36666666666666664
surrogate, 67, 32.0, 0.36666666666666664
surrogate, 67, 32.0, 0.36666666666666664
surrogate, 67, 32.0, 0.36666666666666664
surrogate, 67, 32.0, 0.36666666666666664
surrogate, 67, 32.0, 0.36666666666666664
surrogate, 67, 32.0, 0.36666666666666664
surrogate, 67, 32.0, 0.36666666666666664
surrogate, 67, 32.0, 0.36666666666666664
surrogate, 67, 32.0, 0.36666666666666664
surrogate, 67, 32.0, 0.36666666666666664
surrogate, 67, 32.0, 0.36666666666666664
surrogate, 67, 32.0, 0.36666666666666664
surrogate, 67, 32.0, 0.36666666666666664
surrogate, 67, 32.0, 0.36666666666666664
surrogate, 67, 32.0, 0.36666666666666664
surrogate, 67, 32.0, 0.36666666666666664
surrogate, 67, 30.0, 0.26666666666666666
surrogate, 67, 30.0, 0.26666666666666666
surrogate, 67, 30.0, 0.26666666666666666
surrogate, 67, 30.0, 0.26666666666666666
surrogate, 67, 30.0, 0.26666666666666666
surrogate, 67, 30.0, 0.26666666666666666
surrogate, 67, 30.0, 0.26666666666666666
surrogate, 67, 30.0, 0.26666666666666666
surrogate, 67, 30.0, 0.26666666666666666
surrogate, 67, 30.0, 0.26666666666666666
surrogate, 67, 30.0, 0.26666666666666666
surrogate, 67, 30.0, 0.26666666666666666
surrogate, 67, 30.0, 0.26666666666666666
surrogate, 67, 30.0, 0.26666666666666666
surrogate, 67, 30.0, 0.26666666666666666
surrogate, 67, 30.0, 0.26666666666666666
surrogate, 67, 30.0, 0.26666666666666666
surrogate, 67, 30.0, 0.26666666666666666
surrogate, 67, 30.0, 0.26666666666666666
surrogate, 67, 30.0, 0.26666666666666666
surrogate, 67, 30.0, 0.26666666666666666
surrogate, 67, 30.0, 0.26666666666666666
surrogate, 67, 30.0, 0.26666666666666666
surrogate, 67, 30.0, 0.26666666666666666
surrogate, 67, 30.0, 0.26666666666666666
surrogate, 67, 30.0, 0.26666666666666666
surrogate, 67, 30.0, 0.26666666666666666
surrogate, 67, 30.0, 0.26666666666666666
surrogate, 67, 30.0, 0.26666666666666666
surrogate, 67, 30.0, 0.26666666666666666
surrogate, 67, 30.0, 0.26666666666666666
surrogate, 67, 30.0, 0.26666666666666666
surrogate, 67, 29.0, 0.06666666666666667
surrogate, 67, 29.0, 0.06666666666666667
surrogate, 67, 29.0, 0.06666666666666667
surrogate, 67, 29.0, 0.06666666666666667
surrogate, 67, 29.0, 0.06666666666666667
surrogate, 67, 29.0, 0.06666666666666667
surrogate, 67, 29.0, 0.06666666666666667
surrogate, 67, 29.0, 0.06666666666666667
surrogate, 67, 29.0, 0.06666666666666667
surrogate, 67, 29.0, 0.06666666666666667
surrogate, 67, 29.0, 0.06666666666666667
surrogate, 67, 29.0, 0.06666666666666667
surrogate, 67, 29.0, 0.06666666666666667
surrogate, 67, 29.0, 0.06666666666666667
surrogate, 67, 29.0, 0.06666666666666667
surrogate, 67, 29.0, 0.06666666666666667
surrogate, 67, 29.0, 0.06666666666666667
surrogate, 67, 29.0, 0.06666666666666667
surrogate, 67, 29.0, 0.06666666666666667
surrogate, 67, 29.0, 0.06666666666666667
surrogate, 67, 29.0, 0.06666666666666667
surrogate, 67, 29.0, 0.06666666666666667
surrogate, 67, 29.0, 0.06666666666666667
surrogate, 67, 29.0, 0.06666666666666667
surrogate, 67, 29.0, 0.06666666666666667
surrogate, 67, 29.0, 0.06666666666666667
surrogate, 67, 29.0, 0.06666666666666667
surrogate, 67, 29.0, 0.06666666666666667
surrogate, 67, 29.0, 0.06666666666666667
surrogate, 67, 29.0, 0.06666666666666667
surrogate, 67, 29.0, 0.06666666666666667
surrogate, 67, 29.0, 0.06666666666666667
surrogate, 67, 29.0, 0.06666666666666667
surrogate, 67, 29.0, 0.06666666666666667
surrogate, 67, 29.0, 0.06666666666666667
surrogate, 67, 29.0, 0.06666666666666667
surrogate, 67, 29.0, 0.06666666666666667
surrogate, 67, 29.0, 0.06666666666666667
surrogate, 67, 29.0, 0.06666666666666667
surrogate, 67, 29.0, 0.06666666666666667
surrogate, 67, 29.0, 0.06666666666666667
surrogate, 67, 29.0, 0.06666666666666667
surrogate, 67, 29.0, 0.06666666666666667
surrogate, 67, 29.0, 0.06666666666666667
surrogate, 67, 29.0, 0.06666666666666667
surrogate, 67, 29.0, 0.06666666666666667
surrogate, 67, 29.0, 0.06666666666666667
surrogate, 67, 29.0, 0.06666666666666667
surrogate, 67, 29.0, 0.06666666666666667
surrogate, 67, 29.0, 0.06666666666666667
surrogate, 67, 29.0, 0.06666666666666667
surrogate, 67, 29.0, 0.06666666666666667
surrogate, 67, 29.0, 0.06666666666666667
surrogate, 67, 28.0, 0.05
surrogate, 67, 28.0, 0.05
surrogate, 67, 28.0, 0.05
surrogate, 67, 28.0, 0.05
surrogate, 67, 28.0, 0.05
surrogate, 67, 28.0, 0.05
surrogate, 67, 28.0, 0.05
surrogate, 67, 28.0, 0.05
surrogate, 67, 28.0, 0.05
surrogate, 67, 28.0, 0.05
surrogate, 67, 28.0, 0.05
surrogate, 67, 28.0, 0.05
surrogate, 67, 28.0, 0.05
surrogate, 67, 28.0, 0.05
surrogate, 67, 28.0, 0.05
surrogate, 67, 28.0, 0.05
surrogate, 67, 28.0, 0.05
surrogate, 67, 28.0, 0.05
surrogate, 67, 27.0, 0.03333333333333333
surrogate, 67, 27.0, 0.03333333333333333
surrogate, 67, 27.0, 0.03333333333333333
surrogate, 67, 27.0, 0.03333333333333333
surrogate, 67, 27.0, 0.03333333333333333
surrogate, 67, 27.0, 0.03333333333333333
surrogate, 67, 27.0, 0.03333333333333333
surrogate, 67, 27.0, 0.03333333333333333
surrogate, 67, 27.0, 0.03333333333333333
surrogate, 67, 27.0, 0.03333333333333333
surrogate, 67, 27.0, 0.03333333333333333
surrogate, 67, 27.0, 0.03333333333333333
surrogate, 67, 27.0, 0.03333333333333333
surrogate, 67, 27.0, 0.03333333333333333
surrogate, 67, 26.0, 0.016666666666666666
surrogate, 67, 26.0, 0.016666666666666666
surrogate, 67, 26.0, 0.016666666666666666
surrogate, 67, 26.0, 0.016666666666666666
surrogate, 67, 26.0, 0.016666666666666666
surrogate, 67, 26.0, 0.016666666666666666
surrogate, 67, 26.0, 0.016666666666666666
surrogate, 67, 26.0, 0.016666666666666666
surrogate, 67, 26.0, 0.016666666666666666
surrogate, 67, 26.0, 0.016666666666666666
surrogate, 67, 26.0, 0.016666666666666666
surrogate, 67, 26.0, 0.016666666666666666
surrogate, 67, 26.0, 0.016666666666666666
surrogate, 67, 26.0, 0.016666666666666666
surrogate, 67, 26.0, 0.016666666666666666
surrogate, 67, 26.0, 0.016666666666666666
surrogate, 67, 26.0, 0.016666666666666666
surrogate, 67, 26.0, 0.016666666666666666
surrogate, 67, 26.0, 0.016666666666666666
surrogate, 67, 26.0, 0.016666666666666666
surrogate, 67, 26.0, 0.016666666666666666
surrogate, 67, 26.0, 0.016666666666666666
surrogate, 67, 26.0, 0.016666666666666666
surrogate, 67, 26.0, 0.016666666666666666
surrogate, 67, 26.0, 0.016666666666666666
surrogate, 67, 26.0, 0.016666666666666666
surrogate, 67, 26.0, 0.016666666666666666
surrogate, 67, 26.0, 0.016666666666666666
surrogate, 67, 26.0, 0.016666666666666666
surrogate, 67, 26.0, 0.016666666666666666
surrogate, 67, 26.0, 0.016666666666666666
surrogate, 67, 26.0, 0.016666666666666666
surrogate, 67, 26.0, 0.016666666666666666
surrogate, 67, 26.0, 0.016666666666666666
surrogate, 67, 26.0, 0.016666666666666666
surrogate, 67, 26.0, 0.016666666666666666
surrogate, 67, 26.0, 0.016666666666666666
surrogate, 67, 26.0, 0.016666666666666666
surrogate, 67, 26.0, 0.016666666666666666
surrogate, 67, 26.0, 0.016666666666666666
surrogate, 67, 26.0, 0.016666666666666666
surrogate, 67, 26.0, 0.016666666666666666
surrogate, 67, 26.0, 0.016666666666666666
surrogate, 67, 26.0, 0.016666666666666666
surrogate, 67, 26.0, 0.016666666666666666
surrogate, 67, 26.0, 0.016666666666666666
surrogate, 67, 26.0, 0.016666666666666666
surrogate, 67, 26.0, 0.016666666666666666
surrogate, 67, 26.0, 0.016666666666666666
surrogate, 67, 26.0, 0.016666666666666666
surrogate, 67, 26.0, 0.016666666666666666
surrogate, 67, 26.0, 0.016666666666666666
surrogate, 67, 26.0, 0.016666666666666666
surrogate, 67, 26.0, 0.016666666666666666
surrogate, 67, 26.0, 0.016666666666666666
surrogate, 67, 26.0, 0.016666666666666666
surrogate, 67, 26.0, 0.016666666666666666
surrogate, 67, 26.0, 0.016666666666666666
surrogate, 67, 26.0, 0.016666666666666666
surrogate, 67, 26.0, 0.016666666666666666
surrogate, 67, 26.0, 0.016666666666666666
surrogate, 67, 26.0, 0.016666666666666666
surrogate, 67, 26.0, 0.016666666666666666
surrogate, 67, 26.0, 0.016666666666666666
surrogate, 67, 26.0, 0.016666666666666666
surrogate, 67, 26.0, 0.016666666666666666
surrogate, 68, 93.0, 0.8333333333333334
surrogate, 68, 71.0, 0.8
surrogate, 68, 60.0, 0.7666666666666667
surrogate, 68, 60.0, 0.7666666666666667
surrogate, 68, 60.0, 0.7666666666666667
surrogate, 68, 60.0, 0.7666666666666667
surrogate, 68, 60.0, 0.7666666666666667
surrogate, 68, 60.0, 0.7666666666666667
surrogate, 68, 60.0, 0.7666666666666667
surrogate, 68, 60.0, 0.7666666666666667
surrogate, 68, 60.0, 0.7666666666666667
surrogate, 68, 60.0, 0.7666666666666667
surrogate, 68, 53.0, 0.75
surrogate, 68, 48.0, 0.7166666666666667
surrogate, 68, 48.0, 0.7166666666666667
surrogate, 68, 48.0, 0.7166666666666667
surrogate, 68, 48.0, 0.7166666666666667
surrogate, 68, 48.0, 0.7166666666666667
surrogate, 68, 48.0, 0.7166666666666667
surrogate, 68, 43.0, 0.6833333333333333
surrogate, 68, 43.0, 0.6833333333333333
surrogate, 68, 43.0, 0.6833333333333333
surrogate, 68, 43.0, 0.6833333333333333
surrogate, 68, 43.0, 0.6833333333333333
surrogate, 68, 43.0, 0.6833333333333333
surrogate, 68, 43.0, 0.6833333333333333
surrogate, 68, 43.0, 0.6833333333333333
surrogate, 68, 41.0, 0.65
surrogate, 68, 41.0, 0.65
surrogate, 68, 41.0, 0.65
surrogate, 68, 41.0, 0.65
surrogate, 68, 41.0, 0.65
surrogate, 68, 41.0, 0.65
surrogate, 68, 41.0, 0.65
surrogate, 68, 41.0, 0.65
surrogate, 68, 41.0, 0.65
surrogate, 68, 41.0, 0.65
surrogate, 68, 41.0, 0.65
surrogate, 68, 41.0, 0.65
surrogate, 68, 41.0, 0.65
surrogate, 68, 41.0, 0.65
surrogate, 68, 41.0, 0.65
surrogate, 68, 41.0, 0.65
surrogate, 68, 41.0, 0.65
surrogate, 68, 41.0, 0.65
surrogate, 68, 41.0, 0.65
surrogate, 68, 41.0, 0.65
surrogate, 68, 41.0, 0.65
surrogate, 68, 41.0, 0.65
surrogate, 68, 41.0, 0.65
surrogate, 68, 41.0, 0.65
surrogate, 68, 41.0, 0.65
surrogate, 68, 36.0, 0.55
surrogate, 68, 36.0, 0.55
surrogate, 68, 36.0, 0.55
surrogate, 68, 36.0, 0.55
surrogate, 68, 36.0, 0.55
surrogate, 68, 36.0, 0.55
surrogate, 68, 36.0, 0.55
surrogate, 68, 36.0, 0.55
surrogate, 68, 36.0, 0.55
surrogate, 68, 36.0, 0.55
surrogate, 68, 36.0, 0.55
surrogate, 68, 36.0, 0.55
surrogate, 68, 36.0, 0.55
surrogate, 68, 36.0, 0.55
surrogate, 68, 36.0, 0.55
surrogate, 68, 36.0, 0.55
surrogate, 68, 36.0, 0.55
surrogate, 68, 36.0, 0.55
surrogate, 68, 36.0, 0.55
surrogate, 68, 36.0, 0.55
surrogate, 68, 36.0, 0.55
surrogate, 68, 36.0, 0.55
surrogate, 68, 36.0, 0.55
surrogate, 68, 36.0, 0.55
surrogate, 68, 36.0, 0.55
surrogate, 68, 34.0, 0.5166666666666667
surrogate, 68, 33.0, 0.5
surrogate, 68, 33.0, 0.5
surrogate, 68, 33.0, 0.5
surrogate, 68, 33.0, 0.5
surrogate, 68, 33.0, 0.5
surrogate, 68, 33.0, 0.5
surrogate, 68, 33.0, 0.5
surrogate, 68, 33.0, 0.5
surrogate, 68, 33.0, 0.5
surrogate, 68, 33.0, 0.5
surrogate, 68, 33.0, 0.5
surrogate, 68, 33.0, 0.5
surrogate, 68, 33.0, 0.5
surrogate, 68, 33.0, 0.5
surrogate, 68, 33.0, 0.5
surrogate, 68, 33.0, 0.5
surrogate, 68, 33.0, 0.5
surrogate, 68, 33.0, 0.5
surrogate, 68, 33.0, 0.5
surrogate, 68, 33.0, 0.5
surrogate, 68, 33.0, 0.5
surrogate, 68, 32.0, 0.36666666666666664
surrogate, 68, 32.0, 0.36666666666666664
surrogate, 68, 32.0, 0.36666666666666664
surrogate, 68, 32.0, 0.36666666666666664
surrogate, 68, 32.0, 0.36666666666666664
surrogate, 68, 32.0, 0.36666666666666664
surrogate, 68, 32.0, 0.36666666666666664
surrogate, 68, 32.0, 0.36666666666666664
surrogate, 68, 32.0, 0.36666666666666664
surrogate, 68, 32.0, 0.36666666666666664
surrogate, 68, 32.0, 0.36666666666666664
surrogate, 68, 32.0, 0.36666666666666664
surrogate, 68, 32.0, 0.36666666666666664
surrogate, 68, 32.0, 0.36666666666666664
surrogate, 68, 32.0, 0.36666666666666664
surrogate, 68, 32.0, 0.36666666666666664
surrogate, 68, 32.0, 0.36666666666666664
surrogate, 68, 32.0, 0.36666666666666664
surrogate, 68, 32.0, 0.36666666666666664
surrogate, 68, 32.0, 0.36666666666666664
surrogate, 68, 32.0, 0.36666666666666664
surrogate, 68, 32.0, 0.36666666666666664
surrogate, 68, 32.0, 0.36666666666666664
surrogate, 68, 32.0, 0.36666666666666664
surrogate, 68, 32.0, 0.36666666666666664
surrogate, 68, 32.0, 0.36666666666666664
surrogate, 68, 32.0, 0.36666666666666664
surrogate, 68, 32.0, 0.36666666666666664
surrogate, 68, 32.0, 0.36666666666666664
surrogate, 68, 32.0, 0.36666666666666664
surrogate, 68, 32.0, 0.36666666666666664
surrogate, 68, 32.0, 0.36666666666666664
surrogate, 68, 32.0, 0.36666666666666664
surrogate, 68, 32.0, 0.36666666666666664
surrogate, 68, 32.0, 0.36666666666666664
surrogate, 68, 32.0, 0.36666666666666664
surrogate, 68, 32.0, 0.36666666666666664
surrogate, 68, 32.0, 0.36666666666666664
surrogate, 68, 32.0, 0.36666666666666664
surrogate, 68, 32.0, 0.36666666666666664
surrogate, 68, 32.0, 0.36666666666666664
surrogate, 68, 32.0, 0.36666666666666664
surrogate, 68, 32.0, 0.36666666666666664
surrogate, 68, 32.0, 0.36666666666666664
surrogate, 68, 32.0, 0.36666666666666664
surrogate, 68, 32.0, 0.36666666666666664
surrogate, 68, 32.0, 0.36666666666666664
surrogate, 68, 32.0, 0.36666666666666664
surrogate, 68, 32.0, 0.36666666666666664
surrogate, 68, 32.0, 0.36666666666666664
surrogate, 68, 32.0, 0.36666666666666664
surrogate, 68, 32.0, 0.36666666666666664
surrogate, 68, 32.0, 0.36666666666666664
surrogate, 68, 32.0, 0.36666666666666664
surrogate, 68, 32.0, 0.36666666666666664
surrogate, 68, 30.0, 0.26666666666666666
surrogate, 68, 30.0, 0.26666666666666666
surrogate, 68, 30.0, 0.26666666666666666
surrogate, 68, 30.0, 0.26666666666666666
surrogate, 68, 30.0, 0.26666666666666666
surrogate, 68, 30.0, 0.26666666666666666
surrogate, 68, 30.0, 0.26666666666666666
surrogate, 68, 30.0, 0.26666666666666666
surrogate, 68, 30.0, 0.26666666666666666
surrogate, 68, 30.0, 0.26666666666666666
surrogate, 68, 30.0, 0.26666666666666666
surrogate, 68, 30.0, 0.26666666666666666
surrogate, 68, 30.0, 0.26666666666666666
surrogate, 68, 30.0, 0.26666666666666666
surrogate, 68, 30.0, 0.26666666666666666
surrogate, 68, 30.0, 0.26666666666666666
surrogate, 68, 30.0, 0.26666666666666666
surrogate, 68, 30.0, 0.26666666666666666
surrogate, 68, 30.0, 0.26666666666666666
surrogate, 68, 30.0, 0.26666666666666666
surrogate, 68, 30.0, 0.26666666666666666
surrogate, 68, 30.0, 0.26666666666666666
surrogate, 68, 30.0, 0.26666666666666666
surrogate, 68, 30.0, 0.26666666666666666
surrogate, 68, 30.0, 0.26666666666666666
surrogate, 68, 30.0, 0.26666666666666666
surrogate, 68, 30.0, 0.26666666666666666
surrogate, 68, 30.0, 0.26666666666666666
surrogate, 68, 30.0, 0.26666666666666666
surrogate, 68, 30.0, 0.26666666666666666
surrogate, 68, 30.0, 0.26666666666666666
surrogate, 68, 30.0, 0.26666666666666666
surrogate, 68, 30.0, 0.26666666666666666
surrogate, 68, 29.0, 0.06666666666666667
surrogate, 68, 29.0, 0.06666666666666667
surrogate, 68, 29.0, 0.06666666666666667
surrogate, 68, 29.0, 0.06666666666666667
surrogate, 68, 29.0, 0.06666666666666667
surrogate, 68, 29.0, 0.06666666666666667
surrogate, 68, 29.0, 0.06666666666666667
surrogate, 68, 29.0, 0.06666666666666667
surrogate, 68, 29.0, 0.06666666666666667
surrogate, 68, 29.0, 0.06666666666666667
surrogate, 68, 29.0, 0.06666666666666667
surrogate, 68, 29.0, 0.06666666666666667
surrogate, 68, 29.0, 0.06666666666666667
surrogate, 68, 29.0, 0.06666666666666667
surrogate, 68, 29.0, 0.06666666666666667
surrogate, 68, 29.0, 0.06666666666666667
surrogate, 68, 29.0, 0.06666666666666667
surrogate, 68, 29.0, 0.06666666666666667
surrogate, 68, 29.0, 0.06666666666666667
surrogate, 68, 29.0, 0.06666666666666667
surrogate, 68, 29.0, 0.06666666666666667
surrogate, 68, 29.0, 0.06666666666666667
surrogate, 68, 29.0, 0.06666666666666667
surrogate, 68, 29.0, 0.06666666666666667
surrogate, 68, 29.0, 0.06666666666666667
surrogate, 68, 29.0, 0.06666666666666667
surrogate, 68, 29.0, 0.06666666666666667
surrogate, 68, 29.0, 0.06666666666666667
surrogate, 68, 29.0, 0.06666666666666667
surrogate, 68, 29.0, 0.06666666666666667
surrogate, 68, 29.0, 0.06666666666666667
surrogate, 68, 29.0, 0.06666666666666667
surrogate, 68, 29.0, 0.06666666666666667
surrogate, 68, 29.0, 0.06666666666666667
surrogate, 68, 29.0, 0.06666666666666667
surrogate, 68, 29.0, 0.06666666666666667
surrogate, 68, 29.0, 0.06666666666666667
surrogate, 68, 29.0, 0.06666666666666667
surrogate, 68, 29.0, 0.06666666666666667
surrogate, 68, 29.0, 0.06666666666666667
surrogate, 68, 29.0, 0.06666666666666667
surrogate, 68, 29.0, 0.06666666666666667
surrogate, 68, 29.0, 0.06666666666666667
surrogate, 68, 29.0, 0.06666666666666667
surrogate, 68, 29.0, 0.06666666666666667
surrogate, 68, 29.0, 0.06666666666666667
surrogate, 68, 29.0, 0.06666666666666667
surrogate, 68, 29.0, 0.06666666666666667
surrogate, 68, 29.0, 0.06666666666666667
surrogate, 68, 29.0, 0.06666666666666667
surrogate, 68, 29.0, 0.06666666666666667
surrogate, 68, 29.0, 0.06666666666666667
surrogate, 68, 29.0, 0.06666666666666667
surrogate, 68, 29.0, 0.06666666666666667
surrogate, 68, 28.0, 0.05
surrogate, 68, 28.0, 0.05
surrogate, 68, 28.0, 0.05
surrogate, 68, 28.0, 0.05
surrogate, 68, 28.0, 0.05
surrogate, 68, 28.0, 0.05
surrogate, 68, 28.0, 0.05
surrogate, 68, 28.0, 0.05
surrogate, 68, 28.0, 0.05
surrogate, 68, 28.0, 0.05
surrogate, 68, 28.0, 0.05
surrogate, 68, 28.0, 0.05
surrogate, 68, 28.0, 0.05
surrogate, 68, 28.0, 0.05
surrogate, 68, 28.0, 0.05
surrogate, 68, 28.0, 0.05
surrogate, 68, 28.0, 0.05
surrogate, 68, 28.0, 0.05
surrogate, 68, 27.0, 0.03333333333333333
surrogate, 68, 27.0, 0.03333333333333333
surrogate, 68, 27.0, 0.03333333333333333
surrogate, 68, 27.0, 0.03333333333333333
surrogate, 68, 27.0, 0.03333333333333333
surrogate, 68, 27.0, 0.03333333333333333
surrogate, 68, 27.0, 0.03333333333333333
surrogate, 68, 27.0, 0.03333333333333333
surrogate, 68, 27.0, 0.03333333333333333
surrogate, 68, 27.0, 0.03333333333333333
surrogate, 68, 27.0, 0.03333333333333333
surrogate, 68, 27.0, 0.03333333333333333
surrogate, 68, 27.0, 0.03333333333333333
surrogate, 68, 27.0, 0.03333333333333333
surrogate, 68, 26.0, 0.016666666666666666
surrogate, 68, 26.0, 0.016666666666666666
surrogate, 68, 26.0, 0.016666666666666666
surrogate, 68, 26.0, 0.016666666666666666
surrogate, 68, 26.0, 0.016666666666666666
surrogate, 68, 26.0, 0.016666666666666666
surrogate, 68, 26.0, 0.016666666666666666
surrogate, 68, 26.0, 0.016666666666666666
surrogate, 68, 26.0, 0.016666666666666666
surrogate, 68, 26.0, 0.016666666666666666
surrogate, 68, 26.0, 0.016666666666666666
surrogate, 68, 26.0, 0.016666666666666666
surrogate, 68, 26.0, 0.016666666666666666
surrogate, 68, 26.0, 0.016666666666666666
surrogate, 68, 26.0, 0.016666666666666666
surrogate, 68, 26.0, 0.016666666666666666
surrogate, 68, 26.0, 0.016666666666666666
surrogate, 68, 26.0, 0.016666666666666666
surrogate, 68, 26.0, 0.016666666666666666
surrogate, 68, 26.0, 0.016666666666666666
surrogate, 68, 26.0, 0.016666666666666666
surrogate, 68, 26.0, 0.016666666666666666
surrogate, 68, 26.0, 0.016666666666666666
surrogate, 68, 26.0, 0.016666666666666666
surrogate, 68, 26.0, 0.016666666666666666
surrogate, 68, 26.0, 0.016666666666666666
surrogate, 68, 26.0, 0.016666666666666666
surrogate, 68, 26.0, 0.016666666666666666
surrogate, 68, 26.0, 0.016666666666666666
surrogate, 68, 26.0, 0.016666666666666666
surrogate, 68, 26.0, 0.016666666666666666
surrogate, 68, 26.0, 0.016666666666666666
surrogate, 68, 26.0, 0.016666666666666666
surrogate, 68, 26.0, 0.016666666666666666
surrogate, 68, 26.0, 0.016666666666666666
surrogate, 68, 26.0, 0.016666666666666666
surrogate, 68, 26.0, 0.016666666666666666
surrogate, 68, 26.0, 0.016666666666666666
surrogate, 68, 26.0, 0.016666666666666666
surrogate, 68, 26.0, 0.016666666666666666
surrogate, 68, 26.0, 0.016666666666666666
surrogate, 68, 26.0, 0.016666666666666666
surrogate, 68, 26.0, 0.016666666666666666
surrogate, 68, 26.0, 0.016666666666666666
surrogate, 68, 26.0, 0.016666666666666666
surrogate, 68, 26.0, 0.016666666666666666
surrogate, 68, 26.0, 0.016666666666666666
surrogate, 68, 26.0, 0.016666666666666666
surrogate, 68, 26.0, 0.016666666666666666
surrogate, 68, 26.0, 0.016666666666666666
surrogate, 68, 26.0, 0.016666666666666666
surrogate, 68, 26.0, 0.016666666666666666
surrogate, 68, 26.0, 0.016666666666666666
surrogate, 68, 26.0, 0.016666666666666666
surrogate, 68, 26.0, 0.016666666666666666
surrogate, 68, 26.0, 0.016666666666666666
surrogate, 68, 26.0, 0.016666666666666666
surrogate, 68, 26.0, 0.016666666666666666
surrogate, 68, 26.0, 0.016666666666666666
surrogate, 68, 26.0, 0.016666666666666666
surrogate, 68, 26.0, 0.016666666666666666
surrogate, 68, 26.0, 0.016666666666666666
surrogate, 68, 26.0, 0.016666666666666666
surrogate, 68, 26.0, 0.016666666666666666
surrogate, 68, 26.0, 0.016666666666666666
surrogate, 68, 26.0, 0.016666666666666666
surrogate, 68, 26.0, 0.016666666666666666
surrogate, 69, 93.0, 0.8333333333333334
surrogate, 69, 71.0, 0.8
surrogate, 69, 71.0, 0.8
surrogate, 69, 60.0, 0.7666666666666667
surrogate, 69, 60.0, 0.7666666666666667
surrogate, 69, 60.0, 0.7666666666666667
surrogate, 69, 60.0, 0.7666666666666667
surrogate, 69, 60.0, 0.7666666666666667
surrogate, 69, 60.0, 0.7666666666666667
surrogate, 69, 60.0, 0.7666666666666667
surrogate, 69, 60.0, 0.7666666666666667
surrogate, 69, 60.0, 0.7666666666666667
surrogate, 69, 60.0, 0.7666666666666667
surrogate, 69, 53.0, 0.75
surrogate, 69, 48.0, 0.7166666666666667
surrogate, 69, 48.0, 0.7166666666666667
surrogate, 69, 48.0, 0.7166666666666667
surrogate, 69, 48.0, 0.7166666666666667
surrogate, 69, 48.0, 0.7166666666666667
surrogate, 69, 48.0, 0.7166666666666667
surrogate, 69, 48.0, 0.7166666666666667
surrogate, 69, 43.0, 0.6833333333333333
surrogate, 69, 43.0, 0.6833333333333333
surrogate, 69, 43.0, 0.6833333333333333
surrogate, 69, 43.0, 0.6833333333333333
surrogate, 69, 43.0, 0.6833333333333333
surrogate, 69, 43.0, 0.6833333333333333
surrogate, 69, 43.0, 0.6833333333333333
surrogate, 69, 43.0, 0.6833333333333333
surrogate, 69, 43.0, 0.6833333333333333
surrogate, 69, 41.0, 0.65
surrogate, 69, 41.0, 0.65
surrogate, 69, 41.0, 0.65
surrogate, 69, 41.0, 0.65
surrogate, 69, 41.0, 0.65
surrogate, 69, 41.0, 0.65
surrogate, 69, 41.0, 0.65
surrogate, 69, 41.0, 0.65
surrogate, 69, 41.0, 0.65
surrogate, 69, 41.0, 0.65
surrogate, 69, 41.0, 0.65
surrogate, 69, 41.0, 0.65
surrogate, 69, 41.0, 0.65
surrogate, 69, 41.0, 0.65
surrogate, 69, 41.0, 0.65
surrogate, 69, 41.0, 0.65
surrogate, 69, 41.0, 0.65
surrogate, 69, 41.0, 0.65
surrogate, 69, 41.0, 0.65
surrogate, 69, 41.0, 0.65
surrogate, 69, 41.0, 0.65
surrogate, 69, 41.0, 0.65
surrogate, 69, 41.0, 0.65
surrogate, 69, 41.0, 0.65
surrogate, 69, 41.0, 0.65
surrogate, 69, 36.0, 0.55
surrogate, 69, 36.0, 0.55
surrogate, 69, 36.0, 0.55
surrogate, 69, 36.0, 0.55
surrogate, 69, 36.0, 0.55
surrogate, 69, 36.0, 0.55
surrogate, 69, 36.0, 0.55
surrogate, 69, 36.0, 0.55
surrogate, 69, 36.0, 0.55
surrogate, 69, 36.0, 0.55
surrogate, 69, 36.0, 0.55
surrogate, 69, 36.0, 0.55
surrogate, 69, 36.0, 0.55
surrogate, 69, 36.0, 0.55
surrogate, 69, 36.0, 0.55
surrogate, 69, 36.0, 0.55
surrogate, 69, 36.0, 0.55
surrogate, 69, 36.0, 0.55
surrogate, 69, 36.0, 0.55
surrogate, 69, 36.0, 0.55
surrogate, 69, 36.0, 0.55
surrogate, 69, 36.0, 0.55
surrogate, 69, 36.0, 0.55
surrogate, 69, 36.0, 0.55
surrogate, 69, 36.0, 0.55
surrogate, 69, 34.0, 0.5166666666666667
surrogate, 69, 33.0, 0.5
surrogate, 69, 33.0, 0.5
surrogate, 69, 33.0, 0.5
surrogate, 69, 33.0, 0.5
surrogate, 69, 33.0, 0.5
surrogate, 69, 33.0, 0.5
surrogate, 69, 33.0, 0.5
surrogate, 69, 33.0, 0.5
surrogate, 69, 33.0, 0.5
surrogate, 69, 33.0, 0.5
surrogate, 69, 33.0, 0.5
surrogate, 69, 33.0, 0.5
surrogate, 69, 33.0, 0.5
surrogate, 69, 33.0, 0.5
surrogate, 69, 33.0, 0.5
surrogate, 69, 33.0, 0.5
surrogate, 69, 33.0, 0.5
surrogate, 69, 33.0, 0.5
surrogate, 69, 33.0, 0.5
surrogate, 69, 33.0, 0.5
surrogate, 69, 33.0, 0.5
surrogate, 69, 33.0, 0.5
surrogate, 69, 32.0, 0.36666666666666664
surrogate, 69, 32.0, 0.36666666666666664
surrogate, 69, 32.0, 0.36666666666666664
surrogate, 69, 32.0, 0.36666666666666664
surrogate, 69, 32.0, 0.36666666666666664
surrogate, 69, 32.0, 0.36666666666666664
surrogate, 69, 32.0, 0.36666666666666664
surrogate, 69, 32.0, 0.36666666666666664
surrogate, 69, 32.0, 0.36666666666666664
surrogate, 69, 32.0, 0.36666666666666664
surrogate, 69, 32.0, 0.36666666666666664
surrogate, 69, 32.0, 0.36666666666666664
surrogate, 69, 32.0, 0.36666666666666664
surrogate, 69, 32.0, 0.36666666666666664
surrogate, 69, 32.0, 0.36666666666666664
surrogate, 69, 32.0, 0.36666666666666664
surrogate, 69, 32.0, 0.36666666666666664
surrogate, 69, 32.0, 0.36666666666666664
surrogate, 69, 32.0, 0.36666666666666664
surrogate, 69, 32.0, 0.36666666666666664
surrogate, 69, 32.0, 0.36666666666666664
surrogate, 69, 32.0, 0.36666666666666664
surrogate, 69, 32.0, 0.36666666666666664
surrogate, 69, 32.0, 0.36666666666666664
surrogate, 69, 32.0, 0.36666666666666664
surrogate, 69, 32.0, 0.36666666666666664
surrogate, 69, 32.0, 0.36666666666666664
surrogate, 69, 32.0, 0.36666666666666664
surrogate, 69, 32.0, 0.36666666666666664
surrogate, 69, 32.0, 0.36666666666666664
surrogate, 69, 32.0, 0.36666666666666664
surrogate, 69, 32.0, 0.36666666666666664
surrogate, 69, 32.0, 0.36666666666666664
surrogate, 69, 32.0, 0.36666666666666664
surrogate, 69, 32.0, 0.36666666666666664
surrogate, 69, 32.0, 0.36666666666666664
surrogate, 69, 32.0, 0.36666666666666664
surrogate, 69, 32.0, 0.36666666666666664
surrogate, 69, 32.0, 0.36666666666666664
surrogate, 69, 32.0, 0.36666666666666664
surrogate, 69, 32.0, 0.36666666666666664
surrogate, 69, 32.0, 0.36666666666666664
surrogate, 69, 32.0, 0.36666666666666664
surrogate, 69, 32.0, 0.36666666666666664
surrogate, 69, 32.0, 0.36666666666666664
surrogate, 69, 32.0, 0.36666666666666664
surrogate, 69, 32.0, 0.36666666666666664
surrogate, 69, 32.0, 0.36666666666666664
surrogate, 69, 32.0, 0.36666666666666664
surrogate, 69, 32.0, 0.36666666666666664
surrogate, 69, 32.0, 0.36666666666666664
surrogate, 69, 32.0, 0.36666666666666664
surrogate, 69, 32.0, 0.36666666666666664
surrogate, 69, 32.0, 0.36666666666666664
surrogate, 69, 32.0, 0.36666666666666664
surrogate, 69, 32.0, 0.36666666666666664
surrogate, 69, 30.0, 0.26666666666666666
surrogate, 69, 30.0, 0.26666666666666666
surrogate, 69, 30.0, 0.26666666666666666
surrogate, 69, 30.0, 0.26666666666666666
surrogate, 69, 30.0, 0.26666666666666666
surrogate, 69, 30.0, 0.26666666666666666
surrogate, 69, 30.0, 0.26666666666666666
surrogate, 69, 30.0, 0.26666666666666666
surrogate, 69, 30.0, 0.26666666666666666
surrogate, 69, 30.0, 0.26666666666666666
surrogate, 69, 30.0, 0.26666666666666666
surrogate, 69, 30.0, 0.26666666666666666
surrogate, 69, 30.0, 0.26666666666666666
surrogate, 69, 30.0, 0.26666666666666666
surrogate, 69, 30.0, 0.26666666666666666
surrogate, 69, 30.0, 0.26666666666666666
surrogate, 69, 30.0, 0.26666666666666666
surrogate, 69, 30.0, 0.26666666666666666
surrogate, 69, 30.0, 0.26666666666666666
surrogate, 69, 30.0, 0.26666666666666666
surrogate, 69, 30.0, 0.26666666666666666
surrogate, 69, 30.0, 0.26666666666666666
surrogate, 69, 30.0, 0.26666666666666666
surrogate, 69, 30.0, 0.26666666666666666
surrogate, 69, 30.0, 0.26666666666666666
surrogate, 69, 30.0, 0.26666666666666666
surrogate, 69, 30.0, 0.26666666666666666
surrogate, 69, 30.0, 0.26666666666666666
surrogate, 69, 30.0, 0.26666666666666666
surrogate, 69, 30.0, 0.26666666666666666
surrogate, 69, 30.0, 0.26666666666666666
surrogate, 69, 30.0, 0.26666666666666666
surrogate, 69, 30.0, 0.26666666666666666
surrogate, 69, 30.0, 0.26666666666666666
surrogate, 69, 29.0, 0.06666666666666667
surrogate, 69, 29.0, 0.06666666666666667
surrogate, 69, 29.0, 0.06666666666666667
surrogate, 69, 29.0, 0.06666666666666667
surrogate, 69, 29.0, 0.06666666666666667
surrogate, 69, 29.0, 0.06666666666666667
surrogate, 69, 29.0, 0.06666666666666667
surrogate, 69, 29.0, 0.06666666666666667
surrogate, 69, 29.0, 0.06666666666666667
surrogate, 69, 29.0, 0.06666666666666667
surrogate, 69, 29.0, 0.06666666666666667
surrogate, 69, 29.0, 0.06666666666666667
surrogate, 69, 29.0, 0.06666666666666667
surrogate, 69, 29.0, 0.06666666666666667
surrogate, 69, 29.0, 0.06666666666666667
surrogate, 69, 29.0, 0.06666666666666667
surrogate, 69, 29.0, 0.06666666666666667
surrogate, 69, 29.0, 0.06666666666666667
surrogate, 69, 29.0, 0.06666666666666667
surrogate, 69, 29.0, 0.06666666666666667
surrogate, 69, 29.0, 0.06666666666666667
surrogate, 69, 29.0, 0.06666666666666667
surrogate, 69, 29.0, 0.06666666666666667
surrogate, 69, 29.0, 0.06666666666666667
surrogate, 69, 29.0, 0.06666666666666667
surrogate, 69, 29.0, 0.06666666666666667
surrogate, 69, 29.0, 0.06666666666666667
surrogate, 69, 29.0, 0.06666666666666667
surrogate, 69, 29.0, 0.06666666666666667
surrogate, 69, 29.0, 0.06666666666666667
surrogate, 69, 29.0, 0.06666666666666667
surrogate, 69, 29.0, 0.06666666666666667
surrogate, 69, 29.0, 0.06666666666666667
surrogate, 69, 29.0, 0.06666666666666667
surrogate, 69, 29.0, 0.06666666666666667
surrogate, 69, 29.0, 0.06666666666666667
surrogate, 69, 29.0, 0.06666666666666667
surrogate, 69, 29.0, 0.06666666666666667
surrogate, 69, 29.0, 0.06666666666666667
surrogate, 69, 29.0, 0.06666666666666667
surrogate, 69, 29.0, 0.06666666666666667
surrogate, 69, 29.0, 0.06666666666666667
surrogate, 69, 29.0, 0.06666666666666667
surrogate, 69, 29.0, 0.06666666666666667
surrogate, 69, 29.0, 0.06666666666666667
surrogate, 69, 29.0, 0.06666666666666667
surrogate, 69, 29.0, 0.06666666666666667
surrogate, 69, 29.0, 0.06666666666666667
surrogate, 69, 29.0, 0.06666666666666667
surrogate, 69, 29.0, 0.06666666666666667
surrogate, 69, 29.0, 0.06666666666666667
surrogate, 69, 29.0, 0.06666666666666667
surrogate, 69, 29.0, 0.06666666666666667
surrogate, 69, 29.0, 0.06666666666666667
surrogate, 69, 29.0, 0.06666666666666667
surrogate, 69, 28.0, 0.05
surrogate, 69, 28.0, 0.05
surrogate, 69, 28.0, 0.05
surrogate, 69, 28.0, 0.05
surrogate, 69, 28.0, 0.05
surrogate, 69, 28.0, 0.05
surrogate, 69, 28.0, 0.05
surrogate, 69, 28.0, 0.05
surrogate, 69, 28.0, 0.05
surrogate, 69, 28.0, 0.05
surrogate, 69, 28.0, 0.05
surrogate, 69, 28.0, 0.05
surrogate, 69, 28.0, 0.05
surrogate, 69, 28.0, 0.05
surrogate, 69, 28.0, 0.05
surrogate, 69, 28.0, 0.05
surrogate, 69, 28.0, 0.05
surrogate, 69, 28.0, 0.05
surrogate, 69, 27.0, 0.03333333333333333
surrogate, 69, 27.0, 0.03333333333333333
surrogate, 69, 27.0, 0.03333333333333333
surrogate, 69, 27.0, 0.03333333333333333
surrogate, 69, 27.0, 0.03333333333333333
surrogate, 69, 27.0, 0.03333333333333333
surrogate, 69, 27.0, 0.03333333333333333
surrogate, 69, 27.0, 0.03333333333333333
surrogate, 69, 27.0, 0.03333333333333333
surrogate, 69, 27.0, 0.03333333333333333
surrogate, 69, 27.0, 0.03333333333333333
surrogate, 69, 27.0, 0.03333333333333333
surrogate, 69, 27.0, 0.03333333333333333
surrogate, 69, 27.0, 0.03333333333333333
surrogate, 69, 26.0, 0.016666666666666666
surrogate, 69, 26.0, 0.016666666666666666
surrogate, 69, 26.0, 0.016666666666666666
surrogate, 69, 26.0, 0.016666666666666666
surrogate, 69, 26.0, 0.016666666666666666
surrogate, 69, 26.0, 0.016666666666666666
surrogate, 69, 26.0, 0.016666666666666666
surrogate, 69, 26.0, 0.016666666666666666
surrogate, 69, 26.0, 0.016666666666666666
surrogate, 69, 26.0, 0.016666666666666666
surrogate, 69, 26.0, 0.016666666666666666
surrogate, 69, 26.0, 0.016666666666666666
surrogate, 69, 26.0, 0.016666666666666666
surrogate, 69, 26.0, 0.016666666666666666
surrogate, 69, 26.0, 0.016666666666666666
surrogate, 69, 26.0, 0.016666666666666666
surrogate, 69, 26.0, 0.016666666666666666
surrogate, 69, 26.0, 0.016666666666666666
surrogate, 69, 26.0, 0.016666666666666666
surrogate, 69, 26.0, 0.016666666666666666
surrogate, 69, 26.0, 0.016666666666666666
surrogate, 69, 26.0, 0.016666666666666666
surrogate, 69, 26.0, 0.016666666666666666
surrogate, 69, 26.0, 0.016666666666666666
surrogate, 69, 26.0, 0.016666666666666666
surrogate, 69, 26.0, 0.016666666666666666
surrogate, 69, 26.0, 0.016666666666666666
surrogate, 69, 26.0, 0.016666666666666666
surrogate, 69, 26.0, 0.016666666666666666
surrogate, 69, 26.0, 0.016666666666666666
surrogate, 69, 26.0, 0.016666666666666666
surrogate, 69, 26.0, 0.016666666666666666
surrogate, 69, 26.0, 0.016666666666666666
surrogate, 69, 26.0, 0.016666666666666666
surrogate, 69, 26.0, 0.016666666666666666
surrogate, 69, 26.0, 0.016666666666666666
surrogate, 69, 26.0, 0.016666666666666666
surrogate, 69, 26.0, 0.016666666666666666
surrogate, 69, 26.0, 0.016666666666666666
surrogate, 69, 26.0, 0.016666666666666666
surrogate, 69, 26.0, 0.016666666666666666
surrogate, 69, 26.0, 0.016666666666666666
surrogate, 69, 26.0, 0.016666666666666666
surrogate, 69, 26.0, 0.016666666666666666
surrogate, 69, 26.0, 0.016666666666666666
surrogate, 69, 26.0, 0.016666666666666666
surrogate, 69, 26.0, 0.016666666666666666
surrogate, 69, 26.0, 0.016666666666666666
surrogate, 69, 26.0, 0.016666666666666666
surrogate, 69, 26.0, 0.016666666666666666
surrogate, 69, 26.0, 0.016666666666666666
surrogate, 69, 26.0, 0.016666666666666666
surrogate, 69, 26.0, 0.016666666666666666
surrogate, 69, 26.0, 0.016666666666666666
surrogate, 69, 26.0, 0.016666666666666666
surrogate, 69, 26.0, 0.016666666666666666
surrogate, 69, 26.0, 0.016666666666666666
surrogate, 69, 26.0, 0.016666666666666666
surrogate, 69, 26.0, 0.016666666666666666
surrogate, 69, 26.0, 0.016666666666666666
surrogate, 69, 26.0, 0.016666666666666666
surrogate, 69, 26.0, 0.016666666666666666
surrogate, 69, 26.0, 0.016666666666666666
surrogate, 69, 26.0, 0.016666666666666666
surrogate, 69, 26.0, 0.016666666666666666
surrogate, 69, 26.0, 0.016666666666666666
surrogate, 69, 26.0, 0.016666666666666666
surrogate, 70, 93.0, 0.8333333333333334
surrogate, 70, 71.0, 0.8
surrogate, 70, 71.0, 0.8
surrogate, 70, 57.0, 0.7666666666666667
surrogate, 70, 53.0, 0.75
surrogate, 70, 48.0, 0.7166666666666667
surrogate, 70, 48.0, 0.7166666666666667
surrogate, 70, 48.0, 0.7166666666666667
surrogate, 70, 48.0, 0.7166666666666667
surrogate, 70, 48.0, 0.7166666666666667
surrogate, 70, 48.0, 0.7166666666666667
surrogate, 70, 48.0, 0.7166666666666667
surrogate, 70, 43.0, 0.6833333333333333
surrogate, 70, 43.0, 0.6833333333333333
surrogate, 70, 43.0, 0.6833333333333333
surrogate, 70, 43.0, 0.6833333333333333
surrogate, 70, 43.0, 0.6833333333333333
surrogate, 70, 43.0, 0.6833333333333333
surrogate, 70, 43.0, 0.6833333333333333
surrogate, 70, 43.0, 0.6833333333333333
surrogate, 70, 43.0, 0.6833333333333333
surrogate, 70, 40.0, 0.65
surrogate, 70, 36.0, 0.55
surrogate, 70, 36.0, 0.55
surrogate, 70, 36.0, 0.55
surrogate, 70, 36.0, 0.55
surrogate, 70, 36.0, 0.55
surrogate, 70, 36.0, 0.55
surrogate, 70, 36.0, 0.55
surrogate, 70, 36.0, 0.55
surrogate, 70, 36.0, 0.55
surrogate, 70, 36.0, 0.55
surrogate, 70, 36.0, 0.55
surrogate, 70, 36.0, 0.55
surrogate, 70, 36.0, 0.55
surrogate, 70, 36.0, 0.55
surrogate, 70, 36.0, 0.55
surrogate, 70, 36.0, 0.55
surrogate, 70, 36.0, 0.55
surrogate, 70, 36.0, 0.55
surrogate, 70, 36.0, 0.55
surrogate, 70, 36.0, 0.55
surrogate, 70, 36.0, 0.55
surrogate, 70, 36.0, 0.55
surrogate, 70, 36.0, 0.55
surrogate, 70, 36.0, 0.55
surrogate, 70, 36.0, 0.55
surrogate, 70, 36.0, 0.55
surrogate, 70, 34.0, 0.5166666666666667
surrogate, 70, 33.0, 0.5
surrogate, 70, 33.0, 0.5
surrogate, 70, 33.0, 0.5
surrogate, 70, 33.0, 0.5
surrogate, 70, 33.0, 0.5
surrogate, 70, 33.0, 0.5
surrogate, 70, 33.0, 0.5
surrogate, 70, 33.0, 0.5
surrogate, 70, 33.0, 0.5
surrogate, 70, 33.0, 0.5
surrogate, 70, 33.0, 0.5
surrogate, 70, 33.0, 0.5
surrogate, 70, 33.0, 0.5
surrogate, 70, 33.0, 0.5
surrogate, 70, 33.0, 0.5
surrogate, 70, 33.0, 0.5
surrogate, 70, 33.0, 0.5
surrogate, 70, 33.0, 0.5
surrogate, 70, 33.0, 0.5
surrogate, 70, 33.0, 0.5
surrogate, 70, 33.0, 0.5
surrogate, 70, 33.0, 0.5
surrogate, 70, 33.0, 0.5
surrogate, 70, 32.0, 0.36666666666666664
surrogate, 70, 32.0, 0.36666666666666664
surrogate, 70, 32.0, 0.36666666666666664
surrogate, 70, 32.0, 0.36666666666666664
surrogate, 70, 32.0, 0.36666666666666664
surrogate, 70, 32.0, 0.36666666666666664
surrogate, 70, 32.0, 0.36666666666666664
surrogate, 70, 32.0, 0.36666666666666664
surrogate, 70, 32.0, 0.36666666666666664
surrogate, 70, 32.0, 0.36666666666666664
surrogate, 70, 32.0, 0.36666666666666664
surrogate, 70, 32.0, 0.36666666666666664
surrogate, 70, 32.0, 0.36666666666666664
surrogate, 70, 32.0, 0.36666666666666664
surrogate, 70, 32.0, 0.36666666666666664
surrogate, 70, 32.0, 0.36666666666666664
surrogate, 70, 32.0, 0.36666666666666664
surrogate, 70, 32.0, 0.36666666666666664
surrogate, 70, 32.0, 0.36666666666666664
surrogate, 70, 32.0, 0.36666666666666664
surrogate, 70, 32.0, 0.36666666666666664
surrogate, 70, 32.0, 0.36666666666666664
surrogate, 70, 32.0, 0.36666666666666664
surrogate, 70, 32.0, 0.36666666666666664
surrogate, 70, 32.0, 0.36666666666666664
surrogate, 70, 32.0, 0.36666666666666664
surrogate, 70, 32.0, 0.36666666666666664
surrogate, 70, 32.0, 0.36666666666666664
surrogate, 70, 32.0, 0.36666666666666664
surrogate, 70, 32.0, 0.36666666666666664
surrogate, 70, 32.0, 0.36666666666666664
surrogate, 70, 32.0, 0.36666666666666664
surrogate, 70, 32.0, 0.36666666666666664
surrogate, 70, 32.0, 0.36666666666666664
surrogate, 70, 32.0, 0.36666666666666664
surrogate, 70, 32.0, 0.36666666666666664
surrogate, 70, 32.0, 0.36666666666666664
surrogate, 70, 32.0, 0.36666666666666664
surrogate, 70, 32.0, 0.36666666666666664
surrogate, 70, 32.0, 0.36666666666666664
surrogate, 70, 32.0, 0.36666666666666664
surrogate, 70, 32.0, 0.36666666666666664
surrogate, 70, 32.0, 0.36666666666666664
surrogate, 70, 32.0, 0.36666666666666664
surrogate, 70, 32.0, 0.36666666666666664
surrogate, 70, 32.0, 0.36666666666666664
surrogate, 70, 32.0, 0.36666666666666664
surrogate, 70, 32.0, 0.36666666666666664
surrogate, 70, 32.0, 0.36666666666666664
surrogate, 70, 32.0, 0.36666666666666664
surrogate, 70, 32.0, 0.36666666666666664
surrogate, 70, 32.0, 0.36666666666666664
surrogate, 70, 32.0, 0.36666666666666664
surrogate, 70, 32.0, 0.36666666666666664
surrogate, 70, 32.0, 0.36666666666666664
surrogate, 70, 32.0, 0.36666666666666664
surrogate, 70, 32.0, 0.36666666666666664
surrogate, 70, 30.0, 0.26666666666666666
surrogate, 70, 30.0, 0.26666666666666666
surrogate, 70, 30.0, 0.26666666666666666
surrogate, 70, 30.0, 0.26666666666666666
surrogate, 70, 30.0, 0.26666666666666666
surrogate, 70, 30.0, 0.26666666666666666
surrogate, 70, 30.0, 0.26666666666666666
surrogate, 70, 30.0, 0.26666666666666666
surrogate, 70, 30.0, 0.26666666666666666
surrogate, 70, 30.0, 0.26666666666666666
surrogate, 70, 30.0, 0.26666666666666666
surrogate, 70, 30.0, 0.26666666666666666
surrogate, 70, 30.0, 0.26666666666666666
surrogate, 70, 30.0, 0.26666666666666666
surrogate, 70, 30.0, 0.26666666666666666
surrogate, 70, 30.0, 0.26666666666666666
surrogate, 70, 30.0, 0.26666666666666666
surrogate, 70, 30.0, 0.26666666666666666
surrogate, 70, 30.0, 0.26666666666666666
surrogate, 70, 30.0, 0.26666666666666666
surrogate, 70, 30.0, 0.26666666666666666
surrogate, 70, 30.0, 0.26666666666666666
surrogate, 70, 30.0, 0.26666666666666666
surrogate, 70, 30.0, 0.26666666666666666
surrogate, 70, 30.0, 0.26666666666666666
surrogate, 70, 30.0, 0.26666666666666666
surrogate, 70, 30.0, 0.26666666666666666
surrogate, 70, 30.0, 0.26666666666666666
surrogate, 70, 30.0, 0.26666666666666666
surrogate, 70, 30.0, 0.26666666666666666
surrogate, 70, 30.0, 0.26666666666666666
surrogate, 70, 30.0, 0.26666666666666666
surrogate, 70, 30.0, 0.26666666666666666
surrogate, 70, 30.0, 0.26666666666666666
surrogate, 70, 30.0, 0.26666666666666666
surrogate, 70, 29.0, 0.06666666666666667
surrogate, 70, 29.0, 0.06666666666666667
surrogate, 70, 29.0, 0.06666666666666667
surrogate, 70, 29.0, 0.06666666666666667
surrogate, 70, 29.0, 0.06666666666666667
surrogate, 70, 29.0, 0.06666666666666667
surrogate, 70, 29.0, 0.06666666666666667
surrogate, 70, 29.0, 0.06666666666666667
surrogate, 70, 29.0, 0.06666666666666667
surrogate, 70, 29.0, 0.06666666666666667
surrogate, 70, 29.0, 0.06666666666666667
surrogate, 70, 29.0, 0.06666666666666667
surrogate, 70, 29.0, 0.06666666666666667
surrogate, 70, 29.0, 0.06666666666666667
surrogate, 70, 29.0, 0.06666666666666667
surrogate, 70, 29.0, 0.06666666666666667
surrogate, 70, 29.0, 0.06666666666666667
surrogate, 70, 29.0, 0.06666666666666667
surrogate, 70, 29.0, 0.06666666666666667
surrogate, 70, 29.0, 0.06666666666666667
surrogate, 70, 29.0, 0.06666666666666667
surrogate, 70, 29.0, 0.06666666666666667
surrogate, 70, 29.0, 0.06666666666666667
surrogate, 70, 29.0, 0.06666666666666667
surrogate, 70, 29.0, 0.06666666666666667
surrogate, 70, 29.0, 0.06666666666666667
surrogate, 70, 29.0, 0.06666666666666667
surrogate, 70, 29.0, 0.06666666666666667
surrogate, 70, 29.0, 0.06666666666666667
surrogate, 70, 29.0, 0.06666666666666667
surrogate, 70, 29.0, 0.06666666666666667
surrogate, 70, 29.0, 0.06666666666666667
surrogate, 70, 29.0, 0.06666666666666667
surrogate, 70, 29.0, 0.06666666666666667
surrogate, 70, 29.0, 0.06666666666666667
surrogate, 70, 29.0, 0.06666666666666667
surrogate, 70, 29.0, 0.06666666666666667
surrogate, 70, 29.0, 0.06666666666666667
surrogate, 70, 29.0, 0.06666666666666667
surrogate, 70, 29.0, 0.06666666666666667
surrogate, 70, 29.0, 0.06666666666666667
surrogate, 70, 29.0, 0.06666666666666667
surrogate, 70, 29.0, 0.06666666666666667
surrogate, 70, 29.0, 0.06666666666666667
surrogate, 70, 29.0, 0.06666666666666667
surrogate, 70, 29.0, 0.06666666666666667
surrogate, 70, 29.0, 0.06666666666666667
surrogate, 70, 29.0, 0.06666666666666667
surrogate, 70, 29.0, 0.06666666666666667
surrogate, 70, 29.0, 0.06666666666666667
surrogate, 70, 29.0, 0.06666666666666667
surrogate, 70, 29.0, 0.06666666666666667
surrogate, 70, 29.0, 0.06666666666666667
surrogate, 70, 29.0, 0.06666666666666667
surrogate, 70, 29.0, 0.06666666666666667
surrogate, 70, 29.0, 0.06666666666666667
surrogate, 70, 28.0, 0.05
surrogate, 70, 28.0, 0.05
surrogate, 70, 28.0, 0.05
surrogate, 70, 28.0, 0.05
surrogate, 70, 28.0, 0.05
surrogate, 70, 28.0, 0.05
surrogate, 70, 28.0, 0.05
surrogate, 70, 28.0, 0.05
surrogate, 70, 28.0, 0.05
surrogate, 70, 28.0, 0.05
surrogate, 70, 28.0, 0.05
surrogate, 70, 28.0, 0.05
surrogate, 70, 28.0, 0.05
surrogate, 70, 28.0, 0.05
surrogate, 70, 28.0, 0.05
surrogate, 70, 28.0, 0.05
surrogate, 70, 28.0, 0.05
surrogate, 70, 28.0, 0.05
surrogate, 70, 27.0, 0.03333333333333333
surrogate, 70, 27.0, 0.03333333333333333
surrogate, 70, 27.0, 0.03333333333333333
surrogate, 70, 27.0, 0.03333333333333333
surrogate, 70, 27.0, 0.03333333333333333
surrogate, 70, 27.0, 0.03333333333333333
surrogate, 70, 27.0, 0.03333333333333333
surrogate, 70, 27.0, 0.03333333333333333
surrogate, 70, 27.0, 0.03333333333333333
surrogate, 70, 27.0, 0.03333333333333333
surrogate, 70, 27.0, 0.03333333333333333
surrogate, 70, 27.0, 0.03333333333333333
surrogate, 70, 27.0, 0.03333333333333333
surrogate, 70, 27.0, 0.03333333333333333
surrogate, 70, 26.0, 0.016666666666666666
surrogate, 70, 26.0, 0.016666666666666666
surrogate, 70, 26.0, 0.016666666666666666
surrogate, 70, 26.0, 0.016666666666666666
surrogate, 70, 26.0, 0.016666666666666666
surrogate, 70, 26.0, 0.016666666666666666
surrogate, 70, 26.0, 0.016666666666666666
surrogate, 70, 26.0, 0.016666666666666666
surrogate, 70, 26.0, 0.016666666666666666
surrogate, 70, 26.0, 0.016666666666666666
surrogate, 70, 26.0, 0.016666666666666666
surrogate, 70, 26.0, 0.016666666666666666
surrogate, 70, 26.0, 0.016666666666666666
surrogate, 70, 26.0, 0.016666666666666666
surrogate, 70, 26.0, 0.016666666666666666
surrogate, 70, 26.0, 0.016666666666666666
surrogate, 70, 26.0, 0.016666666666666666
surrogate, 70, 26.0, 0.016666666666666666
surrogate, 70, 26.0, 0.016666666666666666
surrogate, 70, 26.0, 0.016666666666666666
surrogate, 70, 26.0, 0.016666666666666666
surrogate, 70, 26.0, 0.016666666666666666
surrogate, 70, 26.0, 0.016666666666666666
surrogate, 70, 26.0, 0.016666666666666666
surrogate, 70, 26.0, 0.016666666666666666
surrogate, 70, 26.0, 0.016666666666666666
surrogate, 70, 26.0, 0.016666666666666666
surrogate, 70, 26.0, 0.016666666666666666
surrogate, 70, 26.0, 0.016666666666666666
surrogate, 70, 26.0, 0.016666666666666666
surrogate, 70, 26.0, 0.016666666666666666
surrogate, 70, 26.0, 0.016666666666666666
surrogate, 70, 26.0, 0.016666666666666666
surrogate, 70, 26.0, 0.016666666666666666
surrogate, 70, 26.0, 0.016666666666666666
surrogate, 70, 26.0, 0.016666666666666666
surrogate, 70, 26.0, 0.016666666666666666
surrogate, 70, 26.0, 0.016666666666666666
surrogate, 70, 26.0, 0.016666666666666666
surrogate, 70, 26.0, 0.016666666666666666
surrogate, 70, 26.0, 0.016666666666666666
surrogate, 70, 26.0, 0.016666666666666666
surrogate, 70, 26.0, 0.016666666666666666
surrogate, 70, 26.0, 0.016666666666666666
surrogate, 70, 26.0, 0.016666666666666666
surrogate, 70, 26.0, 0.016666666666666666
surrogate, 70, 26.0, 0.016666666666666666
surrogate, 70, 26.0, 0.016666666666666666
surrogate, 70, 26.0, 0.016666666666666666
surrogate, 70, 26.0, 0.016666666666666666
surrogate, 70, 26.0, 0.016666666666666666
surrogate, 70, 26.0, 0.016666666666666666
surrogate, 70, 26.0, 0.016666666666666666
surrogate, 70, 26.0, 0.016666666666666666
surrogate, 70, 26.0, 0.016666666666666666
surrogate, 70, 26.0, 0.016666666666666666
surrogate, 70, 26.0, 0.016666666666666666
surrogate, 70, 26.0, 0.016666666666666666
surrogate, 70, 26.0, 0.016666666666666666
surrogate, 70, 26.0, 0.016666666666666666
surrogate, 70, 26.0, 0.016666666666666666
surrogate, 70, 26.0, 0.016666666666666666
surrogate, 70, 26.0, 0.016666666666666666
surrogate, 70, 26.0, 0.016666666666666666
surrogate, 70, 26.0, 0.016666666666666666
surrogate, 70, 26.0, 0.016666666666666666
surrogate, 70, 26.0, 0.016666666666666666
surrogate, 71, 93.0, 0.8333333333333334
surrogate, 71, 71.0, 0.8
surrogate, 71, 71.0, 0.8
surrogate, 71, 57.0, 0.7666666666666667
surrogate, 71, 53.0, 0.75
surrogate, 71, 48.0, 0.7166666666666667
surrogate, 71, 48.0, 0.7166666666666667
surrogate, 71, 48.0, 0.7166666666666667
surrogate, 71, 48.0, 0.7166666666666667
surrogate, 71, 48.0, 0.7166666666666667
surrogate, 71, 48.0, 0.7166666666666667
surrogate, 71, 48.0, 0.7166666666666667
surrogate, 71, 48.0, 0.7166666666666667
surrogate, 71, 43.0, 0.6833333333333333
surrogate, 71, 43.0, 0.6833333333333333
surrogate, 71, 43.0, 0.6833333333333333
surrogate, 71, 43.0, 0.6833333333333333
surrogate, 71, 43.0, 0.6833333333333333
surrogate, 71, 43.0, 0.6833333333333333
surrogate, 71, 43.0, 0.6833333333333333
surrogate, 71, 43.0, 0.6833333333333333
surrogate, 71, 43.0, 0.6833333333333333
surrogate, 71, 40.0, 0.65
surrogate, 71, 36.0, 0.55
surrogate, 71, 36.0, 0.55
surrogate, 71, 36.0, 0.55
surrogate, 71, 36.0, 0.55
surrogate, 71, 36.0, 0.55
surrogate, 71, 36.0, 0.55
surrogate, 71, 36.0, 0.55
surrogate, 71, 36.0, 0.55
surrogate, 71, 36.0, 0.55
surrogate, 71, 36.0, 0.55
surrogate, 71, 36.0, 0.55
surrogate, 71, 36.0, 0.55
surrogate, 71, 36.0, 0.55
surrogate, 71, 36.0, 0.55
surrogate, 71, 36.0, 0.55
surrogate, 71, 36.0, 0.55
surrogate, 71, 36.0, 0.55
surrogate, 71, 36.0, 0.55
surrogate, 71, 36.0, 0.55
surrogate, 71, 36.0, 0.55
surrogate, 71, 36.0, 0.55
surrogate, 71, 36.0, 0.55
surrogate, 71, 36.0, 0.55
surrogate, 71, 36.0, 0.55
surrogate, 71, 36.0, 0.55
surrogate, 71, 36.0, 0.55
surrogate, 71, 36.0, 0.55
surrogate, 71, 34.0, 0.5166666666666667
surrogate, 71, 33.0, 0.5
surrogate, 71, 33.0, 0.5
surrogate, 71, 33.0, 0.5
surrogate, 71, 33.0, 0.5
surrogate, 71, 33.0, 0.5
surrogate, 71, 33.0, 0.5
surrogate, 71, 33.0, 0.5
surrogate, 71, 33.0, 0.5
surrogate, 71, 33.0, 0.5
surrogate, 71, 33.0, 0.5
surrogate, 71, 33.0, 0.5
surrogate, 71, 33.0, 0.5
surrogate, 71, 33.0, 0.5
surrogate, 71, 33.0, 0.5
surrogate, 71, 33.0, 0.5
surrogate, 71, 33.0, 0.5
surrogate, 71, 33.0, 0.5
surrogate, 71, 33.0, 0.5
surrogate, 71, 33.0, 0.5
surrogate, 71, 33.0, 0.5
surrogate, 71, 33.0, 0.5
surrogate, 71, 33.0, 0.5
surrogate, 71, 33.0, 0.5
surrogate, 71, 33.0, 0.5
surrogate, 71, 32.0, 0.36666666666666664
surrogate, 71, 32.0, 0.36666666666666664
surrogate, 71, 32.0, 0.36666666666666664
surrogate, 71, 32.0, 0.36666666666666664
surrogate, 71, 32.0, 0.36666666666666664
surrogate, 71, 32.0, 0.36666666666666664
surrogate, 71, 32.0, 0.36666666666666664
surrogate, 71, 32.0, 0.36666666666666664
surrogate, 71, 32.0, 0.36666666666666664
surrogate, 71, 32.0, 0.36666666666666664
surrogate, 71, 32.0, 0.36666666666666664
surrogate, 71, 32.0, 0.36666666666666664
surrogate, 71, 32.0, 0.36666666666666664
surrogate, 71, 32.0, 0.36666666666666664
surrogate, 71, 32.0, 0.36666666666666664
surrogate, 71, 32.0, 0.36666666666666664
surrogate, 71, 32.0, 0.36666666666666664
surrogate, 71, 32.0, 0.36666666666666664
surrogate, 71, 32.0, 0.36666666666666664
surrogate, 71, 32.0, 0.36666666666666664
surrogate, 71, 32.0, 0.36666666666666664
surrogate, 71, 32.0, 0.36666666666666664
surrogate, 71, 32.0, 0.36666666666666664
surrogate, 71, 32.0, 0.36666666666666664
surrogate, 71, 32.0, 0.36666666666666664
surrogate, 71, 32.0, 0.36666666666666664
surrogate, 71, 32.0, 0.36666666666666664
surrogate, 71, 32.0, 0.36666666666666664
surrogate, 71, 32.0, 0.36666666666666664
surrogate, 71, 32.0, 0.36666666666666664
surrogate, 71, 32.0, 0.36666666666666664
surrogate, 71, 32.0, 0.36666666666666664
surrogate, 71, 32.0, 0.36666666666666664
surrogate, 71, 32.0, 0.36666666666666664
surrogate, 71, 32.0, 0.36666666666666664
surrogate, 71, 32.0, 0.36666666666666664
surrogate, 71, 32.0, 0.36666666666666664
surrogate, 71, 32.0, 0.36666666666666664
surrogate, 71, 32.0, 0.36666666666666664
surrogate, 71, 32.0, 0.36666666666666664
surrogate, 71, 32.0, 0.36666666666666664
surrogate, 71, 32.0, 0.36666666666666664
surrogate, 71, 32.0, 0.36666666666666664
surrogate, 71, 32.0, 0.36666666666666664
surrogate, 71, 32.0, 0.36666666666666664
surrogate, 71, 32.0, 0.36666666666666664
surrogate, 71, 32.0, 0.36666666666666664
surrogate, 71, 32.0, 0.36666666666666664
surrogate, 71, 32.0, 0.36666666666666664
surrogate, 71, 32.0, 0.36666666666666664
surrogate, 71, 32.0, 0.36666666666666664
surrogate, 71, 32.0, 0.36666666666666664
surrogate, 71, 32.0, 0.36666666666666664
surrogate, 71, 32.0, 0.36666666666666664
surrogate, 71, 32.0, 0.36666666666666664
surrogate, 71, 32.0, 0.36666666666666664
surrogate, 71, 32.0, 0.36666666666666664
surrogate, 71, 32.0, 0.36666666666666664
surrogate, 71, 30.0, 0.26666666666666666
surrogate, 71, 30.0, 0.26666666666666666
surrogate, 71, 30.0, 0.26666666666666666
surrogate, 71, 30.0, 0.26666666666666666
surrogate, 71, 30.0, 0.26666666666666666
surrogate, 71, 30.0, 0.26666666666666666
surrogate, 71, 30.0, 0.26666666666666666
surrogate, 71, 30.0, 0.26666666666666666
surrogate, 71, 30.0, 0.26666666666666666
surrogate, 71, 30.0, 0.26666666666666666
surrogate, 71, 30.0, 0.26666666666666666
surrogate, 71, 30.0, 0.26666666666666666
surrogate, 71, 30.0, 0.26666666666666666
surrogate, 71, 30.0, 0.26666666666666666
surrogate, 71, 30.0, 0.26666666666666666
surrogate, 71, 30.0, 0.26666666666666666
surrogate, 71, 30.0, 0.26666666666666666
surrogate, 71, 30.0, 0.26666666666666666
surrogate, 71, 30.0, 0.26666666666666666
surrogate, 71, 30.0, 0.26666666666666666
surrogate, 71, 30.0, 0.26666666666666666
surrogate, 71, 30.0, 0.26666666666666666
surrogate, 71, 30.0, 0.26666666666666666
surrogate, 71, 30.0, 0.26666666666666666
surrogate, 71, 30.0, 0.26666666666666666
surrogate, 71, 30.0, 0.26666666666666666
surrogate, 71, 30.0, 0.26666666666666666
surrogate, 71, 30.0, 0.26666666666666666
surrogate, 71, 30.0, 0.26666666666666666
surrogate, 71, 30.0, 0.26666666666666666
surrogate, 71, 30.0, 0.26666666666666666
surrogate, 71, 30.0, 0.26666666666666666
surrogate, 71, 30.0, 0.26666666666666666
surrogate, 71, 30.0, 0.26666666666666666
surrogate, 71, 30.0, 0.26666666666666666
surrogate, 71, 30.0, 0.26666666666666666
surrogate, 71, 29.0, 0.06666666666666667
surrogate, 71, 29.0, 0.06666666666666667
surrogate, 71, 29.0, 0.06666666666666667
surrogate, 71, 29.0, 0.06666666666666667
surrogate, 71, 29.0, 0.06666666666666667
surrogate, 71, 29.0, 0.06666666666666667
surrogate, 71, 29.0, 0.06666666666666667
surrogate, 71, 29.0, 0.06666666666666667
surrogate, 71, 29.0, 0.06666666666666667
surrogate, 71, 29.0, 0.06666666666666667
surrogate, 71, 29.0, 0.06666666666666667
surrogate, 71, 29.0, 0.06666666666666667
surrogate, 71, 29.0, 0.06666666666666667
surrogate, 71, 29.0, 0.06666666666666667
surrogate, 71, 29.0, 0.06666666666666667
surrogate, 71, 29.0, 0.06666666666666667
surrogate, 71, 29.0, 0.06666666666666667
surrogate, 71, 29.0, 0.06666666666666667
surrogate, 71, 29.0, 0.06666666666666667
surrogate, 71, 29.0, 0.06666666666666667
surrogate, 71, 29.0, 0.06666666666666667
surrogate, 71, 29.0, 0.06666666666666667
surrogate, 71, 29.0, 0.06666666666666667
surrogate, 71, 29.0, 0.06666666666666667
surrogate, 71, 29.0, 0.06666666666666667
surrogate, 71, 29.0, 0.06666666666666667
surrogate, 71, 29.0, 0.06666666666666667
surrogate, 71, 29.0, 0.06666666666666667
surrogate, 71, 29.0, 0.06666666666666667
surrogate, 71, 29.0, 0.06666666666666667
surrogate, 71, 29.0, 0.06666666666666667
surrogate, 71, 29.0, 0.06666666666666667
surrogate, 71, 29.0, 0.06666666666666667
surrogate, 71, 29.0, 0.06666666666666667
surrogate, 71, 29.0, 0.06666666666666667
surrogate, 71, 29.0, 0.06666666666666667
surrogate, 71, 29.0, 0.06666666666666667
surrogate, 71, 29.0, 0.06666666666666667
surrogate, 71, 29.0, 0.06666666666666667
surrogate, 71, 29.0, 0.06666666666666667
surrogate, 71, 29.0, 0.06666666666666667
surrogate, 71, 29.0, 0.06666666666666667
surrogate, 71, 29.0, 0.06666666666666667
surrogate, 71, 29.0, 0.06666666666666667
surrogate, 71, 29.0, 0.06666666666666667
surrogate, 71, 29.0, 0.06666666666666667
surrogate, 71, 29.0, 0.06666666666666667
surrogate, 71, 29.0, 0.06666666666666667
surrogate, 71, 29.0, 0.06666666666666667
surrogate, 71, 29.0, 0.06666666666666667
surrogate, 71, 29.0, 0.06666666666666667
surrogate, 71, 29.0, 0.06666666666666667
surrogate, 71, 29.0, 0.06666666666666667
surrogate, 71, 29.0, 0.06666666666666667
surrogate, 71, 29.0, 0.06666666666666667
surrogate, 71, 29.0, 0.06666666666666667
surrogate, 71, 28.0, 0.05
surrogate, 71, 28.0, 0.05
surrogate, 71, 28.0, 0.05
surrogate, 71, 28.0, 0.05
surrogate, 71, 28.0, 0.05
surrogate, 71, 28.0, 0.05
surrogate, 71, 28.0, 0.05
surrogate, 71, 28.0, 0.05
surrogate, 71, 28.0, 0.05
surrogate, 71, 28.0, 0.05
surrogate, 71, 28.0, 0.05
surrogate, 71, 28.0, 0.05
surrogate, 71, 28.0, 0.05
surrogate, 71, 28.0, 0.05
surrogate, 71, 28.0, 0.05
surrogate, 71, 28.0, 0.05
surrogate, 71, 28.0, 0.05
surrogate, 71, 28.0, 0.05
surrogate, 71, 27.0, 0.03333333333333333
surrogate, 71, 27.0, 0.03333333333333333
surrogate, 71, 27.0, 0.03333333333333333
surrogate, 71, 27.0, 0.03333333333333333
surrogate, 71, 27.0, 0.03333333333333333
surrogate, 71, 27.0, 0.03333333333333333
surrogate, 71, 27.0, 0.03333333333333333
surrogate, 71, 27.0, 0.03333333333333333
surrogate, 71, 27.0, 0.03333333333333333
surrogate, 71, 27.0, 0.03333333333333333
surrogate, 71, 27.0, 0.03333333333333333
surrogate, 71, 27.0, 0.03333333333333333
surrogate, 71, 27.0, 0.03333333333333333
surrogate, 71, 27.0, 0.03333333333333333
surrogate, 71, 26.0, 0.016666666666666666
surrogate, 71, 26.0, 0.016666666666666666
surrogate, 71, 26.0, 0.016666666666666666
surrogate, 71, 26.0, 0.016666666666666666
surrogate, 71, 26.0, 0.016666666666666666
surrogate, 71, 26.0, 0.016666666666666666
surrogate, 71, 26.0, 0.016666666666666666
surrogate, 71, 26.0, 0.016666666666666666
surrogate, 71, 26.0, 0.016666666666666666
surrogate, 71, 26.0, 0.016666666666666666
surrogate, 71, 26.0, 0.016666666666666666
surrogate, 71, 26.0, 0.016666666666666666
surrogate, 71, 26.0, 0.016666666666666666
surrogate, 71, 26.0, 0.016666666666666666
surrogate, 71, 26.0, 0.016666666666666666
surrogate, 71, 26.0, 0.016666666666666666
surrogate, 71, 26.0, 0.016666666666666666
surrogate, 71, 26.0, 0.016666666666666666
surrogate, 71, 26.0, 0.016666666666666666
surrogate, 71, 26.0, 0.016666666666666666
surrogate, 71, 26.0, 0.016666666666666666
surrogate, 71, 26.0, 0.016666666666666666
surrogate, 71, 26.0, 0.016666666666666666
surrogate, 71, 26.0, 0.016666666666666666
surrogate, 71, 26.0, 0.016666666666666666
surrogate, 71, 26.0, 0.016666666666666666
surrogate, 71, 26.0, 0.016666666666666666
surrogate, 71, 26.0, 0.016666666666666666
surrogate, 71, 26.0, 0.016666666666666666
surrogate, 71, 26.0, 0.016666666666666666
surrogate, 71, 26.0, 0.016666666666666666
surrogate, 71, 26.0, 0.016666666666666666
surrogate, 71, 26.0, 0.016666666666666666
surrogate, 71, 26.0, 0.016666666666666666
surrogate, 71, 26.0, 0.016666666666666666
surrogate, 71, 26.0, 0.016666666666666666
surrogate, 71, 26.0, 0.016666666666666666
surrogate, 71, 26.0, 0.016666666666666666
surrogate, 71, 26.0, 0.016666666666666666
surrogate, 71, 26.0, 0.016666666666666666
surrogate, 71, 26.0, 0.016666666666666666
surrogate, 71, 26.0, 0.016666666666666666
surrogate, 71, 26.0, 0.016666666666666666
surrogate, 71, 26.0, 0.016666666666666666
surrogate, 71, 26.0, 0.016666666666666666
surrogate, 71, 26.0, 0.016666666666666666
surrogate, 71, 26.0, 0.016666666666666666
surrogate, 71, 26.0, 0.016666666666666666
surrogate, 71, 26.0, 0.016666666666666666
surrogate, 71, 26.0, 0.016666666666666666
surrogate, 71, 26.0, 0.016666666666666666
surrogate, 71, 26.0, 0.016666666666666666
surrogate, 71, 26.0, 0.016666666666666666
surrogate, 71, 26.0, 0.016666666666666666
surrogate, 71, 26.0, 0.016666666666666666
surrogate, 71, 26.0, 0.016666666666666666
surrogate, 71, 26.0, 0.016666666666666666
surrogate, 71, 26.0, 0.016666666666666666
surrogate, 71, 26.0, 0.016666666666666666
surrogate, 71, 26.0, 0.016666666666666666
surrogate, 71, 26.0, 0.016666666666666666
surrogate, 71, 26.0, 0.016666666666666666
surrogate, 71, 26.0, 0.016666666666666666
surrogate, 71, 26.0, 0.016666666666666666
surrogate, 71, 26.0, 0.016666666666666666
surrogate, 71, 26.0, 0.016666666666666666
surrogate, 71, 26.0, 0.016666666666666666
surrogate, 72, 93.0, 0.8333333333333334
surrogate, 72, 71.0, 0.8
surrogate, 72, 71.0, 0.8
surrogate, 72, 57.0, 0.7666666666666667
surrogate, 72, 53.0, 0.75
surrogate, 72, 48.0, 0.7166666666666667
surrogate, 72, 48.0, 0.7166666666666667
surrogate, 72, 48.0, 0.7166666666666667
surrogate, 72, 48.0, 0.7166666666666667
surrogate, 72, 48.0, 0.7166666666666667
surrogate, 72, 48.0, 0.7166666666666667
surrogate, 72, 48.0, 0.7166666666666667
surrogate, 72, 48.0, 0.7166666666666667
surrogate, 72, 48.0, 0.7166666666666667
surrogate, 72, 43.0, 0.6833333333333333
surrogate, 72, 43.0, 0.6833333333333333
surrogate, 72, 43.0, 0.6833333333333333
surrogate, 72, 43.0, 0.6833333333333333
surrogate, 72, 43.0, 0.6833333333333333
surrogate, 72, 43.0, 0.6833333333333333
surrogate, 72, 43.0, 0.6833333333333333
surrogate, 72, 43.0, 0.6833333333333333
surrogate, 72, 43.0, 0.6833333333333333
surrogate, 72, 40.0, 0.65
surrogate, 72, 34.0, 0.55
surrogate, 72, 33.0, 0.5
surrogate, 72, 33.0, 0.5
surrogate, 72, 33.0, 0.5
surrogate, 72, 33.0, 0.5
surrogate, 72, 33.0, 0.5
surrogate, 72, 33.0, 0.5
surrogate, 72, 33.0, 0.5
surrogate, 72, 33.0, 0.5
surrogate, 72, 33.0, 0.5
surrogate, 72, 33.0, 0.5
surrogate, 72, 33.0, 0.5
surrogate, 72, 33.0, 0.5
surrogate, 72, 33.0, 0.5
surrogate, 72, 33.0, 0.5
surrogate, 72, 33.0, 0.5
surrogate, 72, 33.0, 0.5
surrogate, 72, 33.0, 0.5
surrogate, 72, 33.0, 0.5
surrogate, 72, 33.0, 0.5
surrogate, 72, 33.0, 0.5
surrogate, 72, 33.0, 0.5
surrogate, 72, 33.0, 0.5
surrogate, 72, 33.0, 0.5
surrogate, 72, 33.0, 0.5
surrogate, 72, 32.0, 0.36666666666666664
surrogate, 72, 32.0, 0.36666666666666664
surrogate, 72, 32.0, 0.36666666666666664
surrogate, 72, 32.0, 0.36666666666666664
surrogate, 72, 32.0, 0.36666666666666664
surrogate, 72, 32.0, 0.36666666666666664
surrogate, 72, 32.0, 0.36666666666666664
surrogate, 72, 32.0, 0.36666666666666664
surrogate, 72, 32.0, 0.36666666666666664
surrogate, 72, 32.0, 0.36666666666666664
surrogate, 72, 32.0, 0.36666666666666664
surrogate, 72, 32.0, 0.36666666666666664
surrogate, 72, 32.0, 0.36666666666666664
surrogate, 72, 32.0, 0.36666666666666664
surrogate, 72, 32.0, 0.36666666666666664
surrogate, 72, 32.0, 0.36666666666666664
surrogate, 72, 32.0, 0.36666666666666664
surrogate, 72, 32.0, 0.36666666666666664
surrogate, 72, 32.0, 0.36666666666666664
surrogate, 72, 32.0, 0.36666666666666664
surrogate, 72, 32.0, 0.36666666666666664
surrogate, 72, 32.0, 0.36666666666666664
surrogate, 72, 32.0, 0.36666666666666664
surrogate, 72, 32.0, 0.36666666666666664
surrogate, 72, 32.0, 0.36666666666666664
surrogate, 72, 32.0, 0.36666666666666664
surrogate, 72, 32.0, 0.36666666666666664
surrogate, 72, 32.0, 0.36666666666666664
surrogate, 72, 32.0, 0.36666666666666664
surrogate, 72, 32.0, 0.36666666666666664
surrogate, 72, 32.0, 0.36666666666666664
surrogate, 72, 32.0, 0.36666666666666664
surrogate, 72, 32.0, 0.36666666666666664
surrogate, 72, 32.0, 0.36666666666666664
surrogate, 72, 32.0, 0.36666666666666664
surrogate, 72, 32.0, 0.36666666666666664
surrogate, 72, 32.0, 0.36666666666666664
surrogate, 72, 32.0, 0.36666666666666664
surrogate, 72, 32.0, 0.36666666666666664
surrogate, 72, 32.0, 0.36666666666666664
surrogate, 72, 32.0, 0.36666666666666664
surrogate, 72, 32.0, 0.36666666666666664
surrogate, 72, 32.0, 0.36666666666666664
surrogate, 72, 32.0, 0.36666666666666664
surrogate, 72, 32.0, 0.36666666666666664
surrogate, 72, 32.0, 0.36666666666666664
surrogate, 72, 32.0, 0.36666666666666664
surrogate, 72, 32.0, 0.36666666666666664
surrogate, 72, 32.0, 0.36666666666666664
surrogate, 72, 32.0, 0.36666666666666664
surrogate, 72, 32.0, 0.36666666666666664
surrogate, 72, 32.0, 0.36666666666666664
surrogate, 72, 32.0, 0.36666666666666664
surrogate, 72, 32.0, 0.36666666666666664
surrogate, 72, 32.0, 0.36666666666666664
surrogate, 72, 32.0, 0.36666666666666664
surrogate, 72, 32.0, 0.36666666666666664
surrogate, 72, 32.0, 0.36666666666666664
surrogate, 72, 30.0, 0.26666666666666666
surrogate, 72, 30.0, 0.26666666666666666
surrogate, 72, 30.0, 0.26666666666666666
surrogate, 72, 30.0, 0.26666666666666666
surrogate, 72, 30.0, 0.26666666666666666
surrogate, 72, 30.0, 0.26666666666666666
surrogate, 72, 30.0, 0.26666666666666666
surrogate, 72, 30.0, 0.26666666666666666
surrogate, 72, 30.0, 0.26666666666666666
surrogate, 72, 30.0, 0.26666666666666666
surrogate, 72, 30.0, 0.26666666666666666
surrogate, 72, 30.0, 0.26666666666666666
surrogate, 72, 30.0, 0.26666666666666666
surrogate, 72, 30.0, 0.26666666666666666
surrogate, 72, 30.0, 0.26666666666666666
surrogate, 72, 30.0, 0.26666666666666666
surrogate, 72, 30.0, 0.26666666666666666
surrogate, 72, 30.0, 0.26666666666666666
surrogate, 72, 30.0, 0.26666666666666666
surrogate, 72, 30.0, 0.26666666666666666
surrogate, 72, 30.0, 0.26666666666666666
surrogate, 72, 30.0, 0.26666666666666666
surrogate, 72, 30.0, 0.26666666666666666
surrogate, 72, 30.0, 0.26666666666666666
surrogate, 72, 30.0, 0.26666666666666666
surrogate, 72, 30.0, 0.26666666666666666
surrogate, 72, 30.0, 0.26666666666666666
surrogate, 72, 30.0, 0.26666666666666666
surrogate, 72, 30.0, 0.26666666666666666
surrogate, 72, 30.0, 0.26666666666666666
surrogate, 72, 30.0, 0.26666666666666666
surrogate, 72, 30.0, 0.26666666666666666
surrogate, 72, 30.0, 0.26666666666666666
surrogate, 72, 30.0, 0.26666666666666666
surrogate, 72, 30.0, 0.26666666666666666
surrogate, 72, 30.0, 0.26666666666666666
surrogate, 72, 30.0, 0.26666666666666666
surrogate, 72, 29.0, 0.06666666666666667
surrogate, 72, 29.0, 0.06666666666666667
surrogate, 72, 29.0, 0.06666666666666667
surrogate, 72, 29.0, 0.06666666666666667
surrogate, 72, 29.0, 0.06666666666666667
surrogate, 72, 29.0, 0.06666666666666667
surrogate, 72, 29.0, 0.06666666666666667
surrogate, 72, 29.0, 0.06666666666666667
surrogate, 72, 29.0, 0.06666666666666667
surrogate, 72, 29.0, 0.06666666666666667
surrogate, 72, 29.0, 0.06666666666666667
surrogate, 72, 29.0, 0.06666666666666667
surrogate, 72, 29.0, 0.06666666666666667
surrogate, 72, 29.0, 0.06666666666666667
surrogate, 72, 29.0, 0.06666666666666667
surrogate, 72, 29.0, 0.06666666666666667
surrogate, 72, 29.0, 0.06666666666666667
surrogate, 72, 29.0, 0.06666666666666667
surrogate, 72, 29.0, 0.06666666666666667
surrogate, 72, 29.0, 0.06666666666666667
surrogate, 72, 29.0, 0.06666666666666667
surrogate, 72, 29.0, 0.06666666666666667
surrogate, 72, 29.0, 0.06666666666666667
surrogate, 72, 29.0, 0.06666666666666667
surrogate, 72, 29.0, 0.06666666666666667
surrogate, 72, 29.0, 0.06666666666666667
surrogate, 72, 29.0, 0.06666666666666667
surrogate, 72, 29.0, 0.06666666666666667
surrogate, 72, 29.0, 0.06666666666666667
surrogate, 72, 29.0, 0.06666666666666667
surrogate, 72, 29.0, 0.06666666666666667
surrogate, 72, 29.0, 0.06666666666666667
surrogate, 72, 29.0, 0.06666666666666667
surrogate, 72, 29.0, 0.06666666666666667
surrogate, 72, 29.0, 0.06666666666666667
surrogate, 72, 29.0, 0.06666666666666667
surrogate, 72, 29.0, 0.06666666666666667
surrogate, 72, 29.0, 0.06666666666666667
surrogate, 72, 29.0, 0.06666666666666667
surrogate, 72, 29.0, 0.06666666666666667
surrogate, 72, 29.0, 0.06666666666666667
surrogate, 72, 29.0, 0.06666666666666667
surrogate, 72, 29.0, 0.06666666666666667
surrogate, 72, 29.0, 0.06666666666666667
surrogate, 72, 29.0, 0.06666666666666667
surrogate, 72, 29.0, 0.06666666666666667
surrogate, 72, 29.0, 0.06666666666666667
surrogate, 72, 29.0, 0.06666666666666667
surrogate, 72, 29.0, 0.06666666666666667
surrogate, 72, 29.0, 0.06666666666666667
surrogate, 72, 29.0, 0.06666666666666667
surrogate, 72, 29.0, 0.06666666666666667
surrogate, 72, 29.0, 0.06666666666666667
surrogate, 72, 29.0, 0.06666666666666667
surrogate, 72, 29.0, 0.06666666666666667
surrogate, 72, 29.0, 0.06666666666666667
surrogate, 72, 29.0, 0.06666666666666667
surrogate, 72, 28.0, 0.05
surrogate, 72, 28.0, 0.05
surrogate, 72, 28.0, 0.05
surrogate, 72, 28.0, 0.05
surrogate, 72, 28.0, 0.05
surrogate, 72, 28.0, 0.05
surrogate, 72, 28.0, 0.05
surrogate, 72, 28.0, 0.05
surrogate, 72, 28.0, 0.05
surrogate, 72, 28.0, 0.05
surrogate, 72, 28.0, 0.05
surrogate, 72, 28.0, 0.05
surrogate, 72, 28.0, 0.05
surrogate, 72, 28.0, 0.05
surrogate, 72, 28.0, 0.05
surrogate, 72, 28.0, 0.05
surrogate, 72, 28.0, 0.05
surrogate, 72, 28.0, 0.05
surrogate, 72, 27.0, 0.03333333333333333
surrogate, 72, 27.0, 0.03333333333333333
surrogate, 72, 27.0, 0.03333333333333333
surrogate, 72, 27.0, 0.03333333333333333
surrogate, 72, 27.0, 0.03333333333333333
surrogate, 72, 27.0, 0.03333333333333333
surrogate, 72, 27.0, 0.03333333333333333
surrogate, 72, 27.0, 0.03333333333333333
surrogate, 72, 27.0, 0.03333333333333333
surrogate, 72, 27.0, 0.03333333333333333
surrogate, 72, 27.0, 0.03333333333333333
surrogate, 72, 27.0, 0.03333333333333333
surrogate, 72, 27.0, 0.03333333333333333
surrogate, 72, 27.0, 0.03333333333333333
surrogate, 72, 26.0, 0.016666666666666666
surrogate, 72, 26.0, 0.016666666666666666
surrogate, 72, 26.0, 0.016666666666666666
surrogate, 72, 26.0, 0.016666666666666666
surrogate, 72, 26.0, 0.016666666666666666
surrogate, 72, 26.0, 0.016666666666666666
surrogate, 72, 26.0, 0.016666666666666666
surrogate, 72, 26.0, 0.016666666666666666
surrogate, 72, 26.0, 0.016666666666666666
surrogate, 72, 26.0, 0.016666666666666666
surrogate, 72, 26.0, 0.016666666666666666
surrogate, 72, 26.0, 0.016666666666666666
surrogate, 72, 26.0, 0.016666666666666666
surrogate, 72, 26.0, 0.016666666666666666
surrogate, 72, 26.0, 0.016666666666666666
surrogate, 72, 26.0, 0.016666666666666666
surrogate, 72, 26.0, 0.016666666666666666
surrogate, 72, 26.0, 0.016666666666666666
surrogate, 72, 26.0, 0.016666666666666666
surrogate, 72, 26.0, 0.016666666666666666
surrogate, 72, 26.0, 0.016666666666666666
surrogate, 72, 26.0, 0.016666666666666666
surrogate, 72, 26.0, 0.016666666666666666
surrogate, 72, 26.0, 0.016666666666666666
surrogate, 72, 26.0, 0.016666666666666666
surrogate, 72, 26.0, 0.016666666666666666
surrogate, 72, 26.0, 0.016666666666666666
surrogate, 72, 26.0, 0.016666666666666666
surrogate, 72, 26.0, 0.016666666666666666
surrogate, 72, 26.0, 0.016666666666666666
surrogate, 72, 26.0, 0.016666666666666666
surrogate, 72, 26.0, 0.016666666666666666
surrogate, 72, 26.0, 0.016666666666666666
surrogate, 72, 26.0, 0.016666666666666666
surrogate, 72, 26.0, 0.016666666666666666
surrogate, 72, 26.0, 0.016666666666666666
surrogate, 72, 26.0, 0.016666666666666666
surrogate, 72, 26.0, 0.016666666666666666
surrogate, 72, 26.0, 0.016666666666666666
surrogate, 72, 26.0, 0.016666666666666666
surrogate, 72, 26.0, 0.016666666666666666
surrogate, 72, 26.0, 0.016666666666666666
surrogate, 72, 26.0, 0.016666666666666666
surrogate, 72, 26.0, 0.016666666666666666
surrogate, 72, 26.0, 0.016666666666666666
surrogate, 72, 26.0, 0.016666666666666666
surrogate, 72, 26.0, 0.016666666666666666
surrogate, 72, 26.0, 0.016666666666666666
surrogate, 72, 26.0, 0.016666666666666666
surrogate, 72, 26.0, 0.016666666666666666
surrogate, 72, 26.0, 0.016666666666666666
surrogate, 72, 26.0, 0.016666666666666666
surrogate, 72, 26.0, 0.016666666666666666
surrogate, 72, 26.0, 0.016666666666666666
surrogate, 72, 26.0, 0.016666666666666666
surrogate, 72, 26.0, 0.016666666666666666
surrogate, 72, 26.0, 0.016666666666666666
surrogate, 72, 26.0, 0.016666666666666666
surrogate, 72, 26.0, 0.016666666666666666
surrogate, 72, 26.0, 0.016666666666666666
surrogate, 72, 26.0, 0.016666666666666666
surrogate, 72, 26.0, 0.016666666666666666
surrogate, 72, 26.0, 0.016666666666666666
surrogate, 72, 26.0, 0.016666666666666666
surrogate, 72, 26.0, 0.016666666666666666
surrogate, 72, 26.0, 0.016666666666666666
surrogate, 72, 26.0, 0.016666666666666666
surrogate, 72, 26.0, 0.016666666666666666
surrogate, 73, 93.0, 0.8333333333333334
surrogate, 73, 66.0, 0.8
surrogate, 73, 57.0, 0.7666666666666667
surrogate, 73, 53.0, 0.75
surrogate, 73, 48.0, 0.7166666666666667
surrogate, 73, 48.0, 0.7166666666666667
surrogate, 73, 48.0, 0.7166666666666667
surrogate, 73, 48.0, 0.7166666666666667
surrogate, 73, 48.0, 0.7166666666666667
surrogate, 73, 48.0, 0.7166666666666667
surrogate, 73, 48.0, 0.7166666666666667
surrogate, 73, 48.0, 0.7166666666666667
surrogate, 73, 48.0, 0.7166666666666667
surrogate, 73, 43.0, 0.6833333333333333
surrogate, 73, 43.0, 0.6833333333333333
surrogate, 73, 43.0, 0.6833333333333333
surrogate, 73, 43.0, 0.6833333333333333
surrogate, 73, 43.0, 0.6833333333333333
surrogate, 73, 43.0, 0.6833333333333333
surrogate, 73, 43.0, 0.6833333333333333
surrogate, 73, 43.0, 0.6833333333333333
surrogate, 73, 43.0, 0.6833333333333333
surrogate, 73, 43.0, 0.6833333333333333
surrogate, 73, 40.0, 0.65
surrogate, 73, 34.0, 0.55
surrogate, 73, 33.0, 0.5
surrogate, 73, 33.0, 0.5
surrogate, 73, 33.0, 0.5
surrogate, 73, 33.0, 0.5
surrogate, 73, 33.0, 0.5
surrogate, 73, 33.0, 0.5
surrogate, 73, 33.0, 0.5
surrogate, 73, 33.0, 0.5
surrogate, 73, 33.0, 0.5
surrogate, 73, 33.0, 0.5
surrogate, 73, 33.0, 0.5
surrogate, 73, 33.0, 0.5
surrogate, 73, 33.0, 0.5
surrogate, 73, 33.0, 0.5
surrogate, 73, 33.0, 0.5
surrogate, 73, 33.0, 0.5
surrogate, 73, 33.0, 0.5
surrogate, 73, 33.0, 0.5
surrogate, 73, 33.0, 0.5
surrogate, 73, 33.0, 0.5
surrogate, 73, 33.0, 0.5
surrogate, 73, 33.0, 0.5
surrogate, 73, 33.0, 0.5
surrogate, 73, 33.0, 0.5
surrogate, 73, 32.0, 0.36666666666666664
surrogate, 73, 32.0, 0.36666666666666664
surrogate, 73, 32.0, 0.36666666666666664
surrogate, 73, 32.0, 0.36666666666666664
surrogate, 73, 32.0, 0.36666666666666664
surrogate, 73, 32.0, 0.36666666666666664
surrogate, 73, 32.0, 0.36666666666666664
surrogate, 73, 32.0, 0.36666666666666664
surrogate, 73, 32.0, 0.36666666666666664
surrogate, 73, 32.0, 0.36666666666666664
surrogate, 73, 32.0, 0.36666666666666664
surrogate, 73, 32.0, 0.36666666666666664
surrogate, 73, 32.0, 0.36666666666666664
surrogate, 73, 32.0, 0.36666666666666664
surrogate, 73, 32.0, 0.36666666666666664
surrogate, 73, 32.0, 0.36666666666666664
surrogate, 73, 32.0, 0.36666666666666664
surrogate, 73, 32.0, 0.36666666666666664
surrogate, 73, 32.0, 0.36666666666666664
surrogate, 73, 32.0, 0.36666666666666664
surrogate, 73, 32.0, 0.36666666666666664
surrogate, 73, 32.0, 0.36666666666666664
surrogate, 73, 32.0, 0.36666666666666664
surrogate, 73, 32.0, 0.36666666666666664
surrogate, 73, 32.0, 0.36666666666666664
surrogate, 73, 32.0, 0.36666666666666664
surrogate, 73, 32.0, 0.36666666666666664
surrogate, 73, 32.0, 0.36666666666666664
surrogate, 73, 32.0, 0.36666666666666664
surrogate, 73, 32.0, 0.36666666666666664
surrogate, 73, 32.0, 0.36666666666666664
surrogate, 73, 32.0, 0.36666666666666664
surrogate, 73, 32.0, 0.36666666666666664
surrogate, 73, 32.0, 0.36666666666666664
surrogate, 73, 32.0, 0.36666666666666664
surrogate, 73, 32.0, 0.36666666666666664
surrogate, 73, 32.0, 0.36666666666666664
surrogate, 73, 32.0, 0.36666666666666664
surrogate, 73, 32.0, 0.36666666666666664
surrogate, 73, 32.0, 0.36666666666666664
surrogate, 73, 32.0, 0.36666666666666664
surrogate, 73, 32.0, 0.36666666666666664
surrogate, 73, 32.0, 0.36666666666666664
surrogate, 73, 32.0, 0.36666666666666664
surrogate, 73, 32.0, 0.36666666666666664
surrogate, 73, 32.0, 0.36666666666666664
surrogate, 73, 32.0, 0.36666666666666664
surrogate, 73, 32.0, 0.36666666666666664
surrogate, 73, 32.0, 0.36666666666666664
surrogate, 73, 32.0, 0.36666666666666664
surrogate, 73, 32.0, 0.36666666666666664
surrogate, 73, 32.0, 0.36666666666666664
surrogate, 73, 32.0, 0.36666666666666664
surrogate, 73, 32.0, 0.36666666666666664
surrogate, 73, 32.0, 0.36666666666666664
surrogate, 73, 32.0, 0.36666666666666664
surrogate, 73, 32.0, 0.36666666666666664
surrogate, 73, 32.0, 0.36666666666666664
surrogate, 73, 32.0, 0.36666666666666664
surrogate, 73, 30.0, 0.26666666666666666
surrogate, 73, 30.0, 0.26666666666666666
surrogate, 73, 30.0, 0.26666666666666666
surrogate, 73, 30.0, 0.26666666666666666
surrogate, 73, 30.0, 0.26666666666666666
surrogate, 73, 30.0, 0.26666666666666666
surrogate, 73, 30.0, 0.26666666666666666
surrogate, 73, 30.0, 0.26666666666666666
surrogate, 73, 30.0, 0.26666666666666666
surrogate, 73, 30.0, 0.26666666666666666
surrogate, 73, 30.0, 0.26666666666666666
surrogate, 73, 30.0, 0.26666666666666666
surrogate, 73, 30.0, 0.26666666666666666
surrogate, 73, 30.0, 0.26666666666666666
surrogate, 73, 30.0, 0.26666666666666666
surrogate, 73, 30.0, 0.26666666666666666
surrogate, 73, 30.0, 0.26666666666666666
surrogate, 73, 30.0, 0.26666666666666666
surrogate, 73, 30.0, 0.26666666666666666
surrogate, 73, 30.0, 0.26666666666666666
surrogate, 73, 30.0, 0.26666666666666666
surrogate, 73, 30.0, 0.26666666666666666
surrogate, 73, 30.0, 0.26666666666666666
surrogate, 73, 30.0, 0.26666666666666666
surrogate, 73, 30.0, 0.26666666666666666
surrogate, 73, 30.0, 0.26666666666666666
surrogate, 73, 30.0, 0.26666666666666666
surrogate, 73, 30.0, 0.26666666666666666
surrogate, 73, 30.0, 0.26666666666666666
surrogate, 73, 30.0, 0.26666666666666666
surrogate, 73, 30.0, 0.26666666666666666
surrogate, 73, 30.0, 0.26666666666666666
surrogate, 73, 30.0, 0.26666666666666666
surrogate, 73, 30.0, 0.26666666666666666
surrogate, 73, 30.0, 0.26666666666666666
surrogate, 73, 30.0, 0.26666666666666666
surrogate, 73, 30.0, 0.26666666666666666
surrogate, 73, 30.0, 0.26666666666666666
surrogate, 73, 29.0, 0.06666666666666667
surrogate, 73, 29.0, 0.06666666666666667
surrogate, 73, 29.0, 0.06666666666666667
surrogate, 73, 29.0, 0.06666666666666667
surrogate, 73, 29.0, 0.06666666666666667
surrogate, 73, 29.0, 0.06666666666666667
surrogate, 73, 29.0, 0.06666666666666667
surrogate, 73, 29.0, 0.06666666666666667
surrogate, 73, 29.0, 0.06666666666666667
surrogate, 73, 29.0, 0.06666666666666667
surrogate, 73, 29.0, 0.06666666666666667
surrogate, 73, 29.0, 0.06666666666666667
surrogate, 73, 29.0, 0.06666666666666667
surrogate, 73, 29.0, 0.06666666666666667
surrogate, 73, 29.0, 0.06666666666666667
surrogate, 73, 29.0, 0.06666666666666667
surrogate, 73, 29.0, 0.06666666666666667
surrogate, 73, 29.0, 0.06666666666666667
surrogate, 73, 29.0, 0.06666666666666667
surrogate, 73, 29.0, 0.06666666666666667
surrogate, 73, 29.0, 0.06666666666666667
surrogate, 73, 29.0, 0.06666666666666667
surrogate, 73, 29.0, 0.06666666666666667
surrogate, 73, 29.0, 0.06666666666666667
surrogate, 73, 29.0, 0.06666666666666667
surrogate, 73, 29.0, 0.06666666666666667
surrogate, 73, 29.0, 0.06666666666666667
surrogate, 73, 29.0, 0.06666666666666667
surrogate, 73, 29.0, 0.06666666666666667
surrogate, 73, 29.0, 0.06666666666666667
surrogate, 73, 29.0, 0.06666666666666667
surrogate, 73, 29.0, 0.06666666666666667
surrogate, 73, 29.0, 0.06666666666666667
surrogate, 73, 29.0, 0.06666666666666667
surrogate, 73, 29.0, 0.06666666666666667
surrogate, 73, 29.0, 0.06666666666666667
surrogate, 73, 29.0, 0.06666666666666667
surrogate, 73, 29.0, 0.06666666666666667
surrogate, 73, 29.0, 0.06666666666666667
surrogate, 73, 29.0, 0.06666666666666667
surrogate, 73, 29.0, 0.06666666666666667
surrogate, 73, 29.0, 0.06666666666666667
surrogate, 73, 29.0, 0.06666666666666667
surrogate, 73, 29.0, 0.06666666666666667
surrogate, 73, 29.0, 0.06666666666666667
surrogate, 73, 29.0, 0.06666666666666667
surrogate, 73, 29.0, 0.06666666666666667
surrogate, 73, 29.0, 0.06666666666666667
surrogate, 73, 29.0, 0.06666666666666667
surrogate, 73, 29.0, 0.06666666666666667
surrogate, 73, 29.0, 0.06666666666666667
surrogate, 73, 29.0, 0.06666666666666667
surrogate, 73, 29.0, 0.06666666666666667
surrogate, 73, 29.0, 0.06666666666666667
surrogate, 73, 29.0, 0.06666666666666667
surrogate, 73, 29.0, 0.06666666666666667
surrogate, 73, 29.0, 0.06666666666666667
surrogate, 73, 29.0, 0.06666666666666667
surrogate, 73, 28.0, 0.05
surrogate, 73, 28.0, 0.05
surrogate, 73, 28.0, 0.05
surrogate, 73, 28.0, 0.05
surrogate, 73, 28.0, 0.05
surrogate, 73, 28.0, 0.05
surrogate, 73, 28.0, 0.05
surrogate, 73, 28.0, 0.05
surrogate, 73, 28.0, 0.05
surrogate, 73, 28.0, 0.05
surrogate, 73, 28.0, 0.05
surrogate, 73, 28.0, 0.05
surrogate, 73, 28.0, 0.05
surrogate, 73, 28.0, 0.05
surrogate, 73, 28.0, 0.05
surrogate, 73, 28.0, 0.05
surrogate, 73, 28.0, 0.05
surrogate, 73, 28.0, 0.05
surrogate, 73, 27.0, 0.03333333333333333
surrogate, 73, 27.0, 0.03333333333333333
surrogate, 73, 27.0, 0.03333333333333333
surrogate, 73, 27.0, 0.03333333333333333
surrogate, 73, 27.0, 0.03333333333333333
surrogate, 73, 27.0, 0.03333333333333333
surrogate, 73, 27.0, 0.03333333333333333
surrogate, 73, 27.0, 0.03333333333333333
surrogate, 73, 27.0, 0.03333333333333333
surrogate, 73, 27.0, 0.03333333333333333
surrogate, 73, 27.0, 0.03333333333333333
surrogate, 73, 27.0, 0.03333333333333333
surrogate, 73, 27.0, 0.03333333333333333
surrogate, 73, 27.0, 0.03333333333333333
surrogate, 73, 26.0, 0.016666666666666666
surrogate, 73, 26.0, 0.016666666666666666
surrogate, 73, 26.0, 0.016666666666666666
surrogate, 73, 26.0, 0.016666666666666666
surrogate, 73, 26.0, 0.016666666666666666
surrogate, 73, 26.0, 0.016666666666666666
surrogate, 73, 26.0, 0.016666666666666666
surrogate, 73, 26.0, 0.016666666666666666
surrogate, 73, 26.0, 0.016666666666666666
surrogate, 73, 26.0, 0.016666666666666666
surrogate, 73, 26.0, 0.016666666666666666
surrogate, 73, 26.0, 0.016666666666666666
surrogate, 73, 26.0, 0.016666666666666666
surrogate, 73, 26.0, 0.016666666666666666
surrogate, 73, 26.0, 0.016666666666666666
surrogate, 73, 26.0, 0.016666666666666666
surrogate, 73, 26.0, 0.016666666666666666
surrogate, 73, 26.0, 0.016666666666666666
surrogate, 73, 26.0, 0.016666666666666666
surrogate, 73, 26.0, 0.016666666666666666
surrogate, 73, 26.0, 0.016666666666666666
surrogate, 73, 26.0, 0.016666666666666666
surrogate, 73, 26.0, 0.016666666666666666
surrogate, 73, 26.0, 0.016666666666666666
surrogate, 73, 26.0, 0.016666666666666666
surrogate, 73, 26.0, 0.016666666666666666
surrogate, 73, 26.0, 0.016666666666666666
surrogate, 73, 26.0, 0.016666666666666666
surrogate, 73, 26.0, 0.016666666666666666
surrogate, 73, 26.0, 0.016666666666666666
surrogate, 73, 26.0, 0.016666666666666666
surrogate, 73, 26.0, 0.016666666666666666
surrogate, 73, 26.0, 0.016666666666666666
surrogate, 73, 26.0, 0.016666666666666666
surrogate, 73, 26.0, 0.016666666666666666
surrogate, 73, 26.0, 0.016666666666666666
surrogate, 73, 26.0, 0.016666666666666666
surrogate, 73, 26.0, 0.016666666666666666
surrogate, 73, 26.0, 0.016666666666666666
surrogate, 73, 26.0, 0.016666666666666666
surrogate, 73, 26.0, 0.016666666666666666
surrogate, 73, 26.0, 0.016666666666666666
surrogate, 73, 26.0, 0.016666666666666666
surrogate, 73, 26.0, 0.016666666666666666
surrogate, 73, 26.0, 0.016666666666666666
surrogate, 73, 26.0, 0.016666666666666666
surrogate, 73, 26.0, 0.016666666666666666
surrogate, 73, 26.0, 0.016666666666666666
surrogate, 73, 26.0, 0.016666666666666666
surrogate, 73, 26.0, 0.016666666666666666
surrogate, 73, 26.0, 0.016666666666666666
surrogate, 73, 26.0, 0.016666666666666666
surrogate, 73, 26.0, 0.016666666666666666
surrogate, 73, 26.0, 0.016666666666666666
surrogate, 73, 26.0, 0.016666666666666666
surrogate, 73, 26.0, 0.016666666666666666
surrogate, 73, 26.0, 0.016666666666666666
surrogate, 73, 26.0, 0.016666666666666666
surrogate, 73, 26.0, 0.016666666666666666
surrogate, 73, 26.0, 0.016666666666666666
surrogate, 73, 26.0, 0.016666666666666666
surrogate, 73, 26.0, 0.016666666666666666
surrogate, 73, 26.0, 0.016666666666666666
surrogate, 73, 26.0, 0.016666666666666666
surrogate, 73, 26.0, 0.016666666666666666
surrogate, 73, 26.0, 0.016666666666666666
surrogate, 73, 26.0, 0.016666666666666666
surrogate, 73, 26.0, 0.016666666666666666
surrogate, 73, 26.0, 0.016666666666666666
surrogate, 74, 93.0, 0.8333333333333334
surrogate, 74, 66.0, 0.8
surrogate, 74, 66.0, 0.8
surrogate, 74, 57.0, 0.7666666666666667
surrogate, 74, 53.0, 0.75
surrogate, 74, 48.0, 0.7166666666666667
surrogate, 74, 48.0, 0.7166666666666667
surrogate, 74, 48.0, 0.7166666666666667
surrogate, 74, 48.0, 0.7166666666666667
surrogate, 74, 48.0, 0.7166666666666667
surrogate, 74, 48.0, 0.7166666666666667
surrogate, 74, 48.0, 0.7166666666666667
surrogate, 74, 48.0, 0.7166666666666667
surrogate, 74, 48.0, 0.7166666666666667
surrogate, 74, 43.0, 0.6833333333333333
surrogate, 74, 43.0, 0.6833333333333333
surrogate, 74, 43.0, 0.6833333333333333
surrogate, 74, 43.0, 0.6833333333333333
surrogate, 74, 43.0, 0.6833333333333333
surrogate, 74, 43.0, 0.6833333333333333
surrogate, 74, 43.0, 0.6833333333333333
surrogate, 74, 43.0, 0.6833333333333333
surrogate, 74, 43.0, 0.6833333333333333
surrogate, 74, 43.0, 0.6833333333333333
surrogate, 74, 40.0, 0.65
surrogate, 74, 34.0, 0.55
surrogate, 74, 34.0, 0.55
surrogate, 74, 33.0, 0.5
surrogate, 74, 33.0, 0.5
surrogate, 74, 33.0, 0.5
surrogate, 74, 33.0, 0.5
surrogate, 74, 33.0, 0.5
surrogate, 74, 33.0, 0.5
surrogate, 74, 33.0, 0.5
surrogate, 74, 33.0, 0.5
surrogate, 74, 33.0, 0.5
surrogate, 74, 33.0, 0.5
surrogate, 74, 33.0, 0.5
surrogate, 74, 33.0, 0.5
surrogate, 74, 33.0, 0.5
surrogate, 74, 33.0, 0.5
surrogate, 74, 33.0, 0.5
surrogate, 74, 33.0, 0.5
surrogate, 74, 33.0, 0.5
surrogate, 74, 33.0, 0.5
surrogate, 74, 33.0, 0.5
surrogate, 74, 33.0, 0.5
surrogate, 74, 33.0, 0.5
surrogate, 74, 33.0, 0.5
surrogate, 74, 33.0, 0.5
surrogate, 74, 33.0, 0.5
surrogate, 74, 32.0, 0.36666666666666664
surrogate, 74, 32.0, 0.36666666666666664
surrogate, 74, 32.0, 0.36666666666666664
surrogate, 74, 32.0, 0.36666666666666664
surrogate, 74, 32.0, 0.36666666666666664
surrogate, 74, 32.0, 0.36666666666666664
surrogate, 74, 32.0, 0.36666666666666664
surrogate, 74, 32.0, 0.36666666666666664
surrogate, 74, 32.0, 0.36666666666666664
surrogate, 74, 32.0, 0.36666666666666664
surrogate, 74, 32.0, 0.36666666666666664
surrogate, 74, 32.0, 0.36666666666666664
surrogate, 74, 32.0, 0.36666666666666664
surrogate, 74, 32.0, 0.36666666666666664
surrogate, 74, 32.0, 0.36666666666666664
surrogate, 74, 32.0, 0.36666666666666664
surrogate, 74, 32.0, 0.36666666666666664
surrogate, 74, 32.0, 0.36666666666666664
surrogate, 74, 32.0, 0.36666666666666664
surrogate, 74, 32.0, 0.36666666666666664
surrogate, 74, 32.0, 0.36666666666666664
surrogate, 74, 32.0, 0.36666666666666664
surrogate, 74, 32.0, 0.36666666666666664
surrogate, 74, 32.0, 0.36666666666666664
surrogate, 74, 32.0, 0.36666666666666664
surrogate, 74, 32.0, 0.36666666666666664
surrogate, 74, 32.0, 0.36666666666666664
surrogate, 74, 32.0, 0.36666666666666664
surrogate, 74, 32.0, 0.36666666666666664
surrogate, 74, 32.0, 0.36666666666666664
surrogate, 74, 32.0, 0.36666666666666664
surrogate, 74, 32.0, 0.36666666666666664
surrogate, 74, 32.0, 0.36666666666666664
surrogate, 74, 32.0, 0.36666666666666664
surrogate, 74, 32.0, 0.36666666666666664
surrogate, 74, 32.0, 0.36666666666666664
surrogate, 74, 32.0, 0.36666666666666664
surrogate, 74, 32.0, 0.36666666666666664
surrogate, 74, 32.0, 0.36666666666666664
surrogate, 74, 32.0, 0.36666666666666664
surrogate, 74, 32.0, 0.36666666666666664
surrogate, 74, 32.0, 0.36666666666666664
surrogate, 74, 32.0, 0.36666666666666664
surrogate, 74, 32.0, 0.36666666666666664
surrogate, 74, 32.0, 0.36666666666666664
surrogate, 74, 32.0, 0.36666666666666664
surrogate, 74, 32.0, 0.36666666666666664
surrogate, 74, 32.0, 0.36666666666666664
surrogate, 74, 32.0, 0.36666666666666664
surrogate, 74, 32.0, 0.36666666666666664
surrogate, 74, 32.0, 0.36666666666666664
surrogate, 74, 32.0, 0.36666666666666664
surrogate, 74, 32.0, 0.36666666666666664
surrogate, 74, 32.0, 0.36666666666666664
surrogate, 74, 32.0, 0.36666666666666664
surrogate, 74, 32.0, 0.36666666666666664
surrogate, 74, 32.0, 0.36666666666666664
surrogate, 74, 32.0, 0.36666666666666664
surrogate, 74, 32.0, 0.36666666666666664
surrogate, 74, 30.0, 0.26666666666666666
surrogate, 74, 30.0, 0.26666666666666666
surrogate, 74, 30.0, 0.26666666666666666
surrogate, 74, 30.0, 0.26666666666666666
surrogate, 74, 30.0, 0.26666666666666666
surrogate, 74, 30.0, 0.26666666666666666
surrogate, 74, 30.0, 0.26666666666666666
surrogate, 74, 30.0, 0.26666666666666666
surrogate, 74, 30.0, 0.26666666666666666
surrogate, 74, 30.0, 0.26666666666666666
surrogate, 74, 30.0, 0.26666666666666666
surrogate, 74, 30.0, 0.26666666666666666
surrogate, 74, 30.0, 0.26666666666666666
surrogate, 74, 30.0, 0.26666666666666666
surrogate, 74, 30.0, 0.26666666666666666
surrogate, 74, 30.0, 0.26666666666666666
surrogate, 74, 30.0, 0.26666666666666666
surrogate, 74, 30.0, 0.26666666666666666
surrogate, 74, 30.0, 0.26666666666666666
surrogate, 74, 30.0, 0.26666666666666666
surrogate, 74, 30.0, 0.26666666666666666
surrogate, 74, 30.0, 0.26666666666666666
surrogate, 74, 30.0, 0.26666666666666666
surrogate, 74, 30.0, 0.26666666666666666
surrogate, 74, 30.0, 0.26666666666666666
surrogate, 74, 30.0, 0.26666666666666666
surrogate, 74, 30.0, 0.26666666666666666
surrogate, 74, 30.0, 0.26666666666666666
surrogate, 74, 30.0, 0.26666666666666666
surrogate, 74, 30.0, 0.26666666666666666
surrogate, 74, 30.0, 0.26666666666666666
surrogate, 74, 30.0, 0.26666666666666666
surrogate, 74, 30.0, 0.26666666666666666
surrogate, 74, 30.0, 0.26666666666666666
surrogate, 74, 30.0, 0.26666666666666666
surrogate, 74, 30.0, 0.26666666666666666
surrogate, 74, 30.0, 0.26666666666666666
surrogate, 74, 30.0, 0.26666666666666666
surrogate, 74, 29.0, 0.06666666666666667
surrogate, 74, 29.0, 0.06666666666666667
surrogate, 74, 29.0, 0.06666666666666667
surrogate, 74, 29.0, 0.06666666666666667
surrogate, 74, 29.0, 0.06666666666666667
surrogate, 74, 29.0, 0.06666666666666667
surrogate, 74, 29.0, 0.06666666666666667
surrogate, 74, 29.0, 0.06666666666666667
surrogate, 74, 29.0, 0.06666666666666667
surrogate, 74, 29.0, 0.06666666666666667
surrogate, 74, 29.0, 0.06666666666666667
surrogate, 74, 29.0, 0.06666666666666667
surrogate, 74, 29.0, 0.06666666666666667
surrogate, 74, 29.0, 0.06666666666666667
surrogate, 74, 29.0, 0.06666666666666667
surrogate, 74, 29.0, 0.06666666666666667
surrogate, 74, 29.0, 0.06666666666666667
surrogate, 74, 29.0, 0.06666666666666667
surrogate, 74, 29.0, 0.06666666666666667
surrogate, 74, 29.0, 0.06666666666666667
surrogate, 74, 29.0, 0.06666666666666667
surrogate, 74, 29.0, 0.06666666666666667
surrogate, 74, 29.0, 0.06666666666666667
surrogate, 74, 29.0, 0.06666666666666667
surrogate, 74, 29.0, 0.06666666666666667
surrogate, 74, 29.0, 0.06666666666666667
surrogate, 74, 29.0, 0.06666666666666667
surrogate, 74, 29.0, 0.06666666666666667
surrogate, 74, 29.0, 0.06666666666666667
surrogate, 74, 29.0, 0.06666666666666667
surrogate, 74, 29.0, 0.06666666666666667
surrogate, 74, 29.0, 0.06666666666666667
surrogate, 74, 29.0, 0.06666666666666667
surrogate, 74, 29.0, 0.06666666666666667
surrogate, 74, 29.0, 0.06666666666666667
surrogate, 74, 29.0, 0.06666666666666667
surrogate, 74, 29.0, 0.06666666666666667
surrogate, 74, 29.0, 0.06666666666666667
surrogate, 74, 29.0, 0.06666666666666667
surrogate, 74, 29.0, 0.06666666666666667
surrogate, 74, 29.0, 0.06666666666666667
surrogate, 74, 29.0, 0.06666666666666667
surrogate, 74, 29.0, 0.06666666666666667
surrogate, 74, 29.0, 0.06666666666666667
surrogate, 74, 29.0, 0.06666666666666667
surrogate, 74, 29.0, 0.06666666666666667
surrogate, 74, 29.0, 0.06666666666666667
surrogate, 74, 29.0, 0.06666666666666667
surrogate, 74, 29.0, 0.06666666666666667
surrogate, 74, 29.0, 0.06666666666666667
surrogate, 74, 29.0, 0.06666666666666667
surrogate, 74, 29.0, 0.06666666666666667
surrogate, 74, 29.0, 0.06666666666666667
surrogate, 74, 29.0, 0.06666666666666667
surrogate, 74, 29.0, 0.06666666666666667
surrogate, 74, 29.0, 0.06666666666666667
surrogate, 74, 29.0, 0.06666666666666667
surrogate, 74, 29.0, 0.06666666666666667
surrogate, 74, 28.0, 0.05
surrogate, 74, 28.0, 0.05
surrogate, 74, 28.0, 0.05
surrogate, 74, 28.0, 0.05
surrogate, 74, 28.0, 0.05
surrogate, 74, 28.0, 0.05
surrogate, 74, 28.0, 0.05
surrogate, 74, 28.0, 0.05
surrogate, 74, 28.0, 0.05
surrogate, 74, 28.0, 0.05
surrogate, 74, 28.0, 0.05
surrogate, 74, 28.0, 0.05
surrogate, 74, 28.0, 0.05
surrogate, 74, 28.0, 0.05
surrogate, 74, 28.0, 0.05
surrogate, 74, 28.0, 0.05
surrogate, 74, 28.0, 0.05
surrogate, 74, 28.0, 0.05
surrogate, 74, 27.0, 0.03333333333333333
surrogate, 74, 27.0, 0.03333333333333333
surrogate, 74, 27.0, 0.03333333333333333
surrogate, 74, 27.0, 0.03333333333333333
surrogate, 74, 27.0, 0.03333333333333333
surrogate, 74, 27.0, 0.03333333333333333
surrogate, 74, 27.0, 0.03333333333333333
surrogate, 74, 27.0, 0.03333333333333333
surrogate, 74, 27.0, 0.03333333333333333
surrogate, 74, 27.0, 0.03333333333333333
surrogate, 74, 27.0, 0.03333333333333333
surrogate, 74, 27.0, 0.03333333333333333
surrogate, 74, 27.0, 0.03333333333333333
surrogate, 74, 27.0, 0.03333333333333333
surrogate, 74, 26.0, 0.016666666666666666
surrogate, 74, 26.0, 0.016666666666666666
surrogate, 74, 26.0, 0.016666666666666666
surrogate, 74, 26.0, 0.016666666666666666
surrogate, 74, 26.0, 0.016666666666666666
surrogate, 74, 26.0, 0.016666666666666666
surrogate, 74, 26.0, 0.016666666666666666
surrogate, 74, 26.0, 0.016666666666666666
surrogate, 74, 26.0, 0.016666666666666666
surrogate, 74, 26.0, 0.016666666666666666
surrogate, 74, 26.0, 0.016666666666666666
surrogate, 74, 26.0, 0.016666666666666666
surrogate, 74, 26.0, 0.016666666666666666
surrogate, 74, 26.0, 0.016666666666666666
surrogate, 74, 26.0, 0.016666666666666666
surrogate, 74, 26.0, 0.016666666666666666
surrogate, 74, 26.0, 0.016666666666666666
surrogate, 74, 26.0, 0.016666666666666666
surrogate, 74, 26.0, 0.016666666666666666
surrogate, 74, 26.0, 0.016666666666666666
surrogate, 74, 26.0, 0.016666666666666666
surrogate, 74, 26.0, 0.016666666666666666
surrogate, 74, 26.0, 0.016666666666666666
surrogate, 74, 26.0, 0.016666666666666666
surrogate, 74, 26.0, 0.016666666666666666
surrogate, 74, 26.0, 0.016666666666666666
surrogate, 74, 26.0, 0.016666666666666666
surrogate, 74, 26.0, 0.016666666666666666
surrogate, 74, 26.0, 0.016666666666666666
surrogate, 74, 26.0, 0.016666666666666666
surrogate, 74, 26.0, 0.016666666666666666
surrogate, 74, 26.0, 0.016666666666666666
surrogate, 74, 26.0, 0.016666666666666666
surrogate, 74, 26.0, 0.016666666666666666
surrogate, 74, 26.0, 0.016666666666666666
surrogate, 74, 26.0, 0.016666666666666666
surrogate, 74, 26.0, 0.016666666666666666
surrogate, 74, 26.0, 0.016666666666666666
surrogate, 74, 26.0, 0.016666666666666666
surrogate, 74, 26.0, 0.016666666666666666
surrogate, 74, 26.0, 0.016666666666666666
surrogate, 74, 26.0, 0.016666666666666666
surrogate, 74, 26.0, 0.016666666666666666
surrogate, 74, 26.0, 0.016666666666666666
surrogate, 74, 26.0, 0.016666666666666666
surrogate, 74, 26.0, 0.016666666666666666
surrogate, 74, 26.0, 0.016666666666666666
surrogate, 74, 26.0, 0.016666666666666666
surrogate, 74, 26.0, 0.016666666666666666
surrogate, 74, 26.0, 0.016666666666666666
surrogate, 74, 26.0, 0.016666666666666666
surrogate, 74, 26.0, 0.016666666666666666
surrogate, 74, 26.0, 0.016666666666666666
surrogate, 74, 26.0, 0.016666666666666666
surrogate, 74, 26.0, 0.016666666666666666
surrogate, 74, 26.0, 0.016666666666666666
surrogate, 74, 26.0, 0.016666666666666666
surrogate, 74, 26.0, 0.016666666666666666
surrogate, 74, 26.0, 0.016666666666666666
surrogate, 74, 26.0, 0.016666666666666666
surrogate, 74, 26.0, 0.016666666666666666
surrogate, 74, 26.0, 0.016666666666666666
surrogate, 74, 26.0, 0.016666666666666666
surrogate, 74, 26.0, 0.016666666666666666
surrogate, 74, 26.0, 0.016666666666666666
surrogate, 74, 26.0, 0.016666666666666666
surrogate, 74, 26.0, 0.016666666666666666
surrogate, 74, 26.0, 0.016666666666666666
surrogate, 74, 26.0, 0.016666666666666666
surrogate, 74, 26.0, 0.016666666666666666
surrogate, 75, 93.0, 0.8333333333333334
surrogate, 75, 66.0, 0.8
surrogate, 75, 66.0, 0.8
surrogate, 75, 57.0, 0.7666666666666667
surrogate, 75, 57.0, 0.7666666666666667
surrogate, 75, 53.0, 0.75
surrogate, 75, 48.0, 0.7166666666666667
surrogate, 75, 48.0, 0.7166666666666667
surrogate, 75, 48.0, 0.7166666666666667
surrogate, 75, 48.0, 0.7166666666666667
surrogate, 75, 48.0, 0.7166666666666667
surrogate, 75, 48.0, 0.7166666666666667
surrogate, 75, 48.0, 0.7166666666666667
surrogate, 75, 48.0, 0.7166666666666667
surrogate, 75, 48.0, 0.7166666666666667
surrogate, 75, 48.0, 0.7166666666666667
surrogate, 75, 43.0, 0.6833333333333333
surrogate, 75, 43.0, 0.6833333333333333
surrogate, 75, 43.0, 0.6833333333333333
surrogate, 75, 43.0, 0.6833333333333333
surrogate, 75, 43.0, 0.6833333333333333
surrogate, 75, 43.0, 0.6833333333333333
surrogate, 75, 43.0, 0.6833333333333333
surrogate, 75, 43.0, 0.6833333333333333
surrogate, 75, 43.0, 0.6833333333333333
surrogate, 75, 43.0, 0.6833333333333333
surrogate, 75, 43.0, 0.6833333333333333
surrogate, 75, 40.0, 0.65
surrogate, 75, 34.0, 0.55
surrogate, 75, 34.0, 0.55
surrogate, 75, 34.0, 0.55
surrogate, 75, 33.0, 0.5
surrogate, 75, 33.0, 0.5
surrogate, 75, 33.0, 0.5
surrogate, 75, 33.0, 0.5
surrogate, 75, 33.0, 0.5
surrogate, 75, 33.0, 0.5
surrogate, 75, 33.0, 0.5
surrogate, 75, 33.0, 0.5
surrogate, 75, 33.0, 0.5
surrogate, 75, 33.0, 0.5
surrogate, 75, 33.0, 0.5
surrogate, 75, 33.0, 0.5
surrogate, 75, 33.0, 0.5
surrogate, 75, 33.0, 0.5
surrogate, 75, 33.0, 0.5
surrogate, 75, 33.0, 0.5
surrogate, 75, 33.0, 0.5
surrogate, 75, 33.0, 0.5
surrogate, 75, 33.0, 0.5
surrogate, 75, 33.0, 0.5
surrogate, 75, 33.0, 0.5
surrogate, 75, 33.0, 0.5
surrogate, 75, 33.0, 0.5
surrogate, 75, 33.0, 0.5
surrogate, 75, 32.0, 0.36666666666666664
surrogate, 75, 32.0, 0.36666666666666664
surrogate, 75, 32.0, 0.36666666666666664
surrogate, 75, 32.0, 0.36666666666666664
surrogate, 75, 32.0, 0.36666666666666664
surrogate, 75, 32.0, 0.36666666666666664
surrogate, 75, 32.0, 0.36666666666666664
surrogate, 75, 32.0, 0.36666666666666664
surrogate, 75, 32.0, 0.36666666666666664
surrogate, 75, 32.0, 0.36666666666666664
surrogate, 75, 32.0, 0.36666666666666664
surrogate, 75, 32.0, 0.36666666666666664
surrogate, 75, 32.0, 0.36666666666666664
surrogate, 75, 32.0, 0.36666666666666664
surrogate, 75, 32.0, 0.36666666666666664
surrogate, 75, 32.0, 0.36666666666666664
surrogate, 75, 32.0, 0.36666666666666664
surrogate, 75, 32.0, 0.36666666666666664
surrogate, 75, 32.0, 0.36666666666666664
surrogate, 75, 32.0, 0.36666666666666664
surrogate, 75, 32.0, 0.36666666666666664
surrogate, 75, 32.0, 0.36666666666666664
surrogate, 75, 32.0, 0.36666666666666664
surrogate, 75, 32.0, 0.36666666666666664
surrogate, 75, 32.0, 0.36666666666666664
surrogate, 75, 32.0, 0.36666666666666664
surrogate, 75, 32.0, 0.36666666666666664
surrogate, 75, 32.0, 0.36666666666666664
surrogate, 75, 32.0, 0.36666666666666664
surrogate, 75, 32.0, 0.36666666666666664
surrogate, 75, 32.0, 0.36666666666666664
surrogate, 75, 32.0, 0.36666666666666664
surrogate, 75, 32.0, 0.36666666666666664
surrogate, 75, 32.0, 0.36666666666666664
surrogate, 75, 32.0, 0.36666666666666664
surrogate, 75, 32.0, 0.36666666666666664
surrogate, 75, 32.0, 0.36666666666666664
surrogate, 75, 32.0, 0.36666666666666664
surrogate, 75, 32.0, 0.36666666666666664
surrogate, 75, 32.0, 0.36666666666666664
surrogate, 75, 32.0, 0.36666666666666664
surrogate, 75, 32.0, 0.36666666666666664
surrogate, 75, 32.0, 0.36666666666666664
surrogate, 75, 32.0, 0.36666666666666664
surrogate, 75, 32.0, 0.36666666666666664
surrogate, 75, 32.0, 0.36666666666666664
surrogate, 75, 32.0, 0.36666666666666664
surrogate, 75, 32.0, 0.36666666666666664
surrogate, 75, 32.0, 0.36666666666666664
surrogate, 75, 32.0, 0.36666666666666664
surrogate, 75, 32.0, 0.36666666666666664
surrogate, 75, 32.0, 0.36666666666666664
surrogate, 75, 32.0, 0.36666666666666664
surrogate, 75, 32.0, 0.36666666666666664
surrogate, 75, 32.0, 0.36666666666666664
surrogate, 75, 32.0, 0.36666666666666664
surrogate, 75, 32.0, 0.36666666666666664
surrogate, 75, 32.0, 0.36666666666666664
surrogate, 75, 32.0, 0.36666666666666664
surrogate, 75, 30.0, 0.26666666666666666
surrogate, 75, 30.0, 0.26666666666666666
surrogate, 75, 30.0, 0.26666666666666666
surrogate, 75, 30.0, 0.26666666666666666
surrogate, 75, 30.0, 0.26666666666666666
surrogate, 75, 30.0, 0.26666666666666666
surrogate, 75, 30.0, 0.26666666666666666
surrogate, 75, 30.0, 0.26666666666666666
surrogate, 75, 30.0, 0.26666666666666666
surrogate, 75, 30.0, 0.26666666666666666
surrogate, 75, 30.0, 0.26666666666666666
surrogate, 75, 30.0, 0.26666666666666666
surrogate, 75, 30.0, 0.26666666666666666
surrogate, 75, 30.0, 0.26666666666666666
surrogate, 75, 30.0, 0.26666666666666666
surrogate, 75, 30.0, 0.26666666666666666
surrogate, 75, 30.0, 0.26666666666666666
surrogate, 75, 30.0, 0.26666666666666666
surrogate, 75, 30.0, 0.26666666666666666
surrogate, 75, 30.0, 0.26666666666666666
surrogate, 75, 30.0, 0.26666666666666666
surrogate, 75, 30.0, 0.26666666666666666
surrogate, 75, 30.0, 0.26666666666666666
surrogate, 75, 30.0, 0.26666666666666666
surrogate, 75, 30.0, 0.26666666666666666
surrogate, 75, 30.0, 0.26666666666666666
surrogate, 75, 30.0, 0.26666666666666666
surrogate, 75, 30.0, 0.26666666666666666
surrogate, 75, 30.0, 0.26666666666666666
surrogate, 75, 30.0, 0.26666666666666666
surrogate, 75, 30.0, 0.26666666666666666
surrogate, 75, 30.0, 0.26666666666666666
surrogate, 75, 30.0, 0.26666666666666666
surrogate, 75, 30.0, 0.26666666666666666
surrogate, 75, 30.0, 0.26666666666666666
surrogate, 75, 30.0, 0.26666666666666666
surrogate, 75, 30.0, 0.26666666666666666
surrogate, 75, 30.0, 0.26666666666666666
surrogate, 75, 30.0, 0.26666666666666666
surrogate, 75, 29.0, 0.06666666666666667
surrogate, 75, 29.0, 0.06666666666666667
surrogate, 75, 29.0, 0.06666666666666667
surrogate, 75, 29.0, 0.06666666666666667
surrogate, 75, 29.0, 0.06666666666666667
surrogate, 75, 29.0, 0.06666666666666667
surrogate, 75, 29.0, 0.06666666666666667
surrogate, 75, 29.0, 0.06666666666666667
surrogate, 75, 29.0, 0.06666666666666667
surrogate, 75, 29.0, 0.06666666666666667
surrogate, 75, 29.0, 0.06666666666666667
surrogate, 75, 29.0, 0.06666666666666667
surrogate, 75, 29.0, 0.06666666666666667
surrogate, 75, 29.0, 0.06666666666666667
surrogate, 75, 29.0, 0.06666666666666667
surrogate, 75, 29.0, 0.06666666666666667
surrogate, 75, 29.0, 0.06666666666666667
surrogate, 75, 29.0, 0.06666666666666667
surrogate, 75, 29.0, 0.06666666666666667
surrogate, 75, 29.0, 0.06666666666666667
surrogate, 75, 29.0, 0.06666666666666667
surrogate, 75, 29.0, 0.06666666666666667
surrogate, 75, 29.0, 0.06666666666666667
surrogate, 75, 29.0, 0.06666666666666667
surrogate, 75, 29.0, 0.06666666666666667
surrogate, 75, 29.0, 0.06666666666666667
surrogate, 75, 29.0, 0.06666666666666667
surrogate, 75, 29.0, 0.06666666666666667
surrogate, 75, 29.0, 0.06666666666666667
surrogate, 75, 29.0, 0.06666666666666667
surrogate, 75, 29.0, 0.06666666666666667
surrogate, 75, 29.0, 0.06666666666666667
surrogate, 75, 29.0, 0.06666666666666667
surrogate, 75, 29.0, 0.06666666666666667
surrogate, 75, 29.0, 0.06666666666666667
surrogate, 75, 29.0, 0.06666666666666667
surrogate, 75, 29.0, 0.06666666666666667
surrogate, 75, 29.0, 0.06666666666666667
surrogate, 75, 29.0, 0.06666666666666667
surrogate, 75, 29.0, 0.06666666666666667
surrogate, 75, 29.0, 0.06666666666666667
surrogate, 75, 29.0, 0.06666666666666667
surrogate, 75, 29.0, 0.06666666666666667
surrogate, 75, 29.0, 0.06666666666666667
surrogate, 75, 29.0, 0.06666666666666667
surrogate, 75, 29.0, 0.06666666666666667
surrogate, 75, 29.0, 0.06666666666666667
surrogate, 75, 29.0, 0.06666666666666667
surrogate, 75, 29.0, 0.06666666666666667
surrogate, 75, 29.0, 0.06666666666666667
surrogate, 75, 29.0, 0.06666666666666667
surrogate, 75, 29.0, 0.06666666666666667
surrogate, 75, 29.0, 0.06666666666666667
surrogate, 75, 29.0, 0.06666666666666667
surrogate, 75, 29.0, 0.06666666666666667
surrogate, 75, 29.0, 0.06666666666666667
surrogate, 75, 29.0, 0.06666666666666667
surrogate, 75, 29.0, 0.06666666666666667
surrogate, 75, 29.0, 0.06666666666666667
surrogate, 75, 28.0, 0.05
surrogate, 75, 28.0, 0.05
surrogate, 75, 28.0, 0.05
surrogate, 75, 28.0, 0.05
surrogate, 75, 28.0, 0.05
surrogate, 75, 28.0, 0.05
surrogate, 75, 28.0, 0.05
surrogate, 75, 28.0, 0.05
surrogate, 75, 28.0, 0.05
surrogate, 75, 28.0, 0.05
surrogate, 75, 28.0, 0.05
surrogate, 75, 28.0, 0.05
surrogate, 75, 28.0, 0.05
surrogate, 75, 28.0, 0.05
surrogate, 75, 28.0, 0.05
surrogate, 75, 28.0, 0.05
surrogate, 75, 28.0, 0.05
surrogate, 75, 28.0, 0.05
surrogate, 75, 27.0, 0.03333333333333333
surrogate, 75, 27.0, 0.03333333333333333
surrogate, 75, 27.0, 0.03333333333333333
surrogate, 75, 27.0, 0.03333333333333333
surrogate, 75, 27.0, 0.03333333333333333
surrogate, 75, 27.0, 0.03333333333333333
surrogate, 75, 27.0, 0.03333333333333333
surrogate, 75, 27.0, 0.03333333333333333
surrogate, 75, 27.0, 0.03333333333333333
surrogate, 75, 27.0, 0.03333333333333333
surrogate, 75, 27.0, 0.03333333333333333
surrogate, 75, 27.0, 0.03333333333333333
surrogate, 75, 27.0, 0.03333333333333333
surrogate, 75, 27.0, 0.03333333333333333
surrogate, 75, 26.0, 0.016666666666666666
surrogate, 75, 26.0, 0.016666666666666666
surrogate, 75, 26.0, 0.016666666666666666
surrogate, 75, 26.0, 0.016666666666666666
surrogate, 75, 26.0, 0.016666666666666666
surrogate, 75, 26.0, 0.016666666666666666
surrogate, 75, 26.0, 0.016666666666666666
surrogate, 75, 26.0, 0.016666666666666666
surrogate, 75, 26.0, 0.016666666666666666
surrogate, 75, 26.0, 0.016666666666666666
surrogate, 75, 26.0, 0.016666666666666666
surrogate, 75, 26.0, 0.016666666666666666
surrogate, 75, 26.0, 0.016666666666666666
surrogate, 75, 26.0, 0.016666666666666666
surrogate, 75, 26.0, 0.016666666666666666
surrogate, 75, 26.0, 0.016666666666666666
surrogate, 75, 26.0, 0.016666666666666666
surrogate, 75, 26.0, 0.016666666666666666
surrogate, 75, 26.0, 0.016666666666666666
surrogate, 75, 26.0, 0.016666666666666666
surrogate, 75, 26.0, 0.016666666666666666
surrogate, 75, 26.0, 0.016666666666666666
surrogate, 75, 26.0, 0.016666666666666666
surrogate, 75, 26.0, 0.016666666666666666
surrogate, 75, 26.0, 0.016666666666666666
surrogate, 75, 26.0, 0.016666666666666666
surrogate, 75, 26.0, 0.016666666666666666
surrogate, 75, 26.0, 0.016666666666666666
surrogate, 75, 26.0, 0.016666666666666666
surrogate, 75, 26.0, 0.016666666666666666
surrogate, 75, 26.0, 0.016666666666666666
surrogate, 75, 26.0, 0.016666666666666666
surrogate, 75, 26.0, 0.016666666666666666
surrogate, 75, 26.0, 0.016666666666666666
surrogate, 75, 26.0, 0.016666666666666666
surrogate, 75, 26.0, 0.016666666666666666
surrogate, 75, 26.0, 0.016666666666666666
surrogate, 75, 26.0, 0.016666666666666666
surrogate, 75, 26.0, 0.016666666666666666
surrogate, 75, 26.0, 0.016666666666666666
surrogate, 75, 26.0, 0.016666666666666666
surrogate, 75, 26.0, 0.016666666666666666
surrogate, 75, 26.0, 0.016666666666666666
surrogate, 75, 26.0, 0.016666666666666666
surrogate, 75, 26.0, 0.016666666666666666
surrogate, 75, 26.0, 0.016666666666666666
surrogate, 75, 26.0, 0.016666666666666666
surrogate, 75, 26.0, 0.016666666666666666
surrogate, 75, 26.0, 0.016666666666666666
surrogate, 75, 26.0, 0.016666666666666666
surrogate, 75, 26.0, 0.016666666666666666
surrogate, 75, 26.0, 0.016666666666666666
surrogate, 75, 26.0, 0.016666666666666666
surrogate, 75, 26.0, 0.016666666666666666
surrogate, 75, 26.0, 0.016666666666666666
surrogate, 75, 26.0, 0.016666666666666666
surrogate, 75, 26.0, 0.016666666666666666
surrogate, 75, 26.0, 0.016666666666666666
surrogate, 75, 26.0, 0.016666666666666666
surrogate, 75, 26.0, 0.016666666666666666
surrogate, 75, 26.0, 0.016666666666666666
surrogate, 75, 26.0, 0.016666666666666666
surrogate, 75, 26.0, 0.016666666666666666
surrogate, 75, 26.0, 0.016666666666666666
surrogate, 75, 26.0, 0.016666666666666666
surrogate, 75, 26.0, 0.016666666666666666
surrogate, 75, 26.0, 0.016666666666666666
surrogate, 75, 26.0, 0.016666666666666666
surrogate, 75, 26.0, 0.016666666666666666
surrogate, 75, 26.0, 0.016666666666666666
surrogate, 75, 26.0, 0.016666666666666666
surrogate, 76, 247.0, 0.9
surrogate, 76, 91.0, 0.8333333333333334
surrogate, 76, 66.0, 0.8
surrogate, 76, 66.0, 0.8
surrogate, 76, 57.0, 0.7666666666666667
surrogate, 76, 57.0, 0.7666666666666667
surrogate, 76, 53.0, 0.75
surrogate, 76, 48.0, 0.7166666666666667
surrogate, 76, 48.0, 0.7166666666666667
surrogate, 76, 48.0, 0.7166666666666667
surrogate, 76, 48.0, 0.7166666666666667
surrogate, 76, 48.0, 0.7166666666666667
surrogate, 76, 48.0, 0.7166666666666667
surrogate, 76, 48.0, 0.7166666666666667
surrogate, 76, 48.0, 0.7166666666666667
surrogate, 76, 48.0, 0.7166666666666667
surrogate, 76, 48.0, 0.7166666666666667
surrogate, 76, 43.0, 0.6833333333333333
surrogate, 76, 43.0, 0.6833333333333333
surrogate, 76, 43.0, 0.6833333333333333
surrogate, 76, 43.0, 0.6833333333333333
surrogate, 76, 43.0, 0.6833333333333333
surrogate, 76, 43.0, 0.6833333333333333
surrogate, 76, 43.0, 0.6833333333333333
surrogate, 76, 43.0, 0.6833333333333333
surrogate, 76, 43.0, 0.6833333333333333
surrogate, 76, 43.0, 0.6833333333333333
surrogate, 76, 43.0, 0.6833333333333333
surrogate, 76, 39.0, 0.65
surrogate, 76, 34.0, 0.55
surrogate, 76, 34.0, 0.55
surrogate, 76, 34.0, 0.55
surrogate, 76, 33.0, 0.5
surrogate, 76, 33.0, 0.5
surrogate, 76, 33.0, 0.5
surrogate, 76, 33.0, 0.5
surrogate, 76, 33.0, 0.5
surrogate, 76, 33.0, 0.5
surrogate, 76, 33.0, 0.5
surrogate, 76, 33.0, 0.5
surrogate, 76, 33.0, 0.5
surrogate, 76, 33.0, 0.5
surrogate, 76, 33.0, 0.5
surrogate, 76, 33.0, 0.5
surrogate, 76, 33.0, 0.5
surrogate, 76, 33.0, 0.5
surrogate, 76, 33.0, 0.5
surrogate, 76, 33.0, 0.5
surrogate, 76, 33.0, 0.5
surrogate, 76, 33.0, 0.5
surrogate, 76, 33.0, 0.5
surrogate, 76, 33.0, 0.5
surrogate, 76, 33.0, 0.5
surrogate, 76, 33.0, 0.5
surrogate, 76, 33.0, 0.5
surrogate, 76, 33.0, 0.5
surrogate, 76, 33.0, 0.5
surrogate, 76, 32.0, 0.36666666666666664
surrogate, 76, 32.0, 0.36666666666666664
surrogate, 76, 32.0, 0.36666666666666664
surrogate, 76, 32.0, 0.36666666666666664
surrogate, 76, 32.0, 0.36666666666666664
surrogate, 76, 32.0, 0.36666666666666664
surrogate, 76, 32.0, 0.36666666666666664
surrogate, 76, 32.0, 0.36666666666666664
surrogate, 76, 32.0, 0.36666666666666664
surrogate, 76, 32.0, 0.36666666666666664
surrogate, 76, 32.0, 0.36666666666666664
surrogate, 76, 32.0, 0.36666666666666664
surrogate, 76, 32.0, 0.36666666666666664
surrogate, 76, 32.0, 0.36666666666666664
surrogate, 76, 32.0, 0.36666666666666664
surrogate, 76, 32.0, 0.36666666666666664
surrogate, 76, 32.0, 0.36666666666666664
surrogate, 76, 32.0, 0.36666666666666664
surrogate, 76, 32.0, 0.36666666666666664
surrogate, 76, 32.0, 0.36666666666666664
surrogate, 76, 32.0, 0.36666666666666664
surrogate, 76, 32.0, 0.36666666666666664
surrogate, 76, 32.0, 0.36666666666666664
surrogate, 76, 32.0, 0.36666666666666664
surrogate, 76, 32.0, 0.36666666666666664
surrogate, 76, 32.0, 0.36666666666666664
surrogate, 76, 32.0, 0.36666666666666664
surrogate, 76, 32.0, 0.36666666666666664
surrogate, 76, 32.0, 0.36666666666666664
surrogate, 76, 32.0, 0.36666666666666664
surrogate, 76, 32.0, 0.36666666666666664
surrogate, 76, 32.0, 0.36666666666666664
surrogate, 76, 32.0, 0.36666666666666664
surrogate, 76, 32.0, 0.36666666666666664
surrogate, 76, 32.0, 0.36666666666666664
surrogate, 76, 32.0, 0.36666666666666664
surrogate, 76, 32.0, 0.36666666666666664
surrogate, 76, 32.0, 0.36666666666666664
surrogate, 76, 32.0, 0.36666666666666664
surrogate, 76, 32.0, 0.36666666666666664
surrogate, 76, 32.0, 0.36666666666666664
surrogate, 76, 32.0, 0.36666666666666664
surrogate, 76, 32.0, 0.36666666666666664
surrogate, 76, 32.0, 0.36666666666666664
surrogate, 76, 32.0, 0.36666666666666664
surrogate, 76, 32.0, 0.36666666666666664
surrogate, 76, 32.0, 0.36666666666666664
surrogate, 76, 32.0, 0.36666666666666664
surrogate, 76, 32.0, 0.36666666666666664
surrogate, 76, 32.0, 0.36666666666666664
surrogate, 76, 32.0, 0.36666666666666664
surrogate, 76, 32.0, 0.36666666666666664
surrogate, 76, 32.0, 0.36666666666666664
surrogate, 76, 32.0, 0.36666666666666664
surrogate, 76, 32.0, 0.36666666666666664
surrogate, 76, 32.0, 0.36666666666666664
surrogate, 76, 32.0, 0.36666666666666664
surrogate, 76, 32.0, 0.36666666666666664
surrogate, 76, 32.0, 0.36666666666666664
surrogate, 76, 32.0, 0.36666666666666664
surrogate, 76, 30.0, 0.26666666666666666
surrogate, 76, 30.0, 0.26666666666666666
surrogate, 76, 30.0, 0.26666666666666666
surrogate, 76, 30.0, 0.26666666666666666
surrogate, 76, 30.0, 0.26666666666666666
surrogate, 76, 30.0, 0.26666666666666666
surrogate, 76, 30.0, 0.26666666666666666
surrogate, 76, 30.0, 0.26666666666666666
surrogate, 76, 30.0, 0.26666666666666666
surrogate, 76, 30.0, 0.26666666666666666
surrogate, 76, 30.0, 0.26666666666666666
surrogate, 76, 30.0, 0.26666666666666666
surrogate, 76, 30.0, 0.26666666666666666
surrogate, 76, 30.0, 0.26666666666666666
surrogate, 76, 30.0, 0.26666666666666666
surrogate, 76, 30.0, 0.26666666666666666
surrogate, 76, 30.0, 0.26666666666666666
surrogate, 76, 30.0, 0.26666666666666666
surrogate, 76, 30.0, 0.26666666666666666
surrogate, 76, 30.0, 0.26666666666666666
surrogate, 76, 30.0, 0.26666666666666666
surrogate, 76, 30.0, 0.26666666666666666
surrogate, 76, 30.0, 0.26666666666666666
surrogate, 76, 30.0, 0.26666666666666666
surrogate, 76, 30.0, 0.26666666666666666
surrogate, 76, 30.0, 0.26666666666666666
surrogate, 76, 30.0, 0.26666666666666666
surrogate, 76, 30.0, 0.26666666666666666
surrogate, 76, 30.0, 0.26666666666666666
surrogate, 76, 30.0, 0.26666666666666666
surrogate, 76, 30.0, 0.26666666666666666
surrogate, 76, 30.0, 0.26666666666666666
surrogate, 76, 30.0, 0.26666666666666666
surrogate, 76, 30.0, 0.26666666666666666
surrogate, 76, 30.0, 0.26666666666666666
surrogate, 76, 30.0, 0.26666666666666666
surrogate, 76, 30.0, 0.26666666666666666
surrogate, 76, 30.0, 0.26666666666666666
surrogate, 76, 30.0, 0.26666666666666666
surrogate, 76, 30.0, 0.26666666666666666
surrogate, 76, 29.0, 0.06666666666666667
surrogate, 76, 29.0, 0.06666666666666667
surrogate, 76, 29.0, 0.06666666666666667
surrogate, 76, 29.0, 0.06666666666666667
surrogate, 76, 29.0, 0.06666666666666667
surrogate, 76, 29.0, 0.06666666666666667
surrogate, 76, 29.0, 0.06666666666666667
surrogate, 76, 29.0, 0.06666666666666667
surrogate, 76, 29.0, 0.06666666666666667
surrogate, 76, 29.0, 0.06666666666666667
surrogate, 76, 29.0, 0.06666666666666667
surrogate, 76, 29.0, 0.06666666666666667
surrogate, 76, 29.0, 0.06666666666666667
surrogate, 76, 29.0, 0.06666666666666667
surrogate, 76, 29.0, 0.06666666666666667
surrogate, 76, 29.0, 0.06666666666666667
surrogate, 76, 29.0, 0.06666666666666667
surrogate, 76, 29.0, 0.06666666666666667
surrogate, 76, 29.0, 0.06666666666666667
surrogate, 76, 29.0, 0.06666666666666667
surrogate, 76, 29.0, 0.06666666666666667
surrogate, 76, 29.0, 0.06666666666666667
surrogate, 76, 29.0, 0.06666666666666667
surrogate, 76, 29.0, 0.06666666666666667
surrogate, 76, 29.0, 0.06666666666666667
surrogate, 76, 29.0, 0.06666666666666667
surrogate, 76, 29.0, 0.06666666666666667
surrogate, 76, 29.0, 0.06666666666666667
surrogate, 76, 29.0, 0.06666666666666667
surrogate, 76, 29.0, 0.06666666666666667
surrogate, 76, 29.0, 0.06666666666666667
surrogate, 76, 29.0, 0.06666666666666667
surrogate, 76, 29.0, 0.06666666666666667
surrogate, 76, 29.0, 0.06666666666666667
surrogate, 76, 29.0, 0.06666666666666667
surrogate, 76, 29.0, 0.06666666666666667
surrogate, 76, 29.0, 0.06666666666666667
surrogate, 76, 29.0, 0.06666666666666667
surrogate, 76, 29.0, 0.06666666666666667
surrogate, 76, 29.0, 0.06666666666666667
surrogate, 76, 29.0, 0.06666666666666667
surrogate, 76, 29.0, 0.06666666666666667
surrogate, 76, 29.0, 0.06666666666666667
surrogate, 76, 29.0, 0.06666666666666667
surrogate, 76, 29.0, 0.06666666666666667
surrogate, 76, 29.0, 0.06666666666666667
surrogate, 76, 29.0, 0.06666666666666667
surrogate, 76, 29.0, 0.06666666666666667
surrogate, 76, 29.0, 0.06666666666666667
surrogate, 76, 29.0, 0.06666666666666667
surrogate, 76, 29.0, 0.06666666666666667
surrogate, 76, 29.0, 0.06666666666666667
surrogate, 76, 29.0, 0.06666666666666667
surrogate, 76, 29.0, 0.06666666666666667
surrogate, 76, 29.0, 0.06666666666666667
surrogate, 76, 29.0, 0.06666666666666667
surrogate, 76, 29.0, 0.06666666666666667
surrogate, 76, 29.0, 0.06666666666666667
surrogate, 76, 29.0, 0.06666666666666667
surrogate, 76, 29.0, 0.06666666666666667
surrogate, 76, 28.0, 0.05
surrogate, 76, 28.0, 0.05
surrogate, 76, 28.0, 0.05
surrogate, 76, 28.0, 0.05
surrogate, 76, 28.0, 0.05
surrogate, 76, 28.0, 0.05
surrogate, 76, 28.0, 0.05
surrogate, 76, 28.0, 0.05
surrogate, 76, 28.0, 0.05
surrogate, 76, 28.0, 0.05
surrogate, 76, 28.0, 0.05
surrogate, 76, 28.0, 0.05
surrogate, 76, 28.0, 0.05
surrogate, 76, 28.0, 0.05
surrogate, 76, 28.0, 0.05
surrogate, 76, 28.0, 0.05
surrogate, 76, 28.0, 0.05
surrogate, 76, 28.0, 0.05
surrogate, 76, 27.0, 0.03333333333333333
surrogate, 76, 27.0, 0.03333333333333333
surrogate, 76, 27.0, 0.03333333333333333
surrogate, 76, 27.0, 0.03333333333333333
surrogate, 76, 27.0, 0.03333333333333333
surrogate, 76, 27.0, 0.03333333333333333
surrogate, 76, 27.0, 0.03333333333333333
surrogate, 76, 27.0, 0.03333333333333333
surrogate, 76, 27.0, 0.03333333333333333
surrogate, 76, 27.0, 0.03333333333333333
surrogate, 76, 27.0, 0.03333333333333333
surrogate, 76, 27.0, 0.03333333333333333
surrogate, 76, 27.0, 0.03333333333333333
surrogate, 76, 27.0, 0.03333333333333333
surrogate, 76, 26.0, 0.016666666666666666
surrogate, 76, 26.0, 0.016666666666666666
surrogate, 76, 26.0, 0.016666666666666666
surrogate, 76, 26.0, 0.016666666666666666
surrogate, 76, 26.0, 0.016666666666666666
surrogate, 76, 26.0, 0.016666666666666666
surrogate, 76, 26.0, 0.016666666666666666
surrogate, 76, 26.0, 0.016666666666666666
surrogate, 76, 26.0, 0.016666666666666666
surrogate, 76, 26.0, 0.016666666666666666
surrogate, 76, 26.0, 0.016666666666666666
surrogate, 76, 26.0, 0.016666666666666666
surrogate, 76, 26.0, 0.016666666666666666
surrogate, 76, 26.0, 0.016666666666666666
surrogate, 76, 26.0, 0.016666666666666666
surrogate, 76, 26.0, 0.016666666666666666
surrogate, 76, 26.0, 0.016666666666666666
surrogate, 76, 26.0, 0.016666666666666666
surrogate, 76, 26.0, 0.016666666666666666
surrogate, 76, 26.0, 0.016666666666666666
surrogate, 76, 26.0, 0.016666666666666666
surrogate, 76, 26.0, 0.016666666666666666
surrogate, 76, 26.0, 0.016666666666666666
surrogate, 76, 26.0, 0.016666666666666666
surrogate, 76, 26.0, 0.016666666666666666
surrogate, 76, 26.0, 0.016666666666666666
surrogate, 76, 26.0, 0.016666666666666666
surrogate, 76, 26.0, 0.016666666666666666
surrogate, 76, 26.0, 0.016666666666666666
surrogate, 76, 26.0, 0.016666666666666666
surrogate, 76, 26.0, 0.016666666666666666
surrogate, 76, 26.0, 0.016666666666666666
surrogate, 76, 26.0, 0.016666666666666666
surrogate, 76, 26.0, 0.016666666666666666
surrogate, 76, 26.0, 0.016666666666666666
surrogate, 76, 26.0, 0.016666666666666666
surrogate, 76, 26.0, 0.016666666666666666
surrogate, 76, 26.0, 0.016666666666666666
surrogate, 76, 26.0, 0.016666666666666666
surrogate, 76, 26.0, 0.016666666666666666
surrogate, 76, 26.0, 0.016666666666666666
surrogate, 76, 26.0, 0.016666666666666666
surrogate, 76, 26.0, 0.016666666666666666
surrogate, 76, 26.0, 0.016666666666666666
surrogate, 76, 26.0, 0.016666666666666666
surrogate, 76, 26.0, 0.016666666666666666
surrogate, 76, 26.0, 0.016666666666666666
surrogate, 76, 26.0, 0.016666666666666666
surrogate, 76, 26.0, 0.016666666666666666
surrogate, 76, 26.0, 0.016666666666666666
surrogate, 76, 26.0, 0.016666666666666666
surrogate, 76, 26.0, 0.016666666666666666
surrogate, 76, 26.0, 0.016666666666666666
surrogate, 76, 26.0, 0.016666666666666666
surrogate, 76, 26.0, 0.016666666666666666
surrogate, 76, 26.0, 0.016666666666666666
surrogate, 76, 26.0, 0.016666666666666666
surrogate, 76, 26.0, 0.016666666666666666
surrogate, 76, 26.0, 0.016666666666666666
surrogate, 76, 26.0, 0.016666666666666666
surrogate, 76, 26.0, 0.016666666666666666
surrogate, 76, 26.0, 0.016666666666666666
surrogate, 76, 26.0, 0.016666666666666666
surrogate, 76, 26.0, 0.016666666666666666
surrogate, 76, 26.0, 0.016666666666666666
surrogate, 76, 26.0, 0.016666666666666666
surrogate, 76, 26.0, 0.016666666666666666
surrogate, 76, 26.0, 0.016666666666666666
surrogate, 76, 26.0, 0.016666666666666666
surrogate, 76, 26.0, 0.016666666666666666
surrogate, 76, 26.0, 0.016666666666666666
surrogate, 76, 26.0, 0.016666666666666666
surrogate, 77, 247.0, 0.9
surrogate, 77, 91.0, 0.8333333333333334
surrogate, 77, 91.0, 0.8333333333333334
surrogate, 77, 66.0, 0.8
surrogate, 77, 66.0, 0.8
surrogate, 77, 66.0, 0.8
surrogate, 77, 57.0, 0.7666666666666667
surrogate, 77, 57.0, 0.7666666666666667
surrogate, 77, 53.0, 0.75
surrogate, 77, 46.0, 0.7166666666666667
surrogate, 77, 43.0, 0.6833333333333333
surrogate, 77, 43.0, 0.6833333333333333
surrogate, 77, 43.0, 0.6833333333333333
surrogate, 77, 43.0, 0.6833333333333333
surrogate, 77, 43.0, 0.6833333333333333
surrogate, 77, 43.0, 0.6833333333333333
surrogate, 77, 43.0, 0.6833333333333333
surrogate, 77, 43.0, 0.6833333333333333
surrogate, 77, 43.0, 0.6833333333333333
surrogate, 77, 43.0, 0.6833333333333333
surrogate, 77, 43.0, 0.6833333333333333
surrogate, 77, 39.0, 0.65
surrogate, 77, 34.0, 0.55
surrogate, 77, 34.0, 0.55
surrogate, 77, 34.0, 0.55
surrogate, 77, 34.0, 0.55
surrogate, 77, 33.0, 0.5
surrogate, 77, 33.0, 0.5
surrogate, 77, 33.0, 0.5
surrogate, 77, 33.0, 0.5
surrogate, 77, 33.0, 0.5
surrogate, 77, 33.0, 0.5
surrogate, 77, 33.0, 0.5
surrogate, 77, 33.0, 0.5
surrogate, 77, 33.0, 0.5
surrogate, 77, 33.0, 0.5
surrogate, 77, 33.0, 0.5
surrogate, 77, 33.0, 0.5
surrogate, 77, 33.0, 0.5
surrogate, 77, 33.0, 0.5
surrogate, 77, 33.0, 0.5
surrogate, 77, 33.0, 0.5
surrogate, 77, 33.0, 0.5
surrogate, 77, 33.0, 0.5
surrogate, 77, 33.0, 0.5
surrogate, 77, 33.0, 0.5
surrogate, 77, 33.0, 0.5
surrogate, 77, 33.0, 0.5
surrogate, 77, 33.0, 0.5
surrogate, 77, 33.0, 0.5
surrogate, 77, 33.0, 0.5
surrogate, 77, 32.0, 0.36666666666666664
surrogate, 77, 32.0, 0.36666666666666664
surrogate, 77, 32.0, 0.36666666666666664
surrogate, 77, 32.0, 0.36666666666666664
surrogate, 77, 32.0, 0.36666666666666664
surrogate, 77, 32.0, 0.36666666666666664
surrogate, 77, 32.0, 0.36666666666666664
surrogate, 77, 32.0, 0.36666666666666664
surrogate, 77, 32.0, 0.36666666666666664
surrogate, 77, 32.0, 0.36666666666666664
surrogate, 77, 32.0, 0.36666666666666664
surrogate, 77, 32.0, 0.36666666666666664
surrogate, 77, 32.0, 0.36666666666666664
surrogate, 77, 32.0, 0.36666666666666664
surrogate, 77, 32.0, 0.36666666666666664
surrogate, 77, 32.0, 0.36666666666666664
surrogate, 77, 32.0, 0.36666666666666664
surrogate, 77, 32.0, 0.36666666666666664
surrogate, 77, 32.0, 0.36666666666666664
surrogate, 77, 32.0, 0.36666666666666664
surrogate, 77, 32.0, 0.36666666666666664
surrogate, 77, 32.0, 0.36666666666666664
surrogate, 77, 32.0, 0.36666666666666664
surrogate, 77, 32.0, 0.36666666666666664
surrogate, 77, 32.0, 0.36666666666666664
surrogate, 77, 32.0, 0.36666666666666664
surrogate, 77, 32.0, 0.36666666666666664
surrogate, 77, 32.0, 0.36666666666666664
surrogate, 77, 32.0, 0.36666666666666664
surrogate, 77, 32.0, 0.36666666666666664
surrogate, 77, 32.0, 0.36666666666666664
surrogate, 77, 32.0, 0.36666666666666664
surrogate, 77, 32.0, 0.36666666666666664
surrogate, 77, 32.0, 0.36666666666666664
surrogate, 77, 32.0, 0.36666666666666664
surrogate, 77, 32.0, 0.36666666666666664
surrogate, 77, 32.0, 0.36666666666666664
surrogate, 77, 32.0, 0.36666666666666664
surrogate, 77, 32.0, 0.36666666666666664
surrogate, 77, 32.0, 0.36666666666666664
surrogate, 77, 32.0, 0.36666666666666664
surrogate, 77, 32.0, 0.36666666666666664
surrogate, 77, 32.0, 0.36666666666666664
surrogate, 77, 32.0, 0.36666666666666664
surrogate, 77, 32.0, 0.36666666666666664
surrogate, 77, 32.0, 0.36666666666666664
surrogate, 77, 32.0, 0.36666666666666664
surrogate, 77, 32.0, 0.36666666666666664
surrogate, 77, 32.0, 0.36666666666666664
surrogate, 77, 32.0, 0.36666666666666664
surrogate, 77, 32.0, 0.36666666666666664
surrogate, 77, 32.0, 0.36666666666666664
surrogate, 77, 32.0, 0.36666666666666664
surrogate, 77, 32.0, 0.36666666666666664
surrogate, 77, 32.0, 0.36666666666666664
surrogate, 77, 32.0, 0.36666666666666664
surrogate, 77, 32.0, 0.36666666666666664
surrogate, 77, 32.0, 0.36666666666666664
surrogate, 77, 32.0, 0.36666666666666664
surrogate, 77, 32.0, 0.36666666666666664
surrogate, 77, 32.0, 0.36666666666666664
surrogate, 77, 30.0, 0.26666666666666666
surrogate, 77, 30.0, 0.26666666666666666
surrogate, 77, 30.0, 0.26666666666666666
surrogate, 77, 30.0, 0.26666666666666666
surrogate, 77, 30.0, 0.26666666666666666
surrogate, 77, 30.0, 0.26666666666666666
surrogate, 77, 30.0, 0.26666666666666666
surrogate, 77, 30.0, 0.26666666666666666
surrogate, 77, 30.0, 0.26666666666666666
surrogate, 77, 30.0, 0.26666666666666666
surrogate, 77, 30.0, 0.26666666666666666
surrogate, 77, 30.0, 0.26666666666666666
surrogate, 77, 30.0, 0.26666666666666666
surrogate, 77, 30.0, 0.26666666666666666
surrogate, 77, 30.0, 0.26666666666666666
surrogate, 77, 30.0, 0.26666666666666666
surrogate, 77, 30.0, 0.26666666666666666
surrogate, 77, 30.0, 0.26666666666666666
surrogate, 77, 30.0, 0.26666666666666666
surrogate, 77, 30.0, 0.26666666666666666
surrogate, 77, 30.0, 0.26666666666666666
surrogate, 77, 30.0, 0.26666666666666666
surrogate, 77, 30.0, 0.26666666666666666
surrogate, 77, 30.0, 0.26666666666666666
surrogate, 77, 30.0, 0.26666666666666666
surrogate, 77, 30.0, 0.26666666666666666
surrogate, 77, 30.0, 0.26666666666666666
surrogate, 77, 30.0, 0.26666666666666666
surrogate, 77, 30.0, 0.26666666666666666
surrogate, 77, 30.0, 0.26666666666666666
surrogate, 77, 30.0, 0.26666666666666666
surrogate, 77, 30.0, 0.26666666666666666
surrogate, 77, 30.0, 0.26666666666666666
surrogate, 77, 30.0, 0.26666666666666666
surrogate, 77, 30.0, 0.26666666666666666
surrogate, 77, 30.0, 0.26666666666666666
surrogate, 77, 30.0, 0.26666666666666666
surrogate, 77, 30.0, 0.26666666666666666
surrogate, 77, 30.0, 0.26666666666666666
surrogate, 77, 30.0, 0.26666666666666666
surrogate, 77, 30.0, 0.26666666666666666
surrogate, 77, 29.0, 0.06666666666666667
surrogate, 77, 29.0, 0.06666666666666667
surrogate, 77, 29.0, 0.06666666666666667
surrogate, 77, 29.0, 0.06666666666666667
surrogate, 77, 29.0, 0.06666666666666667
surrogate, 77, 29.0, 0.06666666666666667
surrogate, 77, 29.0, 0.06666666666666667
surrogate, 77, 29.0, 0.06666666666666667
surrogate, 77, 29.0, 0.06666666666666667
surrogate, 77, 29.0, 0.06666666666666667
surrogate, 77, 29.0, 0.06666666666666667
surrogate, 77, 29.0, 0.06666666666666667
surrogate, 77, 29.0, 0.06666666666666667
surrogate, 77, 29.0, 0.06666666666666667
surrogate, 77, 29.0, 0.06666666666666667
surrogate, 77, 29.0, 0.06666666666666667
surrogate, 77, 29.0, 0.06666666666666667
surrogate, 77, 29.0, 0.06666666666666667
surrogate, 77, 29.0, 0.06666666666666667
surrogate, 77, 29.0, 0.06666666666666667
surrogate, 77, 29.0, 0.06666666666666667
surrogate, 77, 29.0, 0.06666666666666667
surrogate, 77, 29.0, 0.06666666666666667
surrogate, 77, 29.0, 0.06666666666666667
surrogate, 77, 29.0, 0.06666666666666667
surrogate, 77, 29.0, 0.06666666666666667
surrogate, 77, 29.0, 0.06666666666666667
surrogate, 77, 29.0, 0.06666666666666667
surrogate, 77, 29.0, 0.06666666666666667
surrogate, 77, 29.0, 0.06666666666666667
surrogate, 77, 29.0, 0.06666666666666667
surrogate, 77, 29.0, 0.06666666666666667
surrogate, 77, 29.0, 0.06666666666666667
surrogate, 77, 29.0, 0.06666666666666667
surrogate, 77, 29.0, 0.06666666666666667
surrogate, 77, 29.0, 0.06666666666666667
surrogate, 77, 29.0, 0.06666666666666667
surrogate, 77, 29.0, 0.06666666666666667
surrogate, 77, 29.0, 0.06666666666666667
surrogate, 77, 29.0, 0.06666666666666667
surrogate, 77, 29.0, 0.06666666666666667
surrogate, 77, 29.0, 0.06666666666666667
surrogate, 77, 29.0, 0.06666666666666667
surrogate, 77, 29.0, 0.06666666666666667
surrogate, 77, 29.0, 0.06666666666666667
surrogate, 77, 29.0, 0.06666666666666667
surrogate, 77, 29.0, 0.06666666666666667
surrogate, 77, 29.0, 0.06666666666666667
surrogate, 77, 29.0, 0.06666666666666667
surrogate, 77, 29.0, 0.06666666666666667
surrogate, 77, 29.0, 0.06666666666666667
surrogate, 77, 29.0, 0.06666666666666667
surrogate, 77, 29.0, 0.06666666666666667
surrogate, 77, 29.0, 0.06666666666666667
surrogate, 77, 29.0, 0.06666666666666667
surrogate, 77, 29.0, 0.06666666666666667
surrogate, 77, 29.0, 0.06666666666666667
surrogate, 77, 29.0, 0.06666666666666667
surrogate, 77, 29.0, 0.06666666666666667
surrogate, 77, 29.0, 0.06666666666666667
surrogate, 77, 29.0, 0.06666666666666667
surrogate, 77, 28.0, 0.05
surrogate, 77, 28.0, 0.05
surrogate, 77, 28.0, 0.05
surrogate, 77, 28.0, 0.05
surrogate, 77, 28.0, 0.05
surrogate, 77, 28.0, 0.05
surrogate, 77, 28.0, 0.05
surrogate, 77, 28.0, 0.05
surrogate, 77, 28.0, 0.05
surrogate, 77, 28.0, 0.05
surrogate, 77, 28.0, 0.05
surrogate, 77, 28.0, 0.05
surrogate, 77, 28.0, 0.05
surrogate, 77, 28.0, 0.05
surrogate, 77, 28.0, 0.05
surrogate, 77, 28.0, 0.05
surrogate, 77, 28.0, 0.05
surrogate, 77, 28.0, 0.05
surrogate, 77, 27.0, 0.03333333333333333
surrogate, 77, 27.0, 0.03333333333333333
surrogate, 77, 27.0, 0.03333333333333333
surrogate, 77, 27.0, 0.03333333333333333
surrogate, 77, 27.0, 0.03333333333333333
surrogate, 77, 27.0, 0.03333333333333333
surrogate, 77, 27.0, 0.03333333333333333
surrogate, 77, 27.0, 0.03333333333333333
surrogate, 77, 27.0, 0.03333333333333333
surrogate, 77, 27.0, 0.03333333333333333
surrogate, 77, 27.0, 0.03333333333333333
surrogate, 77, 27.0, 0.03333333333333333
surrogate, 77, 27.0, 0.03333333333333333
surrogate, 77, 27.0, 0.03333333333333333
surrogate, 77, 26.0, 0.016666666666666666
surrogate, 77, 26.0, 0.016666666666666666
surrogate, 77, 26.0, 0.016666666666666666
surrogate, 77, 26.0, 0.016666666666666666
surrogate, 77, 26.0, 0.016666666666666666
surrogate, 77, 26.0, 0.016666666666666666
surrogate, 77, 26.0, 0.016666666666666666
surrogate, 77, 26.0, 0.016666666666666666
surrogate, 77, 26.0, 0.016666666666666666
surrogate, 77, 26.0, 0.016666666666666666
surrogate, 77, 26.0, 0.016666666666666666
surrogate, 77, 26.0, 0.016666666666666666
surrogate, 77, 26.0, 0.016666666666666666
surrogate, 77, 26.0, 0.016666666666666666
surrogate, 77, 26.0, 0.016666666666666666
surrogate, 77, 26.0, 0.016666666666666666
surrogate, 77, 26.0, 0.016666666666666666
surrogate, 77, 26.0, 0.016666666666666666
surrogate, 77, 26.0, 0.016666666666666666
surrogate, 77, 26.0, 0.016666666666666666
surrogate, 77, 26.0, 0.016666666666666666
surrogate, 77, 26.0, 0.016666666666666666
surrogate, 77, 26.0, 0.016666666666666666
surrogate, 77, 26.0, 0.016666666666666666
surrogate, 77, 26.0, 0.016666666666666666
surrogate, 77, 26.0, 0.016666666666666666
surrogate, 77, 26.0, 0.016666666666666666
surrogate, 77, 26.0, 0.016666666666666666
surrogate, 77, 26.0, 0.016666666666666666
surrogate, 77, 26.0, 0.016666666666666666
surrogate, 77, 26.0, 0.016666666666666666
surrogate, 77, 26.0, 0.016666666666666666
surrogate, 77, 26.0, 0.016666666666666666
surrogate, 77, 26.0, 0.016666666666666666
surrogate, 77, 26.0, 0.016666666666666666
surrogate, 77, 26.0, 0.016666666666666666
surrogate, 77, 26.0, 0.016666666666666666
surrogate, 77, 26.0, 0.016666666666666666
surrogate, 77, 26.0, 0.016666666666666666
surrogate, 77, 26.0, 0.016666666666666666
surrogate, 77, 26.0, 0.016666666666666666
surrogate, 77, 26.0, 0.016666666666666666
surrogate, 77, 26.0, 0.016666666666666666
surrogate, 77, 26.0, 0.016666666666666666
surrogate, 77, 26.0, 0.016666666666666666
surrogate, 77, 26.0, 0.016666666666666666
surrogate, 77, 26.0, 0.016666666666666666
surrogate, 77, 26.0, 0.016666666666666666
surrogate, 77, 26.0, 0.016666666666666666
surrogate, 77, 26.0, 0.016666666666666666
surrogate, 77, 26.0, 0.016666666666666666
surrogate, 77, 26.0, 0.016666666666666666
surrogate, 77, 26.0, 0.016666666666666666
surrogate, 77, 26.0, 0.016666666666666666
surrogate, 77, 26.0, 0.016666666666666666
surrogate, 77, 26.0, 0.016666666666666666
surrogate, 77, 26.0, 0.016666666666666666
surrogate, 77, 26.0, 0.016666666666666666
surrogate, 77, 26.0, 0.016666666666666666
surrogate, 77, 26.0, 0.016666666666666666
surrogate, 77, 26.0, 0.016666666666666666
surrogate, 77, 26.0, 0.016666666666666666
surrogate, 77, 26.0, 0.016666666666666666
surrogate, 77, 26.0, 0.016666666666666666
surrogate, 77, 26.0, 0.016666666666666666
surrogate, 77, 26.0, 0.016666666666666666
surrogate, 77, 26.0, 0.016666666666666666
surrogate, 77, 26.0, 0.016666666666666666
surrogate, 77, 26.0, 0.016666666666666666
surrogate, 77, 26.0, 0.016666666666666666
surrogate, 77, 26.0, 0.016666666666666666
surrogate, 77, 26.0, 0.016666666666666666
surrogate, 77, 26.0, 0.016666666666666666
surrogate, 78, 247.0, 0.9
surrogate, 78, 91.0, 0.8333333333333334
surrogate, 78, 91.0, 0.8333333333333334
surrogate, 78, 66.0, 0.8
surrogate, 78, 66.0, 0.8
surrogate, 78, 66.0, 0.8
surrogate, 78, 57.0, 0.7666666666666667
surrogate, 78, 57.0, 0.7666666666666667
surrogate, 78, 53.0, 0.75
surrogate, 78, 46.0, 0.7166666666666667
surrogate, 78, 43.0, 0.6833333333333333
surrogate, 78, 43.0, 0.6833333333333333
surrogate, 78, 43.0, 0.6833333333333333
surrogate, 78, 43.0, 0.6833333333333333
surrogate, 78, 43.0, 0.6833333333333333
surrogate, 78, 43.0, 0.6833333333333333
surrogate, 78, 43.0, 0.6833333333333333
surrogate, 78, 43.0, 0.6833333333333333
surrogate, 78, 43.0, 0.6833333333333333
surrogate, 78, 43.0, 0.6833333333333333
surrogate, 78, 43.0, 0.6833333333333333
surrogate, 78, 39.0, 0.65
surrogate, 78, 34.0, 0.55
surrogate, 78, 34.0, 0.55
surrogate, 78, 34.0, 0.55
surrogate, 78, 34.0, 0.55
surrogate, 78, 33.0, 0.5
surrogate, 78, 33.0, 0.5
surrogate, 78, 33.0, 0.5
surrogate, 78, 33.0, 0.5
surrogate, 78, 33.0, 0.5
surrogate, 78, 33.0, 0.5
surrogate, 78, 33.0, 0.5
surrogate, 78, 33.0, 0.5
surrogate, 78, 33.0, 0.5
surrogate, 78, 33.0, 0.5
surrogate, 78, 33.0, 0.5
surrogate, 78, 33.0, 0.5
surrogate, 78, 33.0, 0.5
surrogate, 78, 33.0, 0.5
surrogate, 78, 33.0, 0.5
surrogate, 78, 33.0, 0.5
surrogate, 78, 33.0, 0.5
surrogate, 78, 33.0, 0.5
surrogate, 78, 33.0, 0.5
surrogate, 78, 33.0, 0.5
surrogate, 78, 33.0, 0.5
surrogate, 78, 33.0, 0.5
surrogate, 78, 33.0, 0.5
surrogate, 78, 33.0, 0.5
surrogate, 78, 33.0, 0.5
surrogate, 78, 32.0, 0.36666666666666664
surrogate, 78, 32.0, 0.36666666666666664
surrogate, 78, 32.0, 0.36666666666666664
surrogate, 78, 32.0, 0.36666666666666664
surrogate, 78, 32.0, 0.36666666666666664
surrogate, 78, 32.0, 0.36666666666666664
surrogate, 78, 32.0, 0.36666666666666664
surrogate, 78, 32.0, 0.36666666666666664
surrogate, 78, 32.0, 0.36666666666666664
surrogate, 78, 32.0, 0.36666666666666664
surrogate, 78, 32.0, 0.36666666666666664
surrogate, 78, 32.0, 0.36666666666666664
surrogate, 78, 32.0, 0.36666666666666664
surrogate, 78, 32.0, 0.36666666666666664
surrogate, 78, 32.0, 0.36666666666666664
surrogate, 78, 32.0, 0.36666666666666664
surrogate, 78, 32.0, 0.36666666666666664
surrogate, 78, 32.0, 0.36666666666666664
surrogate, 78, 32.0, 0.36666666666666664
surrogate, 78, 32.0, 0.36666666666666664
surrogate, 78, 32.0, 0.36666666666666664
surrogate, 78, 32.0, 0.36666666666666664
surrogate, 78, 32.0, 0.36666666666666664
surrogate, 78, 32.0, 0.36666666666666664
surrogate, 78, 32.0, 0.36666666666666664
surrogate, 78, 32.0, 0.36666666666666664
surrogate, 78, 32.0, 0.36666666666666664
surrogate, 78, 32.0, 0.36666666666666664
surrogate, 78, 32.0, 0.36666666666666664
surrogate, 78, 32.0, 0.36666666666666664
surrogate, 78, 32.0, 0.36666666666666664
surrogate, 78, 32.0, 0.36666666666666664
surrogate, 78, 32.0, 0.36666666666666664
surrogate, 78, 32.0, 0.36666666666666664
surrogate, 78, 32.0, 0.36666666666666664
surrogate, 78, 32.0, 0.36666666666666664
surrogate, 78, 32.0, 0.36666666666666664
surrogate, 78, 32.0, 0.36666666666666664
surrogate, 78, 32.0, 0.36666666666666664
surrogate, 78, 32.0, 0.36666666666666664
surrogate, 78, 32.0, 0.36666666666666664
surrogate, 78, 32.0, 0.36666666666666664
surrogate, 78, 32.0, 0.36666666666666664
surrogate, 78, 32.0, 0.36666666666666664
surrogate, 78, 32.0, 0.36666666666666664
surrogate, 78, 32.0, 0.36666666666666664
surrogate, 78, 32.0, 0.36666666666666664
surrogate, 78, 32.0, 0.36666666666666664
surrogate, 78, 32.0, 0.36666666666666664
surrogate, 78, 32.0, 0.36666666666666664
surrogate, 78, 32.0, 0.36666666666666664
surrogate, 78, 32.0, 0.36666666666666664
surrogate, 78, 32.0, 0.36666666666666664
surrogate, 78, 32.0, 0.36666666666666664
surrogate, 78, 32.0, 0.36666666666666664
surrogate, 78, 32.0, 0.36666666666666664
surrogate, 78, 32.0, 0.36666666666666664
surrogate, 78, 32.0, 0.36666666666666664
surrogate, 78, 32.0, 0.36666666666666664
surrogate, 78, 32.0, 0.36666666666666664
surrogate, 78, 32.0, 0.36666666666666664
surrogate, 78, 32.0, 0.36666666666666664
surrogate, 78, 30.0, 0.26666666666666666
surrogate, 78, 30.0, 0.26666666666666666
surrogate, 78, 30.0, 0.26666666666666666
surrogate, 78, 30.0, 0.26666666666666666
surrogate, 78, 30.0, 0.26666666666666666
surrogate, 78, 30.0, 0.26666666666666666
surrogate, 78, 30.0, 0.26666666666666666
surrogate, 78, 30.0, 0.26666666666666666
surrogate, 78, 30.0, 0.26666666666666666
surrogate, 78, 30.0, 0.26666666666666666
surrogate, 78, 30.0, 0.26666666666666666
surrogate, 78, 30.0, 0.26666666666666666
surrogate, 78, 30.0, 0.26666666666666666
surrogate, 78, 30.0, 0.26666666666666666
surrogate, 78, 30.0, 0.26666666666666666
surrogate, 78, 30.0, 0.26666666666666666
surrogate, 78, 30.0, 0.26666666666666666
surrogate, 78, 30.0, 0.26666666666666666
surrogate, 78, 30.0, 0.26666666666666666
surrogate, 78, 30.0, 0.26666666666666666
surrogate, 78, 30.0, 0.26666666666666666
surrogate, 78, 30.0, 0.26666666666666666
surrogate, 78, 30.0, 0.26666666666666666
surrogate, 78, 30.0, 0.26666666666666666
surrogate, 78, 30.0, 0.26666666666666666
surrogate, 78, 30.0, 0.26666666666666666
surrogate, 78, 30.0, 0.26666666666666666
surrogate, 78, 30.0, 0.26666666666666666
surrogate, 78, 30.0, 0.26666666666666666
surrogate, 78, 30.0, 0.26666666666666666
surrogate, 78, 30.0, 0.26666666666666666
surrogate, 78, 30.0, 0.26666666666666666
surrogate, 78, 30.0, 0.26666666666666666
surrogate, 78, 30.0, 0.26666666666666666
surrogate, 78, 30.0, 0.26666666666666666
surrogate, 78, 30.0, 0.26666666666666666
surrogate, 78, 30.0, 0.26666666666666666
surrogate, 78, 30.0, 0.26666666666666666
surrogate, 78, 30.0, 0.26666666666666666
surrogate, 78, 30.0, 0.26666666666666666
surrogate, 78, 30.0, 0.26666666666666666
surrogate, 78, 30.0, 0.26666666666666666
surrogate, 78, 29.0, 0.06666666666666667
surrogate, 78, 29.0, 0.06666666666666667
surrogate, 78, 29.0, 0.06666666666666667
surrogate, 78, 29.0, 0.06666666666666667
surrogate, 78, 29.0, 0.06666666666666667
surrogate, 78, 29.0, 0.06666666666666667
surrogate, 78, 29.0, 0.06666666666666667
surrogate, 78, 29.0, 0.06666666666666667
surrogate, 78, 29.0, 0.06666666666666667
surrogate, 78, 29.0, 0.06666666666666667
surrogate, 78, 29.0, 0.06666666666666667
surrogate, 78, 29.0, 0.06666666666666667
surrogate, 78, 29.0, 0.06666666666666667
surrogate, 78, 29.0, 0.06666666666666667
surrogate, 78, 29.0, 0.06666666666666667
surrogate, 78, 29.0, 0.06666666666666667
surrogate, 78, 29.0, 0.06666666666666667
surrogate, 78, 29.0, 0.06666666666666667
surrogate, 78, 29.0, 0.06666666666666667
surrogate, 78, 29.0, 0.06666666666666667
surrogate, 78, 29.0, 0.06666666666666667
surrogate, 78, 29.0, 0.06666666666666667
surrogate, 78, 29.0, 0.06666666666666667
surrogate, 78, 29.0, 0.06666666666666667
surrogate, 78, 29.0, 0.06666666666666667
surrogate, 78, 29.0, 0.06666666666666667
surrogate, 78, 29.0, 0.06666666666666667
surrogate, 78, 29.0, 0.06666666666666667
surrogate, 78, 29.0, 0.06666666666666667
surrogate, 78, 29.0, 0.06666666666666667
surrogate, 78, 29.0, 0.06666666666666667
surrogate, 78, 29.0, 0.06666666666666667
surrogate, 78, 29.0, 0.06666666666666667
surrogate, 78, 29.0, 0.06666666666666667
surrogate, 78, 29.0, 0.06666666666666667
surrogate, 78, 29.0, 0.06666666666666667
surrogate, 78, 29.0, 0.06666666666666667
surrogate, 78, 29.0, 0.06666666666666667
surrogate, 78, 29.0, 0.06666666666666667
surrogate, 78, 29.0, 0.06666666666666667
surrogate, 78, 29.0, 0.06666666666666667
surrogate, 78, 29.0, 0.06666666666666667
surrogate, 78, 29.0, 0.06666666666666667
surrogate, 78, 29.0, 0.06666666666666667
surrogate, 78, 29.0, 0.06666666666666667
surrogate, 78, 29.0, 0.06666666666666667
surrogate, 78, 29.0, 0.06666666666666667
surrogate, 78, 29.0, 0.06666666666666667
surrogate, 78, 29.0, 0.06666666666666667
surrogate, 78, 29.0, 0.06666666666666667
surrogate, 78, 29.0, 0.06666666666666667
surrogate, 78, 29.0, 0.06666666666666667
surrogate, 78, 29.0, 0.06666666666666667
surrogate, 78, 29.0, 0.06666666666666667
surrogate, 78, 29.0, 0.06666666666666667
surrogate, 78, 29.0, 0.06666666666666667
surrogate, 78, 29.0, 0.06666666666666667
surrogate, 78, 29.0, 0.06666666666666667
surrogate, 78, 29.0, 0.06666666666666667
surrogate, 78, 29.0, 0.06666666666666667
surrogate, 78, 29.0, 0.06666666666666667
surrogate, 78, 29.0, 0.06666666666666667
surrogate, 78, 28.0, 0.05
surrogate, 78, 28.0, 0.05
surrogate, 78, 28.0, 0.05
surrogate, 78, 28.0, 0.05
surrogate, 78, 28.0, 0.05
surrogate, 78, 28.0, 0.05
surrogate, 78, 28.0, 0.05
surrogate, 78, 28.0, 0.05
surrogate, 78, 28.0, 0.05
surrogate, 78, 28.0, 0.05
surrogate, 78, 28.0, 0.05
surrogate, 78, 28.0, 0.05
surrogate, 78, 28.0, 0.05
surrogate, 78, 28.0, 0.05
surrogate, 78, 28.0, 0.05
surrogate, 78, 28.0, 0.05
surrogate, 78, 28.0, 0.05
surrogate, 78, 28.0, 0.05
surrogate, 78, 27.0, 0.03333333333333333
surrogate, 78, 27.0, 0.03333333333333333
surrogate, 78, 27.0, 0.03333333333333333
surrogate, 78, 27.0, 0.03333333333333333
surrogate, 78, 27.0, 0.03333333333333333
surrogate, 78, 27.0, 0.03333333333333333
surrogate, 78, 27.0, 0.03333333333333333
surrogate, 78, 27.0, 0.03333333333333333
surrogate, 78, 27.0, 0.03333333333333333
surrogate, 78, 27.0, 0.03333333333333333
surrogate, 78, 27.0, 0.03333333333333333
surrogate, 78, 27.0, 0.03333333333333333
surrogate, 78, 27.0, 0.03333333333333333
surrogate, 78, 27.0, 0.03333333333333333
surrogate, 78, 26.0, 0.016666666666666666
surrogate, 78, 26.0, 0.016666666666666666
surrogate, 78, 26.0, 0.016666666666666666
surrogate, 78, 26.0, 0.016666666666666666
surrogate, 78, 26.0, 0.016666666666666666
surrogate, 78, 26.0, 0.016666666666666666
surrogate, 78, 26.0, 0.016666666666666666
surrogate, 78, 26.0, 0.016666666666666666
surrogate, 78, 26.0, 0.016666666666666666
surrogate, 78, 26.0, 0.016666666666666666
surrogate, 78, 26.0, 0.016666666666666666
surrogate, 78, 26.0, 0.016666666666666666
surrogate, 78, 26.0, 0.016666666666666666
surrogate, 78, 26.0, 0.016666666666666666
surrogate, 78, 26.0, 0.016666666666666666
surrogate, 78, 26.0, 0.016666666666666666
surrogate, 78, 26.0, 0.016666666666666666
surrogate, 78, 26.0, 0.016666666666666666
surrogate, 78, 26.0, 0.016666666666666666
surrogate, 78, 26.0, 0.016666666666666666
surrogate, 78, 26.0, 0.016666666666666666
surrogate, 78, 26.0, 0.016666666666666666
surrogate, 78, 26.0, 0.016666666666666666
surrogate, 78, 26.0, 0.016666666666666666
surrogate, 78, 26.0, 0.016666666666666666
surrogate, 78, 26.0, 0.016666666666666666
surrogate, 78, 26.0, 0.016666666666666666
surrogate, 78, 26.0, 0.016666666666666666
surrogate, 78, 26.0, 0.016666666666666666
surrogate, 78, 26.0, 0.016666666666666666
surrogate, 78, 26.0, 0.016666666666666666
surrogate, 78, 26.0, 0.016666666666666666
surrogate, 78, 26.0, 0.016666666666666666
surrogate, 78, 26.0, 0.016666666666666666
surrogate, 78, 26.0, 0.016666666666666666
surrogate, 78, 26.0, 0.016666666666666666
surrogate, 78, 26.0, 0.016666666666666666
surrogate, 78, 26.0, 0.016666666666666666
surrogate, 78, 26.0, 0.016666666666666666
surrogate, 78, 26.0, 0.016666666666666666
surrogate, 78, 26.0, 0.016666666666666666
surrogate, 78, 26.0, 0.016666666666666666
surrogate, 78, 26.0, 0.016666666666666666
surrogate, 78, 26.0, 0.016666666666666666
surrogate, 78, 26.0, 0.016666666666666666
surrogate, 78, 26.0, 0.016666666666666666
surrogate, 78, 26.0, 0.016666666666666666
surrogate, 78, 26.0, 0.016666666666666666
surrogate, 78, 26.0, 0.016666666666666666
surrogate, 78, 26.0, 0.016666666666666666
surrogate, 78, 26.0, 0.016666666666666666
surrogate, 78, 26.0, 0.016666666666666666
surrogate, 78, 26.0, 0.016666666666666666
surrogate, 78, 26.0, 0.016666666666666666
surrogate, 78, 26.0, 0.016666666666666666
surrogate, 78, 26.0, 0.016666666666666666
surrogate, 78, 26.0, 0.016666666666666666
surrogate, 78, 26.0, 0.016666666666666666
surrogate, 78, 26.0, 0.016666666666666666
surrogate, 78, 26.0, 0.016666666666666666
surrogate, 78, 26.0, 0.016666666666666666
surrogate, 78, 26.0, 0.016666666666666666
surrogate, 78, 26.0, 0.016666666666666666
surrogate, 78, 26.0, 0.016666666666666666
surrogate, 78, 26.0, 0.016666666666666666
surrogate, 78, 26.0, 0.016666666666666666
surrogate, 78, 26.0, 0.016666666666666666
surrogate, 78, 26.0, 0.016666666666666666
surrogate, 78, 26.0, 0.016666666666666666
surrogate, 78, 26.0, 0.016666666666666666
surrogate, 78, 26.0, 0.016666666666666666
surrogate, 78, 26.0, 0.016666666666666666
surrogate, 78, 26.0, 0.016666666666666666
surrogate, 79, 247.0, 0.9
surrogate, 79, 227.0, 0.8833333333333333
surrogate, 79, 90.0, 0.8333333333333334
surrogate, 79, 66.0, 0.8
surrogate, 79, 66.0, 0.8
surrogate, 79, 66.0, 0.8
surrogate, 79, 57.0, 0.7666666666666667
surrogate, 79, 57.0, 0.7666666666666667
surrogate, 79, 53.0, 0.75
surrogate, 79, 46.0, 0.7166666666666667
surrogate, 79, 43.0, 0.6833333333333333
surrogate, 79, 43.0, 0.6833333333333333
surrogate, 79, 43.0, 0.6833333333333333
surrogate, 79, 43.0, 0.6833333333333333
surrogate, 79, 43.0, 0.6833333333333333
surrogate, 79, 43.0, 0.6833333333333333
surrogate, 79, 43.0, 0.6833333333333333
surrogate, 79, 43.0, 0.6833333333333333
surrogate, 79, 43.0, 0.6833333333333333
surrogate, 79, 43.0, 0.6833333333333333
surrogate, 79, 43.0, 0.6833333333333333
surrogate, 79, 39.0, 0.65
surrogate, 79, 34.0, 0.55
surrogate, 79, 34.0, 0.55
surrogate, 79, 34.0, 0.55
surrogate, 79, 34.0, 0.55
surrogate, 79, 33.0, 0.5
surrogate, 79, 33.0, 0.5
surrogate, 79, 33.0, 0.5
surrogate, 79, 33.0, 0.5
surrogate, 79, 33.0, 0.5
surrogate, 79, 33.0, 0.5
surrogate, 79, 33.0, 0.5
surrogate, 79, 33.0, 0.5
surrogate, 79, 33.0, 0.5
surrogate, 79, 33.0, 0.5
surrogate, 79, 33.0, 0.5
surrogate, 79, 33.0, 0.5
surrogate, 79, 33.0, 0.5
surrogate, 79, 33.0, 0.5
surrogate, 79, 33.0, 0.5
surrogate, 79, 33.0, 0.5
surrogate, 79, 33.0, 0.5
surrogate, 79, 33.0, 0.5
surrogate, 79, 33.0, 0.5
surrogate, 79, 33.0, 0.5
surrogate, 79, 33.0, 0.5
surrogate, 79, 33.0, 0.5
surrogate, 79, 33.0, 0.5
surrogate, 79, 33.0, 0.5
surrogate, 79, 33.0, 0.5
surrogate, 79, 32.0, 0.36666666666666664
surrogate, 79, 32.0, 0.36666666666666664
surrogate, 79, 32.0, 0.36666666666666664
surrogate, 79, 32.0, 0.36666666666666664
surrogate, 79, 32.0, 0.36666666666666664
surrogate, 79, 32.0, 0.36666666666666664
surrogate, 79, 32.0, 0.36666666666666664
surrogate, 79, 32.0, 0.36666666666666664
surrogate, 79, 32.0, 0.36666666666666664
surrogate, 79, 32.0, 0.36666666666666664
surrogate, 79, 32.0, 0.36666666666666664
surrogate, 79, 32.0, 0.36666666666666664
surrogate, 79, 32.0, 0.36666666666666664
surrogate, 79, 32.0, 0.36666666666666664
surrogate, 79, 32.0, 0.36666666666666664
surrogate, 79, 32.0, 0.36666666666666664
surrogate, 79, 32.0, 0.36666666666666664
surrogate, 79, 32.0, 0.36666666666666664
surrogate, 79, 32.0, 0.36666666666666664
surrogate, 79, 32.0, 0.36666666666666664
surrogate, 79, 32.0, 0.36666666666666664
surrogate, 79, 32.0, 0.36666666666666664
surrogate, 79, 32.0, 0.36666666666666664
surrogate, 79, 32.0, 0.36666666666666664
surrogate, 79, 32.0, 0.36666666666666664
surrogate, 79, 32.0, 0.36666666666666664
surrogate, 79, 32.0, 0.36666666666666664
surrogate, 79, 32.0, 0.36666666666666664
surrogate, 79, 32.0, 0.36666666666666664
surrogate, 79, 32.0, 0.36666666666666664
surrogate, 79, 32.0, 0.36666666666666664
surrogate, 79, 32.0, 0.36666666666666664
surrogate, 79, 32.0, 0.36666666666666664
surrogate, 79, 32.0, 0.36666666666666664
surrogate, 79, 32.0, 0.36666666666666664
surrogate, 79, 32.0, 0.36666666666666664
surrogate, 79, 32.0, 0.36666666666666664
surrogate, 79, 32.0, 0.36666666666666664
surrogate, 79, 32.0, 0.36666666666666664
surrogate, 79, 32.0, 0.36666666666666664
surrogate, 79, 32.0, 0.36666666666666664
surrogate, 79, 32.0, 0.36666666666666664
surrogate, 79, 32.0, 0.36666666666666664
surrogate, 79, 32.0, 0.36666666666666664
surrogate, 79, 32.0, 0.36666666666666664
surrogate, 79, 32.0, 0.36666666666666664
surrogate, 79, 32.0, 0.36666666666666664
surrogate, 79, 32.0, 0.36666666666666664
surrogate, 79, 32.0, 0.36666666666666664
surrogate, 79, 32.0, 0.36666666666666664
surrogate, 79, 32.0, 0.36666666666666664
surrogate, 79, 32.0, 0.36666666666666664
surrogate, 79, 32.0, 0.36666666666666664
surrogate, 79, 32.0, 0.36666666666666664
surrogate, 79, 32.0, 0.36666666666666664
surrogate, 79, 32.0, 0.36666666666666664
surrogate, 79, 32.0, 0.36666666666666664
surrogate, 79, 32.0, 0.36666666666666664
surrogate, 79, 32.0, 0.36666666666666664
surrogate, 79, 32.0, 0.36666666666666664
surrogate, 79, 32.0, 0.36666666666666664
surrogate, 79, 32.0, 0.36666666666666664
surrogate, 79, 30.0, 0.26666666666666666
surrogate, 79, 30.0, 0.26666666666666666
surrogate, 79, 30.0, 0.26666666666666666
surrogate, 79, 30.0, 0.26666666666666666
surrogate, 79, 30.0, 0.26666666666666666
surrogate, 79, 30.0, 0.26666666666666666
surrogate, 79, 30.0, 0.26666666666666666
surrogate, 79, 30.0, 0.26666666666666666
surrogate, 79, 30.0, 0.26666666666666666
surrogate, 79, 30.0, 0.26666666666666666
surrogate, 79, 30.0, 0.26666666666666666
surrogate, 79, 30.0, 0.26666666666666666
surrogate, 79, 30.0, 0.26666666666666666
surrogate, 79, 30.0, 0.26666666666666666
surrogate, 79, 30.0, 0.26666666666666666
surrogate, 79, 30.0, 0.26666666666666666
surrogate, 79, 30.0, 0.26666666666666666
surrogate, 79, 30.0, 0.26666666666666666
surrogate, 79, 30.0, 0.26666666666666666
surrogate, 79, 30.0, 0.26666666666666666
surrogate, 79, 30.0, 0.26666666666666666
surrogate, 79, 30.0, 0.26666666666666666
surrogate, 79, 30.0, 0.26666666666666666
surrogate, 79, 30.0, 0.26666666666666666
surrogate, 79, 30.0, 0.26666666666666666
surrogate, 79, 30.0, 0.26666666666666666
surrogate, 79, 30.0, 0.26666666666666666
surrogate, 79, 30.0, 0.26666666666666666
surrogate, 79, 30.0, 0.26666666666666666
surrogate, 79, 30.0, 0.26666666666666666
surrogate, 79, 30.0, 0.26666666666666666
surrogate, 79, 30.0, 0.26666666666666666
surrogate, 79, 30.0, 0.26666666666666666
surrogate, 79, 30.0, 0.26666666666666666
surrogate, 79, 30.0, 0.26666666666666666
surrogate, 79, 30.0, 0.26666666666666666
surrogate, 79, 30.0, 0.26666666666666666
surrogate, 79, 30.0, 0.26666666666666666
surrogate, 79, 30.0, 0.26666666666666666
surrogate, 79, 30.0, 0.26666666666666666
surrogate, 79, 30.0, 0.26666666666666666
surrogate, 79, 30.0, 0.26666666666666666
surrogate, 79, 30.0, 0.26666666666666666
surrogate, 79, 29.0, 0.06666666666666667
surrogate, 79, 29.0, 0.06666666666666667
surrogate, 79, 29.0, 0.06666666666666667
surrogate, 79, 29.0, 0.06666666666666667
surrogate, 79, 29.0, 0.06666666666666667
surrogate, 79, 29.0, 0.06666666666666667
surrogate, 79, 29.0, 0.06666666666666667
surrogate, 79, 29.0, 0.06666666666666667
surrogate, 79, 29.0, 0.06666666666666667
surrogate, 79, 29.0, 0.06666666666666667
surrogate, 79, 29.0, 0.06666666666666667
surrogate, 79, 29.0, 0.06666666666666667
surrogate, 79, 29.0, 0.06666666666666667
surrogate, 79, 29.0, 0.06666666666666667
surrogate, 79, 29.0, 0.06666666666666667
surrogate, 79, 29.0, 0.06666666666666667
surrogate, 79, 29.0, 0.06666666666666667
surrogate, 79, 29.0, 0.06666666666666667
surrogate, 79, 29.0, 0.06666666666666667
surrogate, 79, 29.0, 0.06666666666666667
surrogate, 79, 29.0, 0.06666666666666667
surrogate, 79, 29.0, 0.06666666666666667
surrogate, 79, 29.0, 0.06666666666666667
surrogate, 79, 29.0, 0.06666666666666667
surrogate, 79, 29.0, 0.06666666666666667
surrogate, 79, 29.0, 0.06666666666666667
surrogate, 79, 29.0, 0.06666666666666667
surrogate, 79, 29.0, 0.06666666666666667
surrogate, 79, 29.0, 0.06666666666666667
surrogate, 79, 29.0, 0.06666666666666667
surrogate, 79, 29.0, 0.06666666666666667
surrogate, 79, 29.0, 0.06666666666666667
surrogate, 79, 29.0, 0.06666666666666667
surrogate, 79, 29.0, 0.06666666666666667
surrogate, 79, 29.0, 0.06666666666666667
surrogate, 79, 29.0, 0.06666666666666667
surrogate, 79, 29.0, 0.06666666666666667
surrogate, 79, 29.0, 0.06666666666666667
surrogate, 79, 29.0, 0.06666666666666667
surrogate, 79, 29.0, 0.06666666666666667
surrogate, 79, 29.0, 0.06666666666666667
surrogate, 79, 29.0, 0.06666666666666667
surrogate, 79, 29.0, 0.06666666666666667
surrogate, 79, 29.0, 0.06666666666666667
surrogate, 79, 29.0, 0.06666666666666667
surrogate, 79, 29.0, 0.06666666666666667
surrogate, 79, 29.0, 0.06666666666666667
surrogate, 79, 29.0, 0.06666666666666667
surrogate, 79, 29.0, 0.06666666666666667
surrogate, 79, 29.0, 0.06666666666666667
surrogate, 79, 29.0, 0.06666666666666667
surrogate, 79, 29.0, 0.06666666666666667
surrogate, 79, 29.0, 0.06666666666666667
surrogate, 79, 29.0, 0.06666666666666667
surrogate, 79, 29.0, 0.06666666666666667
surrogate, 79, 29.0, 0.06666666666666667
surrogate, 79, 29.0, 0.06666666666666667
surrogate, 79, 29.0, 0.06666666666666667
surrogate, 79, 29.0, 0.06666666666666667
surrogate, 79, 29.0, 0.06666666666666667
surrogate, 79, 29.0, 0.06666666666666667
surrogate, 79, 29.0, 0.06666666666666667
surrogate, 79, 29.0, 0.06666666666666667
surrogate, 79, 28.0, 0.05
surrogate, 79, 28.0, 0.05
surrogate, 79, 28.0, 0.05
surrogate, 79, 28.0, 0.05
surrogate, 79, 28.0, 0.05
surrogate, 79, 28.0, 0.05
surrogate, 79, 28.0, 0.05
surrogate, 79, 28.0, 0.05
surrogate, 79, 28.0, 0.05
surrogate, 79, 28.0, 0.05
surrogate, 79, 28.0, 0.05
surrogate, 79, 28.0, 0.05
surrogate, 79, 28.0, 0.05
surrogate, 79, 28.0, 0.05
surrogate, 79, 28.0, 0.05
surrogate, 79, 28.0, 0.05
surrogate, 79, 28.0, 0.05
surrogate, 79, 28.0, 0.05
surrogate, 79, 27.0, 0.03333333333333333
surrogate, 79, 27.0, 0.03333333333333333
surrogate, 79, 27.0, 0.03333333333333333
surrogate, 79, 27.0, 0.03333333333333333
surrogate, 79, 27.0, 0.03333333333333333
surrogate, 79, 27.0, 0.03333333333333333
surrogate, 79, 27.0, 0.03333333333333333
surrogate, 79, 27.0, 0.03333333333333333
surrogate, 79, 27.0, 0.03333333333333333
surrogate, 79, 27.0, 0.03333333333333333
surrogate, 79, 27.0, 0.03333333333333333
surrogate, 79, 27.0, 0.03333333333333333
surrogate, 79, 27.0, 0.03333333333333333
surrogate, 79, 27.0, 0.03333333333333333
surrogate, 79, 26.0, 0.016666666666666666
surrogate, 79, 26.0, 0.016666666666666666
surrogate, 79, 26.0, 0.016666666666666666
surrogate, 79, 26.0, 0.016666666666666666
surrogate, 79, 26.0, 0.016666666666666666
surrogate, 79, 26.0, 0.016666666666666666
surrogate, 79, 26.0, 0.016666666666666666
surrogate, 79, 26.0, 0.016666666666666666
surrogate, 79, 26.0, 0.016666666666666666
surrogate, 79, 26.0, 0.016666666666666666
surrogate, 79, 26.0, 0.016666666666666666
surrogate, 79, 26.0, 0.016666666666666666
surrogate, 79, 26.0, 0.016666666666666666
surrogate, 79, 26.0, 0.016666666666666666
surrogate, 79, 26.0, 0.016666666666666666
surrogate, 79, 26.0, 0.016666666666666666
surrogate, 79, 26.0, 0.016666666666666666
surrogate, 79, 26.0, 0.016666666666666666
surrogate, 79, 26.0, 0.016666666666666666
surrogate, 79, 26.0, 0.016666666666666666
surrogate, 79, 26.0, 0.016666666666666666
surrogate, 79, 26.0, 0.016666666666666666
surrogate, 79, 26.0, 0.016666666666666666
surrogate, 79, 26.0, 0.016666666666666666
surrogate, 79, 26.0, 0.016666666666666666
surrogate, 79, 26.0, 0.016666666666666666
surrogate, 79, 26.0, 0.016666666666666666
surrogate, 79, 26.0, 0.016666666666666666
surrogate, 79, 26.0, 0.016666666666666666
surrogate, 79, 26.0, 0.016666666666666666
surrogate, 79, 26.0, 0.016666666666666666
surrogate, 79, 26.0, 0.016666666666666666
surrogate, 79, 26.0, 0.016666666666666666
surrogate, 79, 26.0, 0.016666666666666666
surrogate, 79, 26.0, 0.016666666666666666
surrogate, 79, 26.0, 0.016666666666666666
surrogate, 79, 26.0, 0.016666666666666666
surrogate, 79, 26.0, 0.016666666666666666
surrogate, 79, 26.0, 0.016666666666666666
surrogate, 79, 26.0, 0.016666666666666666
surrogate, 79, 26.0, 0.016666666666666666
surrogate, 79, 26.0, 0.016666666666666666
surrogate, 79, 26.0, 0.016666666666666666
surrogate, 79, 26.0, 0.016666666666666666
surrogate, 79, 26.0, 0.016666666666666666
surrogate, 79, 26.0, 0.016666666666666666
surrogate, 79, 26.0, 0.016666666666666666
surrogate, 79, 26.0, 0.016666666666666666
surrogate, 79, 26.0, 0.016666666666666666
surrogate, 79, 26.0, 0.016666666666666666
surrogate, 79, 26.0, 0.016666666666666666
surrogate, 79, 26.0, 0.016666666666666666
surrogate, 79, 26.0, 0.016666666666666666
surrogate, 79, 26.0, 0.016666666666666666
surrogate, 79, 26.0, 0.016666666666666666
surrogate, 79, 26.0, 0.016666666666666666
surrogate, 79, 26.0, 0.016666666666666666
surrogate, 79, 26.0, 0.016666666666666666
surrogate, 79, 26.0, 0.016666666666666666
surrogate, 79, 26.0, 0.016666666666666666
surrogate, 79, 26.0, 0.016666666666666666
surrogate, 79, 26.0, 0.016666666666666666
surrogate, 79, 26.0, 0.016666666666666666
surrogate, 79, 26.0, 0.016666666666666666
surrogate, 79, 26.0, 0.016666666666666666
surrogate, 79, 26.0, 0.016666666666666666
surrogate, 79, 26.0, 0.016666666666666666
surrogate, 79, 26.0, 0.016666666666666666
surrogate, 79, 26.0, 0.016666666666666666
surrogate, 79, 26.0, 0.016666666666666666
surrogate, 79, 26.0, 0.016666666666666666
surrogate, 79, 26.0, 0.016666666666666666
surrogate, 79, 26.0, 0.016666666666666666
surrogate, 79, 26.0, 0.016666666666666666
surrogate, 80, 247.0, 0.9
surrogate, 80, 227.0, 0.8833333333333333
surrogate, 80, 90.0, 0.8333333333333334
surrogate, 80, 66.0, 0.8
surrogate, 80, 66.0, 0.8
surrogate, 80, 66.0, 0.8
surrogate, 80, 57.0, 0.7666666666666667
surrogate, 80, 57.0, 0.7666666666666667
surrogate, 80, 53.0, 0.75
surrogate, 80, 46.0, 0.7166666666666667
surrogate, 80, 43.0, 0.6833333333333333
surrogate, 80, 43.0, 0.6833333333333333
surrogate, 80, 43.0, 0.6833333333333333
surrogate, 80, 43.0, 0.6833333333333333
surrogate, 80, 43.0, 0.6833333333333333
surrogate, 80, 43.0, 0.6833333333333333
surrogate, 80, 43.0, 0.6833333333333333
surrogate, 80, 43.0, 0.6833333333333333
surrogate, 80, 43.0, 0.6833333333333333
surrogate, 80, 43.0, 0.6833333333333333
surrogate, 80, 43.0, 0.6833333333333333
surrogate, 80, 39.0, 0.65
surrogate, 80, 34.0, 0.55
surrogate, 80, 34.0, 0.55
surrogate, 80, 34.0, 0.55
surrogate, 80, 34.0, 0.55
surrogate, 80, 34.0, 0.55
surrogate, 80, 33.0, 0.5
surrogate, 80, 33.0, 0.5
surrogate, 80, 33.0, 0.5
surrogate, 80, 33.0, 0.5
surrogate, 80, 33.0, 0.5
surrogate, 80, 33.0, 0.5
surrogate, 80, 33.0, 0.5
surrogate, 80, 33.0, 0.5
surrogate, 80, 33.0, 0.5
surrogate, 80, 33.0, 0.5
surrogate, 80, 33.0, 0.5
surrogate, 80, 33.0, 0.5
surrogate, 80, 33.0, 0.5
surrogate, 80, 33.0, 0.5
surrogate, 80, 33.0, 0.5
surrogate, 80, 33.0, 0.5
surrogate, 80, 33.0, 0.5
surrogate, 80, 33.0, 0.5
surrogate, 80, 33.0, 0.5
surrogate, 80, 33.0, 0.5
surrogate, 80, 33.0, 0.5
surrogate, 80, 33.0, 0.5
surrogate, 80, 33.0, 0.5
surrogate, 80, 33.0, 0.5
surrogate, 80, 33.0, 0.5
surrogate, 80, 32.0, 0.36666666666666664
surrogate, 80, 32.0, 0.36666666666666664
surrogate, 80, 32.0, 0.36666666666666664
surrogate, 80, 32.0, 0.36666666666666664
surrogate, 80, 32.0, 0.36666666666666664
surrogate, 80, 32.0, 0.36666666666666664
surrogate, 80, 32.0, 0.36666666666666664
surrogate, 80, 32.0, 0.36666666666666664
surrogate, 80, 32.0, 0.36666666666666664
surrogate, 80, 32.0, 0.36666666666666664
surrogate, 80, 32.0, 0.36666666666666664
surrogate, 80, 32.0, 0.36666666666666664
surrogate, 80, 32.0, 0.36666666666666664
surrogate, 80, 32.0, 0.36666666666666664
surrogate, 80, 32.0, 0.36666666666666664
surrogate, 80, 32.0, 0.36666666666666664
surrogate, 80, 32.0, 0.36666666666666664
surrogate, 80, 32.0, 0.36666666666666664
surrogate, 80, 32.0, 0.36666666666666664
surrogate, 80, 32.0, 0.36666666666666664
surrogate, 80, 32.0, 0.36666666666666664
surrogate, 80, 32.0, 0.36666666666666664
surrogate, 80, 32.0, 0.36666666666666664
surrogate, 80, 32.0, 0.36666666666666664
surrogate, 80, 32.0, 0.36666666666666664
surrogate, 80, 32.0, 0.36666666666666664
surrogate, 80, 32.0, 0.36666666666666664
surrogate, 80, 32.0, 0.36666666666666664
surrogate, 80, 32.0, 0.36666666666666664
surrogate, 80, 32.0, 0.36666666666666664
surrogate, 80, 32.0, 0.36666666666666664
surrogate, 80, 32.0, 0.36666666666666664
surrogate, 80, 32.0, 0.36666666666666664
surrogate, 80, 32.0, 0.36666666666666664
surrogate, 80, 32.0, 0.36666666666666664
surrogate, 80, 32.0, 0.36666666666666664
surrogate, 80, 32.0, 0.36666666666666664
surrogate, 80, 32.0, 0.36666666666666664
surrogate, 80, 32.0, 0.36666666666666664
surrogate, 80, 32.0, 0.36666666666666664
surrogate, 80, 32.0, 0.36666666666666664
surrogate, 80, 32.0, 0.36666666666666664
surrogate, 80, 32.0, 0.36666666666666664
surrogate, 80, 32.0, 0.36666666666666664
surrogate, 80, 32.0, 0.36666666666666664
surrogate, 80, 32.0, 0.36666666666666664
surrogate, 80, 32.0, 0.36666666666666664
surrogate, 80, 32.0, 0.36666666666666664
surrogate, 80, 32.0, 0.36666666666666664
surrogate, 80, 32.0, 0.36666666666666664
surrogate, 80, 32.0, 0.36666666666666664
surrogate, 80, 32.0, 0.36666666666666664
surrogate, 80, 32.0, 0.36666666666666664
surrogate, 80, 32.0, 0.36666666666666664
surrogate, 80, 32.0, 0.36666666666666664
surrogate, 80, 32.0, 0.36666666666666664
surrogate, 80, 32.0, 0.36666666666666664
surrogate, 80, 32.0, 0.36666666666666664
surrogate, 80, 32.0, 0.36666666666666664
surrogate, 80, 32.0, 0.36666666666666664
surrogate, 80, 32.0, 0.36666666666666664
surrogate, 80, 32.0, 0.36666666666666664
surrogate, 80, 32.0, 0.36666666666666664
surrogate, 80, 30.0, 0.26666666666666666
surrogate, 80, 30.0, 0.26666666666666666
surrogate, 80, 30.0, 0.26666666666666666
surrogate, 80, 30.0, 0.26666666666666666
surrogate, 80, 30.0, 0.26666666666666666
surrogate, 80, 30.0, 0.26666666666666666
surrogate, 80, 30.0, 0.26666666666666666
surrogate, 80, 30.0, 0.26666666666666666
surrogate, 80, 30.0, 0.26666666666666666
surrogate, 80, 30.0, 0.26666666666666666
surrogate, 80, 30.0, 0.26666666666666666
surrogate, 80, 30.0, 0.26666666666666666
surrogate, 80, 30.0, 0.26666666666666666
surrogate, 80, 30.0, 0.26666666666666666
surrogate, 80, 30.0, 0.26666666666666666
surrogate, 80, 30.0, 0.26666666666666666
surrogate, 80, 30.0, 0.26666666666666666
surrogate, 80, 30.0, 0.26666666666666666
surrogate, 80, 30.0, 0.26666666666666666
surrogate, 80, 30.0, 0.26666666666666666
surrogate, 80, 30.0, 0.26666666666666666
surrogate, 80, 30.0, 0.26666666666666666
surrogate, 80, 30.0, 0.26666666666666666
surrogate, 80, 30.0, 0.26666666666666666
surrogate, 80, 30.0, 0.26666666666666666
surrogate, 80, 30.0, 0.26666666666666666
surrogate, 80, 30.0, 0.26666666666666666
surrogate, 80, 30.0, 0.26666666666666666
surrogate, 80, 30.0, 0.26666666666666666
surrogate, 80, 30.0, 0.26666666666666666
surrogate, 80, 30.0, 0.26666666666666666
surrogate, 80, 30.0, 0.26666666666666666
surrogate, 80, 30.0, 0.26666666666666666
surrogate, 80, 30.0, 0.26666666666666666
surrogate, 80, 30.0, 0.26666666666666666
surrogate, 80, 30.0, 0.26666666666666666
surrogate, 80, 30.0, 0.26666666666666666
surrogate, 80, 30.0, 0.26666666666666666
surrogate, 80, 30.0, 0.26666666666666666
surrogate, 80, 30.0, 0.26666666666666666
surrogate, 80, 30.0, 0.26666666666666666
surrogate, 80, 30.0, 0.26666666666666666
surrogate, 80, 30.0, 0.26666666666666666
surrogate, 80, 30.0, 0.26666666666666666
surrogate, 80, 29.0, 0.06666666666666667
surrogate, 80, 29.0, 0.06666666666666667
surrogate, 80, 29.0, 0.06666666666666667
surrogate, 80, 29.0, 0.06666666666666667
surrogate, 80, 29.0, 0.06666666666666667
surrogate, 80, 29.0, 0.06666666666666667
surrogate, 80, 29.0, 0.06666666666666667
surrogate, 80, 29.0, 0.06666666666666667
surrogate, 80, 29.0, 0.06666666666666667
surrogate, 80, 29.0, 0.06666666666666667
surrogate, 80, 29.0, 0.06666666666666667
surrogate, 80, 29.0, 0.06666666666666667
surrogate, 80, 29.0, 0.06666666666666667
surrogate, 80, 29.0, 0.06666666666666667
surrogate, 80, 29.0, 0.06666666666666667
surrogate, 80, 29.0, 0.06666666666666667
surrogate, 80, 29.0, 0.06666666666666667
surrogate, 80, 29.0, 0.06666666666666667
surrogate, 80, 29.0, 0.06666666666666667
surrogate, 80, 29.0, 0.06666666666666667
surrogate, 80, 29.0, 0.06666666666666667
surrogate, 80, 29.0, 0.06666666666666667
surrogate, 80, 29.0, 0.06666666666666667
surrogate, 80, 29.0, 0.06666666666666667
surrogate, 80, 29.0, 0.06666666666666667
surrogate, 80, 29.0, 0.06666666666666667
surrogate, 80, 29.0, 0.06666666666666667
surrogate, 80, 29.0, 0.06666666666666667
surrogate, 80, 29.0, 0.06666666666666667
surrogate, 80, 29.0, 0.06666666666666667
surrogate, 80, 29.0, 0.06666666666666667
surrogate, 80, 29.0, 0.06666666666666667
surrogate, 80, 29.0, 0.06666666666666667
surrogate, 80, 29.0, 0.06666666666666667
surrogate, 80, 29.0, 0.06666666666666667
surrogate, 80, 29.0, 0.06666666666666667
surrogate, 80, 29.0, 0.06666666666666667
surrogate, 80, 29.0, 0.06666666666666667
surrogate, 80, 29.0, 0.06666666666666667
surrogate, 80, 29.0, 0.06666666666666667
surrogate, 80, 29.0, 0.06666666666666667
surrogate, 80, 29.0, 0.06666666666666667
surrogate, 80, 29.0, 0.06666666666666667
surrogate, 80, 29.0, 0.06666666666666667
surrogate, 80, 29.0, 0.06666666666666667
surrogate, 80, 29.0, 0.06666666666666667
surrogate, 80, 29.0, 0.06666666666666667
surrogate, 80, 29.0, 0.06666666666666667
surrogate, 80, 29.0, 0.06666666666666667
surrogate, 80, 29.0, 0.06666666666666667
surrogate, 80, 29.0, 0.06666666666666667
surrogate, 80, 29.0, 0.06666666666666667
surrogate, 80, 29.0, 0.06666666666666667
surrogate, 80, 29.0, 0.06666666666666667
surrogate, 80, 29.0, 0.06666666666666667
surrogate, 80, 29.0, 0.06666666666666667
surrogate, 80, 29.0, 0.06666666666666667
surrogate, 80, 29.0, 0.06666666666666667
surrogate, 80, 29.0, 0.06666666666666667
surrogate, 80, 29.0, 0.06666666666666667
surrogate, 80, 29.0, 0.06666666666666667
surrogate, 80, 29.0, 0.06666666666666667
surrogate, 80, 29.0, 0.06666666666666667
surrogate, 80, 29.0, 0.06666666666666667
surrogate, 80, 28.0, 0.05
surrogate, 80, 28.0, 0.05
surrogate, 80, 28.0, 0.05
surrogate, 80, 28.0, 0.05
surrogate, 80, 28.0, 0.05
surrogate, 80, 28.0, 0.05
surrogate, 80, 28.0, 0.05
surrogate, 80, 28.0, 0.05
surrogate, 80, 28.0, 0.05
surrogate, 80, 28.0, 0.05
surrogate, 80, 28.0, 0.05
surrogate, 80, 28.0, 0.05
surrogate, 80, 28.0, 0.05
surrogate, 80, 28.0, 0.05
surrogate, 80, 28.0, 0.05
surrogate, 80, 28.0, 0.05
surrogate, 80, 28.0, 0.05
surrogate, 80, 28.0, 0.05
surrogate, 80, 27.0, 0.03333333333333333
surrogate, 80, 27.0, 0.03333333333333333
surrogate, 80, 27.0, 0.03333333333333333
surrogate, 80, 27.0, 0.03333333333333333
surrogate, 80, 27.0, 0.03333333333333333
surrogate, 80, 27.0, 0.03333333333333333
surrogate, 80, 27.0, 0.03333333333333333
surrogate, 80, 27.0, 0.03333333333333333
surrogate, 80, 27.0, 0.03333333333333333
surrogate, 80, 27.0, 0.03333333333333333
surrogate, 80, 27.0, 0.03333333333333333
surrogate, 80, 27.0, 0.03333333333333333
surrogate, 80, 27.0, 0.03333333333333333
surrogate, 80, 27.0, 0.03333333333333333
surrogate, 80, 26.0, 0.016666666666666666
surrogate, 80, 26.0, 0.016666666666666666
surrogate, 80, 26.0, 0.016666666666666666
surrogate, 80, 26.0, 0.016666666666666666
surrogate, 80, 26.0, 0.016666666666666666
surrogate, 80, 26.0, 0.016666666666666666
surrogate, 80, 26.0, 0.016666666666666666
surrogate, 80, 26.0, 0.016666666666666666
surrogate, 80, 26.0, 0.016666666666666666
surrogate, 80, 26.0, 0.016666666666666666
surrogate, 80, 26.0, 0.016666666666666666
surrogate, 80, 26.0, 0.016666666666666666
surrogate, 80, 26.0, 0.016666666666666666
surrogate, 80, 26.0, 0.016666666666666666
surrogate, 80, 26.0, 0.016666666666666666
surrogate, 80, 26.0, 0.016666666666666666
surrogate, 80, 26.0, 0.016666666666666666
surrogate, 80, 26.0, 0.016666666666666666
surrogate, 80, 26.0, 0.016666666666666666
surrogate, 80, 26.0, 0.016666666666666666
surrogate, 80, 26.0, 0.016666666666666666
surrogate, 80, 26.0, 0.016666666666666666
surrogate, 80, 26.0, 0.016666666666666666
surrogate, 80, 26.0, 0.016666666666666666
surrogate, 80, 26.0, 0.016666666666666666
surrogate, 80, 26.0, 0.016666666666666666
surrogate, 80, 26.0, 0.016666666666666666
surrogate, 80, 26.0, 0.016666666666666666
surrogate, 80, 26.0, 0.016666666666666666
surrogate, 80, 26.0, 0.016666666666666666
surrogate, 80, 26.0, 0.016666666666666666
surrogate, 80, 26.0, 0.016666666666666666
surrogate, 80, 26.0, 0.016666666666666666
surrogate, 80, 26.0, 0.016666666666666666
surrogate, 80, 26.0, 0.016666666666666666
surrogate, 80, 26.0, 0.016666666666666666
surrogate, 80, 26.0, 0.016666666666666666
surrogate, 80, 26.0, 0.016666666666666666
surrogate, 80, 26.0, 0.016666666666666666
surrogate, 80, 26.0, 0.016666666666666666
surrogate, 80, 26.0, 0.016666666666666666
surrogate, 80, 26.0, 0.016666666666666666
surrogate, 80, 26.0, 0.016666666666666666
surrogate, 80, 26.0, 0.016666666666666666
surrogate, 80, 26.0, 0.016666666666666666
surrogate, 80, 26.0, 0.016666666666666666
surrogate, 80, 26.0, 0.016666666666666666
surrogate, 80, 26.0, 0.016666666666666666
surrogate, 80, 26.0, 0.016666666666666666
surrogate, 80, 26.0, 0.016666666666666666
surrogate, 80, 26.0, 0.016666666666666666
surrogate, 80, 26.0, 0.016666666666666666
surrogate, 80, 26.0, 0.016666666666666666
surrogate, 80, 26.0, 0.016666666666666666
surrogate, 80, 26.0, 0.016666666666666666
surrogate, 80, 26.0, 0.016666666666666666
surrogate, 80, 26.0, 0.016666666666666666
surrogate, 80, 26.0, 0.016666666666666666
surrogate, 80, 26.0, 0.016666666666666666
surrogate, 80, 26.0, 0.016666666666666666
surrogate, 80, 26.0, 0.016666666666666666
surrogate, 80, 26.0, 0.016666666666666666
surrogate, 80, 26.0, 0.016666666666666666
surrogate, 80, 26.0, 0.016666666666666666
surrogate, 80, 26.0, 0.016666666666666666
surrogate, 80, 26.0, 0.016666666666666666
surrogate, 80, 26.0, 0.016666666666666666
surrogate, 80, 26.0, 0.016666666666666666
surrogate, 80, 26.0, 0.016666666666666666
surrogate, 80, 26.0, 0.016666666666666666
surrogate, 80, 26.0, 0.016666666666666666
surrogate, 80, 26.0, 0.016666666666666666
surrogate, 80, 26.0, 0.016666666666666666
surrogate, 80, 26.0, 0.016666666666666666
surrogate, 80, 26.0, 0.016666666666666666
surrogate, 81, 247.0, 0.9
surrogate, 81, 247.0, 0.9
surrogate, 81, 190.0, 0.8833333333333333
surrogate, 81, 90.0, 0.8333333333333334
surrogate, 81, 66.0, 0.8
surrogate, 81, 66.0, 0.8
surrogate, 81, 66.0, 0.8
surrogate, 81, 57.0, 0.7666666666666667
surrogate, 81, 57.0, 0.7666666666666667
surrogate, 81, 53.0, 0.75
surrogate, 81, 46.0, 0.7166666666666667
surrogate, 81, 43.0, 0.6833333333333333
surrogate, 81, 43.0, 0.6833333333333333
surrogate, 81, 43.0, 0.6833333333333333
surrogate, 81, 43.0, 0.6833333333333333
surrogate, 81, 43.0, 0.6833333333333333
surrogate, 81, 43.0, 0.6833333333333333
surrogate, 81, 43.0, 0.6833333333333333
surrogate, 81, 43.0, 0.6833333333333333
surrogate, 81, 43.0, 0.6833333333333333
surrogate, 81, 43.0, 0.6833333333333333
surrogate, 81, 43.0, 0.6833333333333333
surrogate, 81, 39.0, 0.65
surrogate, 81, 39.0, 0.65
surrogate, 81, 34.0, 0.55
surrogate, 81, 34.0, 0.55
surrogate, 81, 34.0, 0.55
surrogate, 81, 34.0, 0.55
surrogate, 81, 34.0, 0.55
surrogate, 81, 34.0, 0.55
surrogate, 81, 33.0, 0.5
surrogate, 81, 33.0, 0.5
surrogate, 81, 33.0, 0.5
surrogate, 81, 33.0, 0.5
surrogate, 81, 33.0, 0.5
surrogate, 81, 33.0, 0.5
surrogate, 81, 33.0, 0.5
surrogate, 81, 33.0, 0.5
surrogate, 81, 33.0, 0.5
surrogate, 81, 33.0, 0.5
surrogate, 81, 33.0, 0.5
surrogate, 81, 33.0, 0.5
surrogate, 81, 33.0, 0.5
surrogate, 81, 33.0, 0.5
surrogate, 81, 33.0, 0.5
surrogate, 81, 33.0, 0.5
surrogate, 81, 33.0, 0.5
surrogate, 81, 33.0, 0.5
surrogate, 81, 33.0, 0.5
surrogate, 81, 33.0, 0.5
surrogate, 81, 33.0, 0.5
surrogate, 81, 33.0, 0.5
surrogate, 81, 33.0, 0.5
surrogate, 81, 33.0, 0.5
surrogate, 81, 33.0, 0.5
surrogate, 81, 32.0, 0.36666666666666664
surrogate, 81, 32.0, 0.36666666666666664
surrogate, 81, 32.0, 0.36666666666666664
surrogate, 81, 32.0, 0.36666666666666664
surrogate, 81, 32.0, 0.36666666666666664
surrogate, 81, 32.0, 0.36666666666666664
surrogate, 81, 32.0, 0.36666666666666664
surrogate, 81, 32.0, 0.36666666666666664
surrogate, 81, 32.0, 0.36666666666666664
surrogate, 81, 32.0, 0.36666666666666664
surrogate, 81, 32.0, 0.36666666666666664
surrogate, 81, 32.0, 0.36666666666666664
surrogate, 81, 32.0, 0.36666666666666664
surrogate, 81, 32.0, 0.36666666666666664
surrogate, 81, 32.0, 0.36666666666666664
surrogate, 81, 32.0, 0.36666666666666664
surrogate, 81, 32.0, 0.36666666666666664
surrogate, 81, 32.0, 0.36666666666666664
surrogate, 81, 32.0, 0.36666666666666664
surrogate, 81, 32.0, 0.36666666666666664
surrogate, 81, 32.0, 0.36666666666666664
surrogate, 81, 32.0, 0.36666666666666664
surrogate, 81, 32.0, 0.36666666666666664
surrogate, 81, 32.0, 0.36666666666666664
surrogate, 81, 32.0, 0.36666666666666664
surrogate, 81, 32.0, 0.36666666666666664
surrogate, 81, 32.0, 0.36666666666666664
surrogate, 81, 32.0, 0.36666666666666664
surrogate, 81, 32.0, 0.36666666666666664
surrogate, 81, 32.0, 0.36666666666666664
surrogate, 81, 32.0, 0.36666666666666664
surrogate, 81, 32.0, 0.36666666666666664
surrogate, 81, 32.0, 0.36666666666666664
surrogate, 81, 32.0, 0.36666666666666664
surrogate, 81, 32.0, 0.36666666666666664
surrogate, 81, 32.0, 0.36666666666666664
surrogate, 81, 32.0, 0.36666666666666664
surrogate, 81, 32.0, 0.36666666666666664
surrogate, 81, 32.0, 0.36666666666666664
surrogate, 81, 32.0, 0.36666666666666664
surrogate, 81, 32.0, 0.36666666666666664
surrogate, 81, 32.0, 0.36666666666666664
surrogate, 81, 32.0, 0.36666666666666664
surrogate, 81, 32.0, 0.36666666666666664
surrogate, 81, 32.0, 0.36666666666666664
surrogate, 81, 32.0, 0.36666666666666664
surrogate, 81, 32.0, 0.36666666666666664
surrogate, 81, 32.0, 0.36666666666666664
surrogate, 81, 32.0, 0.36666666666666664
surrogate, 81, 32.0, 0.36666666666666664
surrogate, 81, 32.0, 0.36666666666666664
surrogate, 81, 32.0, 0.36666666666666664
surrogate, 81, 32.0, 0.36666666666666664
surrogate, 81, 32.0, 0.36666666666666664
surrogate, 81, 32.0, 0.36666666666666664
surrogate, 81, 32.0, 0.36666666666666664
surrogate, 81, 32.0, 0.36666666666666664
surrogate, 81, 32.0, 0.36666666666666664
surrogate, 81, 32.0, 0.36666666666666664
surrogate, 81, 32.0, 0.36666666666666664
surrogate, 81, 32.0, 0.36666666666666664
surrogate, 81, 32.0, 0.36666666666666664
surrogate, 81, 32.0, 0.36666666666666664
surrogate, 81, 32.0, 0.36666666666666664
surrogate, 81, 30.0, 0.26666666666666666
surrogate, 81, 30.0, 0.26666666666666666
surrogate, 81, 30.0, 0.26666666666666666
surrogate, 81, 30.0, 0.26666666666666666
surrogate, 81, 30.0, 0.26666666666666666
surrogate, 81, 30.0, 0.26666666666666666
surrogate, 81, 30.0, 0.26666666666666666
surrogate, 81, 30.0, 0.26666666666666666
surrogate, 81, 30.0, 0.26666666666666666
surrogate, 81, 30.0, 0.26666666666666666
surrogate, 81, 30.0, 0.26666666666666666
surrogate, 81, 30.0, 0.26666666666666666
surrogate, 81, 30.0, 0.26666666666666666
surrogate, 81, 30.0, 0.26666666666666666
surrogate, 81, 30.0, 0.26666666666666666
surrogate, 81, 30.0, 0.26666666666666666
surrogate, 81, 30.0, 0.26666666666666666
surrogate, 81, 30.0, 0.26666666666666666
surrogate, 81, 30.0, 0.26666666666666666
surrogate, 81, 30.0, 0.26666666666666666
surrogate, 81, 30.0, 0.26666666666666666
surrogate, 81, 30.0, 0.26666666666666666
surrogate, 81, 30.0, 0.26666666666666666
surrogate, 81, 30.0, 0.26666666666666666
surrogate, 81, 30.0, 0.26666666666666666
surrogate, 81, 30.0, 0.26666666666666666
surrogate, 81, 30.0, 0.26666666666666666
surrogate, 81, 30.0, 0.26666666666666666
surrogate, 81, 30.0, 0.26666666666666666
surrogate, 81, 30.0, 0.26666666666666666
surrogate, 81, 30.0, 0.26666666666666666
surrogate, 81, 30.0, 0.26666666666666666
surrogate, 81, 30.0, 0.26666666666666666
surrogate, 81, 30.0, 0.26666666666666666
surrogate, 81, 30.0, 0.26666666666666666
surrogate, 81, 30.0, 0.26666666666666666
surrogate, 81, 30.0, 0.26666666666666666
surrogate, 81, 30.0, 0.26666666666666666
surrogate, 81, 30.0, 0.26666666666666666
surrogate, 81, 30.0, 0.26666666666666666
surrogate, 81, 30.0, 0.26666666666666666
surrogate, 81, 30.0, 0.26666666666666666
surrogate, 81, 30.0, 0.26666666666666666
surrogate, 81, 30.0, 0.26666666666666666
surrogate, 81, 30.0, 0.26666666666666666
surrogate, 81, 29.0, 0.06666666666666667
surrogate, 81, 29.0, 0.06666666666666667
surrogate, 81, 29.0, 0.06666666666666667
surrogate, 81, 29.0, 0.06666666666666667
surrogate, 81, 29.0, 0.06666666666666667
surrogate, 81, 29.0, 0.06666666666666667
surrogate, 81, 29.0, 0.06666666666666667
surrogate, 81, 29.0, 0.06666666666666667
surrogate, 81, 29.0, 0.06666666666666667
surrogate, 81, 29.0, 0.06666666666666667
surrogate, 81, 29.0, 0.06666666666666667
surrogate, 81, 29.0, 0.06666666666666667
surrogate, 81, 29.0, 0.06666666666666667
surrogate, 81, 29.0, 0.06666666666666667
surrogate, 81, 29.0, 0.06666666666666667
surrogate, 81, 29.0, 0.06666666666666667
surrogate, 81, 29.0, 0.06666666666666667
surrogate, 81, 29.0, 0.06666666666666667
surrogate, 81, 29.0, 0.06666666666666667
surrogate, 81, 29.0, 0.06666666666666667
surrogate, 81, 29.0, 0.06666666666666667
surrogate, 81, 29.0, 0.06666666666666667
surrogate, 81, 29.0, 0.06666666666666667
surrogate, 81, 29.0, 0.06666666666666667
surrogate, 81, 29.0, 0.06666666666666667
surrogate, 81, 29.0, 0.06666666666666667
surrogate, 81, 29.0, 0.06666666666666667
surrogate, 81, 29.0, 0.06666666666666667
surrogate, 81, 29.0, 0.06666666666666667
surrogate, 81, 29.0, 0.06666666666666667
surrogate, 81, 29.0, 0.06666666666666667
surrogate, 81, 29.0, 0.06666666666666667
surrogate, 81, 29.0, 0.06666666666666667
surrogate, 81, 29.0, 0.06666666666666667
surrogate, 81, 29.0, 0.06666666666666667
surrogate, 81, 29.0, 0.06666666666666667
surrogate, 81, 29.0, 0.06666666666666667
surrogate, 81, 29.0, 0.06666666666666667
surrogate, 81, 29.0, 0.06666666666666667
surrogate, 81, 29.0, 0.06666666666666667
surrogate, 81, 29.0, 0.06666666666666667
surrogate, 81, 29.0, 0.06666666666666667
surrogate, 81, 29.0, 0.06666666666666667
surrogate, 81, 29.0, 0.06666666666666667
surrogate, 81, 29.0, 0.06666666666666667
surrogate, 81, 29.0, 0.06666666666666667
surrogate, 81, 29.0, 0.06666666666666667
surrogate, 81, 29.0, 0.06666666666666667
surrogate, 81, 29.0, 0.06666666666666667
surrogate, 81, 29.0, 0.06666666666666667
surrogate, 81, 29.0, 0.06666666666666667
surrogate, 81, 29.0, 0.06666666666666667
surrogate, 81, 29.0, 0.06666666666666667
surrogate, 81, 29.0, 0.06666666666666667
surrogate, 81, 29.0, 0.06666666666666667
surrogate, 81, 29.0, 0.06666666666666667
surrogate, 81, 29.0, 0.06666666666666667
surrogate, 81, 29.0, 0.06666666666666667
surrogate, 81, 29.0, 0.06666666666666667
surrogate, 81, 29.0, 0.06666666666666667
surrogate, 81, 29.0, 0.06666666666666667
surrogate, 81, 29.0, 0.06666666666666667
surrogate, 81, 29.0, 0.06666666666666667
surrogate, 81, 29.0, 0.06666666666666667
surrogate, 81, 29.0, 0.06666666666666667
surrogate, 81, 28.0, 0.05
surrogate, 81, 28.0, 0.05
surrogate, 81, 28.0, 0.05
surrogate, 81, 28.0, 0.05
surrogate, 81, 28.0, 0.05
surrogate, 81, 28.0, 0.05
surrogate, 81, 28.0, 0.05
surrogate, 81, 28.0, 0.05
surrogate, 81, 28.0, 0.05
surrogate, 81, 28.0, 0.05
surrogate, 81, 28.0, 0.05
surrogate, 81, 28.0, 0.05
surrogate, 81, 28.0, 0.05
surrogate, 81, 28.0, 0.05
surrogate, 81, 28.0, 0.05
surrogate, 81, 28.0, 0.05
surrogate, 81, 28.0, 0.05
surrogate, 81, 28.0, 0.05
surrogate, 81, 27.0, 0.03333333333333333
surrogate, 81, 27.0, 0.03333333333333333
surrogate, 81, 27.0, 0.03333333333333333
surrogate, 81, 27.0, 0.03333333333333333
surrogate, 81, 27.0, 0.03333333333333333
surrogate, 81, 27.0, 0.03333333333333333
surrogate, 81, 27.0, 0.03333333333333333
surrogate, 81, 27.0, 0.03333333333333333
surrogate, 81, 27.0, 0.03333333333333333
surrogate, 81, 27.0, 0.03333333333333333
surrogate, 81, 27.0, 0.03333333333333333
surrogate, 81, 27.0, 0.03333333333333333
surrogate, 81, 27.0, 0.03333333333333333
surrogate, 81, 27.0, 0.03333333333333333
surrogate, 81, 26.0, 0.016666666666666666
surrogate, 81, 26.0, 0.016666666666666666
surrogate, 81, 26.0, 0.016666666666666666
surrogate, 81, 26.0, 0.016666666666666666
surrogate, 81, 26.0, 0.016666666666666666
surrogate, 81, 26.0, 0.016666666666666666
surrogate, 81, 26.0, 0.016666666666666666
surrogate, 81, 26.0, 0.016666666666666666
surrogate, 81, 26.0, 0.016666666666666666
surrogate, 81, 26.0, 0.016666666666666666
surrogate, 81, 26.0, 0.016666666666666666
surrogate, 81, 26.0, 0.016666666666666666
surrogate, 81, 26.0, 0.016666666666666666
surrogate, 81, 26.0, 0.016666666666666666
surrogate, 81, 26.0, 0.016666666666666666
surrogate, 81, 26.0, 0.016666666666666666
surrogate, 81, 26.0, 0.016666666666666666
surrogate, 81, 26.0, 0.016666666666666666
surrogate, 81, 26.0, 0.016666666666666666
surrogate, 81, 26.0, 0.016666666666666666
surrogate, 81, 26.0, 0.016666666666666666
surrogate, 81, 26.0, 0.016666666666666666
surrogate, 81, 26.0, 0.016666666666666666
surrogate, 81, 26.0, 0.016666666666666666
surrogate, 81, 26.0, 0.016666666666666666
surrogate, 81, 26.0, 0.016666666666666666
surrogate, 81, 26.0, 0.016666666666666666
surrogate, 81, 26.0, 0.016666666666666666
surrogate, 81, 26.0, 0.016666666666666666
surrogate, 81, 26.0, 0.016666666666666666
surrogate, 81, 26.0, 0.016666666666666666
surrogate, 81, 26.0, 0.016666666666666666
surrogate, 81, 26.0, 0.016666666666666666
surrogate, 81, 26.0, 0.016666666666666666
surrogate, 81, 26.0, 0.016666666666666666
surrogate, 81, 26.0, 0.016666666666666666
surrogate, 81, 26.0, 0.016666666666666666
surrogate, 81, 26.0, 0.016666666666666666
surrogate, 81, 26.0, 0.016666666666666666
surrogate, 81, 26.0, 0.016666666666666666
surrogate, 81, 26.0, 0.016666666666666666
surrogate, 81, 26.0, 0.016666666666666666
surrogate, 81, 26.0, 0.016666666666666666
surrogate, 81, 26.0, 0.016666666666666666
surrogate, 81, 26.0, 0.016666666666666666
surrogate, 81, 26.0, 0.016666666666666666
surrogate, 81, 26.0, 0.016666666666666666
surrogate, 81, 26.0, 0.016666666666666666
surrogate, 81, 26.0, 0.016666666666666666
surrogate, 81, 26.0, 0.016666666666666666
surrogate, 81, 26.0, 0.016666666666666666
surrogate, 81, 26.0, 0.016666666666666666
surrogate, 81, 26.0, 0.016666666666666666
surrogate, 81, 26.0, 0.016666666666666666
surrogate, 81, 26.0, 0.016666666666666666
surrogate, 81, 26.0, 0.016666666666666666
surrogate, 81, 26.0, 0.016666666666666666
surrogate, 81, 26.0, 0.016666666666666666
surrogate, 81, 26.0, 0.016666666666666666
surrogate, 81, 26.0, 0.016666666666666666
surrogate, 81, 26.0, 0.016666666666666666
surrogate, 81, 26.0, 0.016666666666666666
surrogate, 81, 26.0, 0.016666666666666666
surrogate, 81, 26.0, 0.016666666666666666
surrogate, 81, 26.0, 0.016666666666666666
surrogate, 81, 26.0, 0.016666666666666666
surrogate, 81, 26.0, 0.016666666666666666
surrogate, 81, 26.0, 0.016666666666666666
surrogate, 81, 26.0, 0.016666666666666666
surrogate, 81, 26.0, 0.016666666666666666
surrogate, 81, 26.0, 0.016666666666666666
surrogate, 81, 26.0, 0.016666666666666666
surrogate, 81, 26.0, 0.016666666666666666
surrogate, 81, 26.0, 0.016666666666666666
surrogate, 81, 26.0, 0.016666666666666666
surrogate, 81, 26.0, 0.016666666666666666
surrogate, 82, 446.0, 0.9333333333333333
surrogate, 82, 247.0, 0.9
surrogate, 82, 247.0, 0.9
surrogate, 82, 190.0, 0.8833333333333333
surrogate, 82, 190.0, 0.8833333333333333
surrogate, 82, 90.0, 0.8333333333333334
surrogate, 82, 66.0, 0.8
surrogate, 82, 66.0, 0.8
surrogate, 82, 66.0, 0.8
surrogate, 82, 66.0, 0.8
surrogate, 82, 57.0, 0.7666666666666667
surrogate, 82, 57.0, 0.7666666666666667
surrogate, 82, 53.0, 0.75
surrogate, 82, 46.0, 0.7166666666666667
surrogate, 82, 43.0, 0.6833333333333333
surrogate, 82, 43.0, 0.6833333333333333
surrogate, 82, 43.0, 0.6833333333333333
surrogate, 82, 43.0, 0.6833333333333333
surrogate, 82, 43.0, 0.6833333333333333
surrogate, 82, 43.0, 0.6833333333333333
surrogate, 82, 43.0, 0.6833333333333333
surrogate, 82, 43.0, 0.6833333333333333
surrogate, 82, 43.0, 0.6833333333333333
surrogate, 82, 43.0, 0.6833333333333333
surrogate, 82, 43.0, 0.6833333333333333
surrogate, 82, 39.0, 0.65
surrogate, 82, 39.0, 0.65
surrogate, 82, 34.0, 0.55
surrogate, 82, 34.0, 0.55
surrogate, 82, 34.0, 0.55
surrogate, 82, 34.0, 0.55
surrogate, 82, 34.0, 0.55
surrogate, 82, 34.0, 0.55
surrogate, 82, 34.0, 0.55
surrogate, 82, 33.0, 0.5
surrogate, 82, 33.0, 0.5
surrogate, 82, 33.0, 0.5
surrogate, 82, 33.0, 0.5
surrogate, 82, 33.0, 0.5
surrogate, 82, 33.0, 0.5
surrogate, 82, 33.0, 0.5
surrogate, 82, 33.0, 0.5
surrogate, 82, 33.0, 0.5
surrogate, 82, 33.0, 0.5
surrogate, 82, 33.0, 0.5
surrogate, 82, 33.0, 0.5
surrogate, 82, 33.0, 0.5
surrogate, 82, 33.0, 0.5
surrogate, 82, 33.0, 0.5
surrogate, 82, 33.0, 0.5
surrogate, 82, 33.0, 0.5
surrogate, 82, 33.0, 0.5
surrogate, 82, 33.0, 0.5
surrogate, 82, 33.0, 0.5
surrogate, 82, 33.0, 0.5
surrogate, 82, 33.0, 0.5
surrogate, 82, 33.0, 0.5
surrogate, 82, 33.0, 0.5
surrogate, 82, 33.0, 0.5
surrogate, 82, 32.0, 0.36666666666666664
surrogate, 82, 32.0, 0.36666666666666664
surrogate, 82, 32.0, 0.36666666666666664
surrogate, 82, 32.0, 0.36666666666666664
surrogate, 82, 32.0, 0.36666666666666664
surrogate, 82, 32.0, 0.36666666666666664
surrogate, 82, 32.0, 0.36666666666666664
surrogate, 82, 32.0, 0.36666666666666664
surrogate, 82, 32.0, 0.36666666666666664
surrogate, 82, 32.0, 0.36666666666666664
surrogate, 82, 32.0, 0.36666666666666664
surrogate, 82, 32.0, 0.36666666666666664
surrogate, 82, 32.0, 0.36666666666666664
surrogate, 82, 32.0, 0.36666666666666664
surrogate, 82, 32.0, 0.36666666666666664
surrogate, 82, 32.0, 0.36666666666666664
surrogate, 82, 32.0, 0.36666666666666664
surrogate, 82, 32.0, 0.36666666666666664
surrogate, 82, 32.0, 0.36666666666666664
surrogate, 82, 32.0, 0.36666666666666664
surrogate, 82, 32.0, 0.36666666666666664
surrogate, 82, 32.0, 0.36666666666666664
surrogate, 82, 32.0, 0.36666666666666664
surrogate, 82, 32.0, 0.36666666666666664
surrogate, 82, 32.0, 0.36666666666666664
surrogate, 82, 32.0, 0.36666666666666664
surrogate, 82, 32.0, 0.36666666666666664
surrogate, 82, 32.0, 0.36666666666666664
surrogate, 82, 32.0, 0.36666666666666664
surrogate, 82, 32.0, 0.36666666666666664
surrogate, 82, 32.0, 0.36666666666666664
surrogate, 82, 32.0, 0.36666666666666664
surrogate, 82, 32.0, 0.36666666666666664
surrogate, 82, 32.0, 0.36666666666666664
surrogate, 82, 32.0, 0.36666666666666664
surrogate, 82, 32.0, 0.36666666666666664
surrogate, 82, 32.0, 0.36666666666666664
surrogate, 82, 32.0, 0.36666666666666664
surrogate, 82, 32.0, 0.36666666666666664
surrogate, 82, 32.0, 0.36666666666666664
surrogate, 82, 32.0, 0.36666666666666664
surrogate, 82, 32.0, 0.36666666666666664
surrogate, 82, 32.0, 0.36666666666666664
surrogate, 82, 32.0, 0.36666666666666664
surrogate, 82, 32.0, 0.36666666666666664
surrogate, 82, 32.0, 0.36666666666666664
surrogate, 82, 32.0, 0.36666666666666664
surrogate, 82, 32.0, 0.36666666666666664
surrogate, 82, 32.0, 0.36666666666666664
surrogate, 82, 32.0, 0.36666666666666664
surrogate, 82, 32.0, 0.36666666666666664
surrogate, 82, 32.0, 0.36666666666666664
surrogate, 82, 32.0, 0.36666666666666664
surrogate, 82, 32.0, 0.36666666666666664
surrogate, 82, 32.0, 0.36666666666666664
surrogate, 82, 32.0, 0.36666666666666664
surrogate, 82, 32.0, 0.36666666666666664
surrogate, 82, 32.0, 0.36666666666666664
surrogate, 82, 32.0, 0.36666666666666664
surrogate, 82, 32.0, 0.36666666666666664
surrogate, 82, 32.0, 0.36666666666666664
surrogate, 82, 32.0, 0.36666666666666664
surrogate, 82, 32.0, 0.36666666666666664
surrogate, 82, 32.0, 0.36666666666666664
surrogate, 82, 32.0, 0.36666666666666664
surrogate, 82, 30.0, 0.26666666666666666
surrogate, 82, 30.0, 0.26666666666666666
surrogate, 82, 30.0, 0.26666666666666666
surrogate, 82, 30.0, 0.26666666666666666
surrogate, 82, 30.0, 0.26666666666666666
surrogate, 82, 30.0, 0.26666666666666666
surrogate, 82, 30.0, 0.26666666666666666
surrogate, 82, 30.0, 0.26666666666666666
surrogate, 82, 30.0, 0.26666666666666666
surrogate, 82, 30.0, 0.26666666666666666
surrogate, 82, 30.0, 0.26666666666666666
surrogate, 82, 30.0, 0.26666666666666666
surrogate, 82, 30.0, 0.26666666666666666
surrogate, 82, 30.0, 0.26666666666666666
surrogate, 82, 30.0, 0.26666666666666666
surrogate, 82, 30.0, 0.26666666666666666
surrogate, 82, 30.0, 0.26666666666666666
surrogate, 82, 30.0, 0.26666666666666666
surrogate, 82, 30.0, 0.26666666666666666
surrogate, 82, 30.0, 0.26666666666666666
surrogate, 82, 30.0, 0.26666666666666666
surrogate, 82, 30.0, 0.26666666666666666
surrogate, 82, 30.0, 0.26666666666666666
surrogate, 82, 30.0, 0.26666666666666666
surrogate, 82, 30.0, 0.26666666666666666
surrogate, 82, 30.0, 0.26666666666666666
surrogate, 82, 30.0, 0.26666666666666666
surrogate, 82, 30.0, 0.26666666666666666
surrogate, 82, 30.0, 0.26666666666666666
surrogate, 82, 30.0, 0.26666666666666666
surrogate, 82, 30.0, 0.26666666666666666
surrogate, 82, 30.0, 0.26666666666666666
surrogate, 82, 30.0, 0.26666666666666666
surrogate, 82, 30.0, 0.26666666666666666
surrogate, 82, 30.0, 0.26666666666666666
surrogate, 82, 30.0, 0.26666666666666666
surrogate, 82, 30.0, 0.26666666666666666
surrogate, 82, 30.0, 0.26666666666666666
surrogate, 82, 30.0, 0.26666666666666666
surrogate, 82, 30.0, 0.26666666666666666
surrogate, 82, 30.0, 0.26666666666666666
surrogate, 82, 30.0, 0.26666666666666666
surrogate, 82, 30.0, 0.26666666666666666
surrogate, 82, 30.0, 0.26666666666666666
surrogate, 82, 30.0, 0.26666666666666666
surrogate, 82, 30.0, 0.26666666666666666
surrogate, 82, 29.0, 0.06666666666666667
surrogate, 82, 29.0, 0.06666666666666667
surrogate, 82, 29.0, 0.06666666666666667
surrogate, 82, 29.0, 0.06666666666666667
surrogate, 82, 29.0, 0.06666666666666667
surrogate, 82, 29.0, 0.06666666666666667
surrogate, 82, 29.0, 0.06666666666666667
surrogate, 82, 29.0, 0.06666666666666667
surrogate, 82, 29.0, 0.06666666666666667
surrogate, 82, 29.0, 0.06666666666666667
surrogate, 82, 29.0, 0.06666666666666667
surrogate, 82, 29.0, 0.06666666666666667
surrogate, 82, 29.0, 0.06666666666666667
surrogate, 82, 29.0, 0.06666666666666667
surrogate, 82, 29.0, 0.06666666666666667
surrogate, 82, 29.0, 0.06666666666666667
surrogate, 82, 29.0, 0.06666666666666667
surrogate, 82, 29.0, 0.06666666666666667
surrogate, 82, 29.0, 0.06666666666666667
surrogate, 82, 29.0, 0.06666666666666667
surrogate, 82, 29.0, 0.06666666666666667
surrogate, 82, 29.0, 0.06666666666666667
surrogate, 82, 29.0, 0.06666666666666667
surrogate, 82, 29.0, 0.06666666666666667
surrogate, 82, 29.0, 0.06666666666666667
surrogate, 82, 29.0, 0.06666666666666667
surrogate, 82, 29.0, 0.06666666666666667
surrogate, 82, 29.0, 0.06666666666666667
surrogate, 82, 29.0, 0.06666666666666667
surrogate, 82, 29.0, 0.06666666666666667
surrogate, 82, 29.0, 0.06666666666666667
surrogate, 82, 29.0, 0.06666666666666667
surrogate, 82, 29.0, 0.06666666666666667
surrogate, 82, 29.0, 0.06666666666666667
surrogate, 82, 29.0, 0.06666666666666667
surrogate, 82, 29.0, 0.06666666666666667
surrogate, 82, 29.0, 0.06666666666666667
surrogate, 82, 29.0, 0.06666666666666667
surrogate, 82, 29.0, 0.06666666666666667
surrogate, 82, 29.0, 0.06666666666666667
surrogate, 82, 29.0, 0.06666666666666667
surrogate, 82, 29.0, 0.06666666666666667
surrogate, 82, 29.0, 0.06666666666666667
surrogate, 82, 29.0, 0.06666666666666667
surrogate, 82, 29.0, 0.06666666666666667
surrogate, 82, 29.0, 0.06666666666666667
surrogate, 82, 29.0, 0.06666666666666667
surrogate, 82, 29.0, 0.06666666666666667
surrogate, 82, 29.0, 0.06666666666666667
surrogate, 82, 29.0, 0.06666666666666667
surrogate, 82, 29.0, 0.06666666666666667
surrogate, 82, 29.0, 0.06666666666666667
surrogate, 82, 29.0, 0.06666666666666667
surrogate, 82, 29.0, 0.06666666666666667
surrogate, 82, 29.0, 0.06666666666666667
surrogate, 82, 29.0, 0.06666666666666667
surrogate, 82, 29.0, 0.06666666666666667
surrogate, 82, 29.0, 0.06666666666666667
surrogate, 82, 29.0, 0.06666666666666667
surrogate, 82, 29.0, 0.06666666666666667
surrogate, 82, 29.0, 0.06666666666666667
surrogate, 82, 29.0, 0.06666666666666667
surrogate, 82, 29.0, 0.06666666666666667
surrogate, 82, 29.0, 0.06666666666666667
surrogate, 82, 29.0, 0.06666666666666667
surrogate, 82, 29.0, 0.06666666666666667
surrogate, 82, 28.0, 0.05
surrogate, 82, 28.0, 0.05
surrogate, 82, 28.0, 0.05
surrogate, 82, 28.0, 0.05
surrogate, 82, 28.0, 0.05
surrogate, 82, 28.0, 0.05
surrogate, 82, 28.0, 0.05
surrogate, 82, 28.0, 0.05
surrogate, 82, 28.0, 0.05
surrogate, 82, 28.0, 0.05
surrogate, 82, 28.0, 0.05
surrogate, 82, 28.0, 0.05
surrogate, 82, 28.0, 0.05
surrogate, 82, 28.0, 0.05
surrogate, 82, 28.0, 0.05
surrogate, 82, 28.0, 0.05
surrogate, 82, 28.0, 0.05
surrogate, 82, 28.0, 0.05
surrogate, 82, 27.0, 0.03333333333333333
surrogate, 82, 27.0, 0.03333333333333333
surrogate, 82, 27.0, 0.03333333333333333
surrogate, 82, 27.0, 0.03333333333333333
surrogate, 82, 27.0, 0.03333333333333333
surrogate, 82, 27.0, 0.03333333333333333
surrogate, 82, 27.0, 0.03333333333333333
surrogate, 82, 27.0, 0.03333333333333333
surrogate, 82, 27.0, 0.03333333333333333
surrogate, 82, 27.0, 0.03333333333333333
surrogate, 82, 27.0, 0.03333333333333333
surrogate, 82, 27.0, 0.03333333333333333
surrogate, 82, 27.0, 0.03333333333333333
surrogate, 82, 27.0, 0.03333333333333333
surrogate, 82, 26.0, 0.016666666666666666
surrogate, 82, 26.0, 0.016666666666666666
surrogate, 82, 26.0, 0.016666666666666666
surrogate, 82, 26.0, 0.016666666666666666
surrogate, 82, 26.0, 0.016666666666666666
surrogate, 82, 26.0, 0.016666666666666666
surrogate, 82, 26.0, 0.016666666666666666
surrogate, 82, 26.0, 0.016666666666666666
surrogate, 82, 26.0, 0.016666666666666666
surrogate, 82, 26.0, 0.016666666666666666
surrogate, 82, 26.0, 0.016666666666666666
surrogate, 82, 26.0, 0.016666666666666666
surrogate, 82, 26.0, 0.016666666666666666
surrogate, 82, 26.0, 0.016666666666666666
surrogate, 82, 26.0, 0.016666666666666666
surrogate, 82, 26.0, 0.016666666666666666
surrogate, 82, 26.0, 0.016666666666666666
surrogate, 82, 26.0, 0.016666666666666666
surrogate, 82, 26.0, 0.016666666666666666
surrogate, 82, 26.0, 0.016666666666666666
surrogate, 82, 26.0, 0.016666666666666666
surrogate, 82, 26.0, 0.016666666666666666
surrogate, 82, 26.0, 0.016666666666666666
surrogate, 82, 26.0, 0.016666666666666666
surrogate, 82, 26.0, 0.016666666666666666
surrogate, 82, 26.0, 0.016666666666666666
surrogate, 82, 26.0, 0.016666666666666666
surrogate, 82, 26.0, 0.016666666666666666
surrogate, 82, 26.0, 0.016666666666666666
surrogate, 82, 26.0, 0.016666666666666666
surrogate, 82, 26.0, 0.016666666666666666
surrogate, 82, 26.0, 0.016666666666666666
surrogate, 82, 26.0, 0.016666666666666666
surrogate, 82, 26.0, 0.016666666666666666
surrogate, 82, 26.0, 0.016666666666666666
surrogate, 82, 26.0, 0.016666666666666666
surrogate, 82, 26.0, 0.016666666666666666
surrogate, 82, 26.0, 0.016666666666666666
surrogate, 82, 26.0, 0.016666666666666666
surrogate, 82, 26.0, 0.016666666666666666
surrogate, 82, 26.0, 0.016666666666666666
surrogate, 82, 26.0, 0.016666666666666666
surrogate, 82, 26.0, 0.016666666666666666
surrogate, 82, 26.0, 0.016666666666666666
surrogate, 82, 26.0, 0.016666666666666666
surrogate, 82, 26.0, 0.016666666666666666
surrogate, 82, 26.0, 0.016666666666666666
surrogate, 82, 26.0, 0.016666666666666666
surrogate, 82, 26.0, 0.016666666666666666
surrogate, 82, 26.0, 0.016666666666666666
surrogate, 82, 26.0, 0.016666666666666666
surrogate, 82, 26.0, 0.016666666666666666
surrogate, 82, 26.0, 0.016666666666666666
surrogate, 82, 26.0, 0.016666666666666666
surrogate, 82, 26.0, 0.016666666666666666
surrogate, 82, 26.0, 0.016666666666666666
surrogate, 82, 26.0, 0.016666666666666666
surrogate, 82, 26.0, 0.016666666666666666
surrogate, 82, 26.0, 0.016666666666666666
surrogate, 82, 26.0, 0.016666666666666666
surrogate, 82, 26.0, 0.016666666666666666
surrogate, 82, 26.0, 0.016666666666666666
surrogate, 82, 26.0, 0.016666666666666666
surrogate, 82, 26.0, 0.016666666666666666
surrogate, 82, 26.0, 0.016666666666666666
surrogate, 82, 26.0, 0.016666666666666666
surrogate, 82, 26.0, 0.016666666666666666
surrogate, 82, 26.0, 0.016666666666666666
surrogate, 82, 26.0, 0.016666666666666666
surrogate, 82, 26.0, 0.016666666666666666
surrogate, 82, 26.0, 0.016666666666666666
surrogate, 82, 26.0, 0.016666666666666666
surrogate, 82, 26.0, 0.016666666666666666
surrogate, 82, 26.0, 0.016666666666666666
surrogate, 82, 26.0, 0.016666666666666666
surrogate, 82, 26.0, 0.016666666666666666
surrogate, 83, 446.0, 0.9333333333333333
surrogate, 83, 247.0, 0.9
surrogate, 83, 247.0, 0.9
surrogate, 83, 190.0, 0.8833333333333333
surrogate, 83, 190.0, 0.8833333333333333
surrogate, 83, 190.0, 0.8833333333333333
surrogate, 83, 90.0, 0.8333333333333334
surrogate, 83, 90.0, 0.8333333333333334
surrogate, 83, 66.0, 0.8
surrogate, 83, 66.0, 0.8
surrogate, 83, 66.0, 0.8
surrogate, 83, 66.0, 0.8
surrogate, 83, 57.0, 0.7666666666666667
surrogate, 83, 57.0, 0.7666666666666667
surrogate, 83, 53.0, 0.75
surrogate, 83, 46.0, 0.7166666666666667
surrogate, 83, 43.0, 0.6833333333333333
surrogate, 83, 43.0, 0.6833333333333333
surrogate, 83, 43.0, 0.6833333333333333
surrogate, 83, 43.0, 0.6833333333333333
surrogate, 83, 43.0, 0.6833333333333333
surrogate, 83, 43.0, 0.6833333333333333
surrogate, 83, 43.0, 0.6833333333333333
surrogate, 83, 43.0, 0.6833333333333333
surrogate, 83, 43.0, 0.6833333333333333
surrogate, 83, 43.0, 0.6833333333333333
surrogate, 83, 43.0, 0.6833333333333333
surrogate, 83, 39.0, 0.65
surrogate, 83, 39.0, 0.65
surrogate, 83, 39.0, 0.65
surrogate, 83, 34.0, 0.55
surrogate, 83, 34.0, 0.55
surrogate, 83, 34.0, 0.55
surrogate, 83, 34.0, 0.55
surrogate, 83, 34.0, 0.55
surrogate, 83, 34.0, 0.55
surrogate, 83, 34.0, 0.55
surrogate, 83, 33.0, 0.5
surrogate, 83, 33.0, 0.5
surrogate, 83, 33.0, 0.5
surrogate, 83, 33.0, 0.5
surrogate, 83, 33.0, 0.5
surrogate, 83, 33.0, 0.5
surrogate, 83, 33.0, 0.5
surrogate, 83, 33.0, 0.5
surrogate, 83, 33.0, 0.5
surrogate, 83, 33.0, 0.5
surrogate, 83, 33.0, 0.5
surrogate, 83, 33.0, 0.5
surrogate, 83, 33.0, 0.5
surrogate, 83, 33.0, 0.5
surrogate, 83, 33.0, 0.5
surrogate, 83, 33.0, 0.5
surrogate, 83, 33.0, 0.5
surrogate, 83, 33.0, 0.5
surrogate, 83, 33.0, 0.5
surrogate, 83, 33.0, 0.5
surrogate, 83, 33.0, 0.5
surrogate, 83, 33.0, 0.5
surrogate, 83, 33.0, 0.5
surrogate, 83, 33.0, 0.5
surrogate, 83, 33.0, 0.5
surrogate, 83, 32.0, 0.36666666666666664
surrogate, 83, 32.0, 0.36666666666666664
surrogate, 83, 32.0, 0.36666666666666664
surrogate, 83, 32.0, 0.36666666666666664
surrogate, 83, 32.0, 0.36666666666666664
surrogate, 83, 32.0, 0.36666666666666664
surrogate, 83, 32.0, 0.36666666666666664
surrogate, 83, 32.0, 0.36666666666666664
surrogate, 83, 32.0, 0.36666666666666664
surrogate, 83, 32.0, 0.36666666666666664
surrogate, 83, 32.0, 0.36666666666666664
surrogate, 83, 32.0, 0.36666666666666664
surrogate, 83, 32.0, 0.36666666666666664
surrogate, 83, 32.0, 0.36666666666666664
surrogate, 83, 32.0, 0.36666666666666664
surrogate, 83, 32.0, 0.36666666666666664
surrogate, 83, 32.0, 0.36666666666666664
surrogate, 83, 32.0, 0.36666666666666664
surrogate, 83, 32.0, 0.36666666666666664
surrogate, 83, 32.0, 0.36666666666666664
surrogate, 83, 32.0, 0.36666666666666664
surrogate, 83, 32.0, 0.36666666666666664
surrogate, 83, 32.0, 0.36666666666666664
surrogate, 83, 32.0, 0.36666666666666664
surrogate, 83, 32.0, 0.36666666666666664
surrogate, 83, 32.0, 0.36666666666666664
surrogate, 83, 32.0, 0.36666666666666664
surrogate, 83, 32.0, 0.36666666666666664
surrogate, 83, 32.0, 0.36666666666666664
surrogate, 83, 32.0, 0.36666666666666664
surrogate, 83, 32.0, 0.36666666666666664
surrogate, 83, 32.0, 0.36666666666666664
surrogate, 83, 32.0, 0.36666666666666664
surrogate, 83, 32.0, 0.36666666666666664
surrogate, 83, 32.0, 0.36666666666666664
surrogate, 83, 32.0, 0.36666666666666664
surrogate, 83, 32.0, 0.36666666666666664
surrogate, 83, 32.0, 0.36666666666666664
surrogate, 83, 32.0, 0.36666666666666664
surrogate, 83, 32.0, 0.36666666666666664
surrogate, 83, 32.0, 0.36666666666666664
surrogate, 83, 32.0, 0.36666666666666664
surrogate, 83, 32.0, 0.36666666666666664
surrogate, 83, 32.0, 0.36666666666666664
surrogate, 83, 32.0, 0.36666666666666664
surrogate, 83, 32.0, 0.36666666666666664
surrogate, 83, 32.0, 0.36666666666666664
surrogate, 83, 32.0, 0.36666666666666664
surrogate, 83, 32.0, 0.36666666666666664
surrogate, 83, 32.0, 0.36666666666666664
surrogate, 83, 32.0, 0.36666666666666664
surrogate, 83, 32.0, 0.36666666666666664
surrogate, 83, 32.0, 0.36666666666666664
surrogate, 83, 32.0, 0.36666666666666664
surrogate, 83, 32.0, 0.36666666666666664
surrogate, 83, 32.0, 0.36666666666666664
surrogate, 83, 32.0, 0.36666666666666664
surrogate, 83, 32.0, 0.36666666666666664
surrogate, 83, 32.0, 0.36666666666666664
surrogate, 83, 32.0, 0.36666666666666664
surrogate, 83, 32.0, 0.36666666666666664
surrogate, 83, 32.0, 0.36666666666666664
surrogate, 83, 32.0, 0.36666666666666664
surrogate, 83, 32.0, 0.36666666666666664
surrogate, 83, 32.0, 0.36666666666666664
surrogate, 83, 32.0, 0.36666666666666664
surrogate, 83, 30.0, 0.26666666666666666
surrogate, 83, 30.0, 0.26666666666666666
surrogate, 83, 30.0, 0.26666666666666666
surrogate, 83, 30.0, 0.26666666666666666
surrogate, 83, 30.0, 0.26666666666666666
surrogate, 83, 30.0, 0.26666666666666666
surrogate, 83, 30.0, 0.26666666666666666
surrogate, 83, 30.0, 0.26666666666666666
surrogate, 83, 30.0, 0.26666666666666666
surrogate, 83, 30.0, 0.26666666666666666
surrogate, 83, 30.0, 0.26666666666666666
surrogate, 83, 30.0, 0.26666666666666666
surrogate, 83, 30.0, 0.26666666666666666
surrogate, 83, 30.0, 0.26666666666666666
surrogate, 83, 30.0, 0.26666666666666666
surrogate, 83, 30.0, 0.26666666666666666
surrogate, 83, 30.0, 0.26666666666666666
surrogate, 83, 30.0, 0.26666666666666666
surrogate, 83, 30.0, 0.26666666666666666
surrogate, 83, 30.0, 0.26666666666666666
surrogate, 83, 30.0, 0.26666666666666666
surrogate, 83, 30.0, 0.26666666666666666
surrogate, 83, 30.0, 0.26666666666666666
surrogate, 83, 30.0, 0.26666666666666666
surrogate, 83, 30.0, 0.26666666666666666
surrogate, 83, 30.0, 0.26666666666666666
surrogate, 83, 30.0, 0.26666666666666666
surrogate, 83, 30.0, 0.26666666666666666
surrogate, 83, 30.0, 0.26666666666666666
surrogate, 83, 30.0, 0.26666666666666666
surrogate, 83, 30.0, 0.26666666666666666
surrogate, 83, 30.0, 0.26666666666666666
surrogate, 83, 30.0, 0.26666666666666666
surrogate, 83, 30.0, 0.26666666666666666
surrogate, 83, 30.0, 0.26666666666666666
surrogate, 83, 30.0, 0.26666666666666666
surrogate, 83, 30.0, 0.26666666666666666
surrogate, 83, 30.0, 0.26666666666666666
surrogate, 83, 30.0, 0.26666666666666666
surrogate, 83, 30.0, 0.26666666666666666
surrogate, 83, 30.0, 0.26666666666666666
surrogate, 83, 30.0, 0.26666666666666666
surrogate, 83, 30.0, 0.26666666666666666
surrogate, 83, 30.0, 0.26666666666666666
surrogate, 83, 30.0, 0.26666666666666666
surrogate, 83, 30.0, 0.26666666666666666
surrogate, 83, 29.0, 0.06666666666666667
surrogate, 83, 29.0, 0.06666666666666667
surrogate, 83, 29.0, 0.06666666666666667
surrogate, 83, 29.0, 0.06666666666666667
surrogate, 83, 29.0, 0.06666666666666667
surrogate, 83, 29.0, 0.06666666666666667
surrogate, 83, 29.0, 0.06666666666666667
surrogate, 83, 29.0, 0.06666666666666667
surrogate, 83, 29.0, 0.06666666666666667
surrogate, 83, 29.0, 0.06666666666666667
surrogate, 83, 29.0, 0.06666666666666667
surrogate, 83, 29.0, 0.06666666666666667
surrogate, 83, 29.0, 0.06666666666666667
surrogate, 83, 29.0, 0.06666666666666667
surrogate, 83, 29.0, 0.06666666666666667
surrogate, 83, 29.0, 0.06666666666666667
surrogate, 83, 29.0, 0.06666666666666667
surrogate, 83, 29.0, 0.06666666666666667
surrogate, 83, 29.0, 0.06666666666666667
surrogate, 83, 29.0, 0.06666666666666667
surrogate, 83, 29.0, 0.06666666666666667
surrogate, 83, 29.0, 0.06666666666666667
surrogate, 83, 29.0, 0.06666666666666667
surrogate, 83, 29.0, 0.06666666666666667
surrogate, 83, 29.0, 0.06666666666666667
surrogate, 83, 29.0, 0.06666666666666667
surrogate, 83, 29.0, 0.06666666666666667
surrogate, 83, 29.0, 0.06666666666666667
surrogate, 83, 29.0, 0.06666666666666667
surrogate, 83, 29.0, 0.06666666666666667
surrogate, 83, 29.0, 0.06666666666666667
surrogate, 83, 29.0, 0.06666666666666667
surrogate, 83, 29.0, 0.06666666666666667
surrogate, 83, 29.0, 0.06666666666666667
surrogate, 83, 29.0, 0.06666666666666667
surrogate, 83, 29.0, 0.06666666666666667
surrogate, 83, 29.0, 0.06666666666666667
surrogate, 83, 29.0, 0.06666666666666667
surrogate, 83, 29.0, 0.06666666666666667
surrogate, 83, 29.0, 0.06666666666666667
surrogate, 83, 29.0, 0.06666666666666667
surrogate, 83, 29.0, 0.06666666666666667
surrogate, 83, 29.0, 0.06666666666666667
surrogate, 83, 29.0, 0.06666666666666667
surrogate, 83, 29.0, 0.06666666666666667
surrogate, 83, 29.0, 0.06666666666666667
surrogate, 83, 29.0, 0.06666666666666667
surrogate, 83, 29.0, 0.06666666666666667
surrogate, 83, 29.0, 0.06666666666666667
surrogate, 83, 29.0, 0.06666666666666667
surrogate, 83, 29.0, 0.06666666666666667
surrogate, 83, 29.0, 0.06666666666666667
surrogate, 83, 29.0, 0.06666666666666667
surrogate, 83, 29.0, 0.06666666666666667
surrogate, 83, 29.0, 0.06666666666666667
surrogate, 83, 29.0, 0.06666666666666667
surrogate, 83, 29.0, 0.06666666666666667
surrogate, 83, 29.0, 0.06666666666666667
surrogate, 83, 29.0, 0.06666666666666667
surrogate, 83, 29.0, 0.06666666666666667
surrogate, 83, 29.0, 0.06666666666666667
surrogate, 83, 29.0, 0.06666666666666667
surrogate, 83, 29.0, 0.06666666666666667
surrogate, 83, 29.0, 0.06666666666666667
surrogate, 83, 29.0, 0.06666666666666667
surrogate, 83, 29.0, 0.06666666666666667
surrogate, 83, 29.0, 0.06666666666666667
surrogate, 83, 28.0, 0.05
surrogate, 83, 28.0, 0.05
surrogate, 83, 28.0, 0.05
surrogate, 83, 28.0, 0.05
surrogate, 83, 28.0, 0.05
surrogate, 83, 28.0, 0.05
surrogate, 83, 28.0, 0.05
surrogate, 83, 28.0, 0.05
surrogate, 83, 28.0, 0.05
surrogate, 83, 28.0, 0.05
surrogate, 83, 28.0, 0.05
surrogate, 83, 28.0, 0.05
surrogate, 83, 28.0, 0.05
surrogate, 83, 28.0, 0.05
surrogate, 83, 28.0, 0.05
surrogate, 83, 28.0, 0.05
surrogate, 83, 28.0, 0.05
surrogate, 83, 28.0, 0.05
surrogate, 83, 27.0, 0.03333333333333333
surrogate, 83, 27.0, 0.03333333333333333
surrogate, 83, 27.0, 0.03333333333333333
surrogate, 83, 27.0, 0.03333333333333333
surrogate, 83, 27.0, 0.03333333333333333
surrogate, 83, 27.0, 0.03333333333333333
surrogate, 83, 27.0, 0.03333333333333333
surrogate, 83, 27.0, 0.03333333333333333
surrogate, 83, 27.0, 0.03333333333333333
surrogate, 83, 27.0, 0.03333333333333333
surrogate, 83, 27.0, 0.03333333333333333
surrogate, 83, 27.0, 0.03333333333333333
surrogate, 83, 27.0, 0.03333333333333333
surrogate, 83, 27.0, 0.03333333333333333
surrogate, 83, 26.0, 0.016666666666666666
surrogate, 83, 26.0, 0.016666666666666666
surrogate, 83, 26.0, 0.016666666666666666
surrogate, 83, 26.0, 0.016666666666666666
surrogate, 83, 26.0, 0.016666666666666666
surrogate, 83, 26.0, 0.016666666666666666
surrogate, 83, 26.0, 0.016666666666666666
surrogate, 83, 26.0, 0.016666666666666666
surrogate, 83, 26.0, 0.016666666666666666
surrogate, 83, 26.0, 0.016666666666666666
surrogate, 83, 26.0, 0.016666666666666666
surrogate, 83, 26.0, 0.016666666666666666
surrogate, 83, 26.0, 0.016666666666666666
surrogate, 83, 26.0, 0.016666666666666666
surrogate, 83, 26.0, 0.016666666666666666
surrogate, 83, 26.0, 0.016666666666666666
surrogate, 83, 26.0, 0.016666666666666666
surrogate, 83, 26.0, 0.016666666666666666
surrogate, 83, 26.0, 0.016666666666666666
surrogate, 83, 26.0, 0.016666666666666666
surrogate, 83, 26.0, 0.016666666666666666
surrogate, 83, 26.0, 0.016666666666666666
surrogate, 83, 26.0, 0.016666666666666666
surrogate, 83, 26.0, 0.016666666666666666
surrogate, 83, 26.0, 0.016666666666666666
surrogate, 83, 26.0, 0.016666666666666666
surrogate, 83, 26.0, 0.016666666666666666
surrogate, 83, 26.0, 0.016666666666666666
surrogate, 83, 26.0, 0.016666666666666666
surrogate, 83, 26.0, 0.016666666666666666
surrogate, 83, 26.0, 0.016666666666666666
surrogate, 83, 26.0, 0.016666666666666666
surrogate, 83, 26.0, 0.016666666666666666
surrogate, 83, 26.0, 0.016666666666666666
surrogate, 83, 26.0, 0.016666666666666666
surrogate, 83, 26.0, 0.016666666666666666
surrogate, 83, 26.0, 0.016666666666666666
surrogate, 83, 26.0, 0.016666666666666666
surrogate, 83, 26.0, 0.016666666666666666
surrogate, 83, 26.0, 0.016666666666666666
surrogate, 83, 26.0, 0.016666666666666666
surrogate, 83, 26.0, 0.016666666666666666
surrogate, 83, 26.0, 0.016666666666666666
surrogate, 83, 26.0, 0.016666666666666666
surrogate, 83, 26.0, 0.016666666666666666
surrogate, 83, 26.0, 0.016666666666666666
surrogate, 83, 26.0, 0.016666666666666666
surrogate, 83, 26.0, 0.016666666666666666
surrogate, 83, 26.0, 0.016666666666666666
surrogate, 83, 26.0, 0.016666666666666666
surrogate, 83, 26.0, 0.016666666666666666
surrogate, 83, 26.0, 0.016666666666666666
surrogate, 83, 26.0, 0.016666666666666666
surrogate, 83, 26.0, 0.016666666666666666
surrogate, 83, 26.0, 0.016666666666666666
surrogate, 83, 26.0, 0.016666666666666666
surrogate, 83, 26.0, 0.016666666666666666
surrogate, 83, 26.0, 0.016666666666666666
surrogate, 83, 26.0, 0.016666666666666666
surrogate, 83, 26.0, 0.016666666666666666
surrogate, 83, 26.0, 0.016666666666666666
surrogate, 83, 26.0, 0.016666666666666666
surrogate, 83, 26.0, 0.016666666666666666
surrogate, 83, 26.0, 0.016666666666666666
surrogate, 83, 26.0, 0.016666666666666666
surrogate, 83, 26.0, 0.016666666666666666
surrogate, 83, 26.0, 0.016666666666666666
surrogate, 83, 26.0, 0.016666666666666666
surrogate, 83, 26.0, 0.016666666666666666
surrogate, 83, 26.0, 0.016666666666666666
surrogate, 83, 26.0, 0.016666666666666666
surrogate, 83, 26.0, 0.016666666666666666
surrogate, 83, 26.0, 0.016666666666666666
surrogate, 83, 26.0, 0.016666666666666666
surrogate, 83, 26.0, 0.016666666666666666
surrogate, 83, 26.0, 0.016666666666666666
surrogate, 84, 446.0, 0.9333333333333333
surrogate, 84, 231.0, 0.9
surrogate, 84, 190.0, 0.8833333333333333
surrogate, 84, 190.0, 0.8833333333333333
surrogate, 84, 190.0, 0.8833333333333333
surrogate, 84, 90.0, 0.8333333333333334
surrogate, 84, 90.0, 0.8333333333333334
surrogate, 84, 90.0, 0.8333333333333334
surrogate, 84, 66.0, 0.8
surrogate, 84, 66.0, 0.8
surrogate, 84, 66.0, 0.8
surrogate, 84, 66.0, 0.8
surrogate, 84, 57.0, 0.7666666666666667
surrogate, 84, 57.0, 0.7666666666666667
surrogate, 84, 53.0, 0.75
surrogate, 84, 46.0, 0.7166666666666667
surrogate, 84, 43.0, 0.6833333333333333
surrogate, 84, 43.0, 0.6833333333333333
surrogate, 84, 43.0, 0.6833333333333333
surrogate, 84, 43.0, 0.6833333333333333
surrogate, 84, 43.0, 0.6833333333333333
surrogate, 84, 43.0, 0.6833333333333333
surrogate, 84, 43.0, 0.6833333333333333
surrogate, 84, 43.0, 0.6833333333333333
surrogate, 84, 43.0, 0.6833333333333333
surrogate, 84, 43.0, 0.6833333333333333
surrogate, 84, 43.0, 0.6833333333333333
surrogate, 84, 39.0, 0.65
surrogate, 84, 39.0, 0.65
surrogate, 84, 39.0, 0.65
surrogate, 84, 39.0, 0.65
surrogate, 84, 34.0, 0.55
surrogate, 84, 34.0, 0.55
surrogate, 84, 34.0, 0.55
surrogate, 84, 34.0, 0.55
surrogate, 84, 34.0, 0.55
surrogate, 84, 34.0, 0.55
surrogate, 84, 34.0, 0.55
surrogate, 84, 33.0, 0.5
surrogate, 84, 33.0, 0.5
surrogate, 84, 33.0, 0.5
surrogate, 84, 33.0, 0.5
surrogate, 84, 33.0, 0.5
surrogate, 84, 33.0, 0.5
surrogate, 84, 33.0, 0.5
surrogate, 84, 33.0, 0.5
surrogate, 84, 33.0, 0.5
surrogate, 84, 33.0, 0.5
surrogate, 84, 33.0, 0.5
surrogate, 84, 33.0, 0.5
surrogate, 84, 33.0, 0.5
surrogate, 84, 33.0, 0.5
surrogate, 84, 33.0, 0.5
surrogate, 84, 33.0, 0.5
surrogate, 84, 33.0, 0.5
surrogate, 84, 33.0, 0.5
surrogate, 84, 33.0, 0.5
surrogate, 84, 33.0, 0.5
surrogate, 84, 33.0, 0.5
surrogate, 84, 33.0, 0.5
surrogate, 84, 33.0, 0.5
surrogate, 84, 33.0, 0.5
surrogate, 84, 33.0, 0.5
surrogate, 84, 32.0, 0.36666666666666664
surrogate, 84, 32.0, 0.36666666666666664
surrogate, 84, 32.0, 0.36666666666666664
surrogate, 84, 32.0, 0.36666666666666664
surrogate, 84, 32.0, 0.36666666666666664
surrogate, 84, 32.0, 0.36666666666666664
surrogate, 84, 32.0, 0.36666666666666664
surrogate, 84, 32.0, 0.36666666666666664
surrogate, 84, 32.0, 0.36666666666666664
surrogate, 84, 32.0, 0.36666666666666664
surrogate, 84, 32.0, 0.36666666666666664
surrogate, 84, 32.0, 0.36666666666666664
surrogate, 84, 32.0, 0.36666666666666664
surrogate, 84, 32.0, 0.36666666666666664
surrogate, 84, 32.0, 0.36666666666666664
surrogate, 84, 32.0, 0.36666666666666664
surrogate, 84, 32.0, 0.36666666666666664
surrogate, 84, 32.0, 0.36666666666666664
surrogate, 84, 32.0, 0.36666666666666664
surrogate, 84, 32.0, 0.36666666666666664
surrogate, 84, 32.0, 0.36666666666666664
surrogate, 84, 32.0, 0.36666666666666664
surrogate, 84, 32.0, 0.36666666666666664
surrogate, 84, 32.0, 0.36666666666666664
surrogate, 84, 32.0, 0.36666666666666664
surrogate, 84, 32.0, 0.36666666666666664
surrogate, 84, 32.0, 0.36666666666666664
surrogate, 84, 32.0, 0.36666666666666664
surrogate, 84, 32.0, 0.36666666666666664
surrogate, 84, 32.0, 0.36666666666666664
surrogate, 84, 32.0, 0.36666666666666664
surrogate, 84, 32.0, 0.36666666666666664
surrogate, 84, 32.0, 0.36666666666666664
surrogate, 84, 32.0, 0.36666666666666664
surrogate, 84, 32.0, 0.36666666666666664
surrogate, 84, 32.0, 0.36666666666666664
surrogate, 84, 32.0, 0.36666666666666664
surrogate, 84, 32.0, 0.36666666666666664
surrogate, 84, 32.0, 0.36666666666666664
surrogate, 84, 32.0, 0.36666666666666664
surrogate, 84, 32.0, 0.36666666666666664
surrogate, 84, 32.0, 0.36666666666666664
surrogate, 84, 32.0, 0.36666666666666664
surrogate, 84, 32.0, 0.36666666666666664
surrogate, 84, 32.0, 0.36666666666666664
surrogate, 84, 32.0, 0.36666666666666664
surrogate, 84, 32.0, 0.36666666666666664
surrogate, 84, 32.0, 0.36666666666666664
surrogate, 84, 32.0, 0.36666666666666664
surrogate, 84, 32.0, 0.36666666666666664
surrogate, 84, 32.0, 0.36666666666666664
surrogate, 84, 32.0, 0.36666666666666664
surrogate, 84, 32.0, 0.36666666666666664
surrogate, 84, 32.0, 0.36666666666666664
surrogate, 84, 32.0, 0.36666666666666664
surrogate, 84, 32.0, 0.36666666666666664
surrogate, 84, 32.0, 0.36666666666666664
surrogate, 84, 32.0, 0.36666666666666664
surrogate, 84, 32.0, 0.36666666666666664
surrogate, 84, 32.0, 0.36666666666666664
surrogate, 84, 32.0, 0.36666666666666664
surrogate, 84, 32.0, 0.36666666666666664
surrogate, 84, 32.0, 0.36666666666666664
surrogate, 84, 32.0, 0.36666666666666664
surrogate, 84, 32.0, 0.36666666666666664
surrogate, 84, 32.0, 0.36666666666666664
surrogate, 84, 32.0, 0.36666666666666664
surrogate, 84, 30.0, 0.26666666666666666
surrogate, 84, 30.0, 0.26666666666666666
surrogate, 84, 30.0, 0.26666666666666666
surrogate, 84, 30.0, 0.26666666666666666
surrogate, 84, 30.0, 0.26666666666666666
surrogate, 84, 30.0, 0.26666666666666666
surrogate, 84, 30.0, 0.26666666666666666
surrogate, 84, 30.0, 0.26666666666666666
surrogate, 84, 30.0, 0.26666666666666666
surrogate, 84, 30.0, 0.26666666666666666
surrogate, 84, 30.0, 0.26666666666666666
surrogate, 84, 30.0, 0.26666666666666666
surrogate, 84, 30.0, 0.26666666666666666
surrogate, 84, 30.0, 0.26666666666666666
surrogate, 84, 30.0, 0.26666666666666666
surrogate, 84, 30.0, 0.26666666666666666
surrogate, 84, 30.0, 0.26666666666666666
surrogate, 84, 30.0, 0.26666666666666666
surrogate, 84, 30.0, 0.26666666666666666
surrogate, 84, 30.0, 0.26666666666666666
surrogate, 84, 30.0, 0.26666666666666666
surrogate, 84, 30.0, 0.26666666666666666
surrogate, 84, 30.0, 0.26666666666666666
surrogate, 84, 30.0, 0.26666666666666666
surrogate, 84, 30.0, 0.26666666666666666
surrogate, 84, 30.0, 0.26666666666666666
surrogate, 84, 30.0, 0.26666666666666666
surrogate, 84, 30.0, 0.26666666666666666
surrogate, 84, 30.0, 0.26666666666666666
surrogate, 84, 30.0, 0.26666666666666666
surrogate, 84, 30.0, 0.26666666666666666
surrogate, 84, 30.0, 0.26666666666666666
surrogate, 84, 30.0, 0.26666666666666666
surrogate, 84, 30.0, 0.26666666666666666
surrogate, 84, 30.0, 0.26666666666666666
surrogate, 84, 30.0, 0.26666666666666666
surrogate, 84, 30.0, 0.26666666666666666
surrogate, 84, 30.0, 0.26666666666666666
surrogate, 84, 30.0, 0.26666666666666666
surrogate, 84, 30.0, 0.26666666666666666
surrogate, 84, 30.0, 0.26666666666666666
surrogate, 84, 30.0, 0.26666666666666666
surrogate, 84, 30.0, 0.26666666666666666
surrogate, 84, 30.0, 0.26666666666666666
surrogate, 84, 30.0, 0.26666666666666666
surrogate, 84, 30.0, 0.26666666666666666
surrogate, 84, 30.0, 0.26666666666666666
surrogate, 84, 29.0, 0.06666666666666667
surrogate, 84, 29.0, 0.06666666666666667
surrogate, 84, 29.0, 0.06666666666666667
surrogate, 84, 29.0, 0.06666666666666667
surrogate, 84, 29.0, 0.06666666666666667
surrogate, 84, 29.0, 0.06666666666666667
surrogate, 84, 29.0, 0.06666666666666667
surrogate, 84, 29.0, 0.06666666666666667
surrogate, 84, 29.0, 0.06666666666666667
surrogate, 84, 29.0, 0.06666666666666667
surrogate, 84, 29.0, 0.06666666666666667
surrogate, 84, 29.0, 0.06666666666666667
surrogate, 84, 29.0, 0.06666666666666667
surrogate, 84, 29.0, 0.06666666666666667
surrogate, 84, 29.0, 0.06666666666666667
surrogate, 84, 29.0, 0.06666666666666667
surrogate, 84, 29.0, 0.06666666666666667
surrogate, 84, 29.0, 0.06666666666666667
surrogate, 84, 29.0, 0.06666666666666667
surrogate, 84, 29.0, 0.06666666666666667
surrogate, 84, 29.0, 0.06666666666666667
surrogate, 84, 29.0, 0.06666666666666667
surrogate, 84, 29.0, 0.06666666666666667
surrogate, 84, 29.0, 0.06666666666666667
surrogate, 84, 29.0, 0.06666666666666667
surrogate, 84, 29.0, 0.06666666666666667
surrogate, 84, 29.0, 0.06666666666666667
surrogate, 84, 29.0, 0.06666666666666667
surrogate, 84, 29.0, 0.06666666666666667
surrogate, 84, 29.0, 0.06666666666666667
surrogate, 84, 29.0, 0.06666666666666667
surrogate, 84, 29.0, 0.06666666666666667
surrogate, 84, 29.0, 0.06666666666666667
surrogate, 84, 29.0, 0.06666666666666667
surrogate, 84, 29.0, 0.06666666666666667
surrogate, 84, 29.0, 0.06666666666666667
surrogate, 84, 29.0, 0.06666666666666667
surrogate, 84, 29.0, 0.06666666666666667
surrogate, 84, 29.0, 0.06666666666666667
surrogate, 84, 29.0, 0.06666666666666667
surrogate, 84, 29.0, 0.06666666666666667
surrogate, 84, 29.0, 0.06666666666666667
surrogate, 84, 29.0, 0.06666666666666667
surrogate, 84, 29.0, 0.06666666666666667
surrogate, 84, 29.0, 0.06666666666666667
surrogate, 84, 29.0, 0.06666666666666667
surrogate, 84, 29.0, 0.06666666666666667
surrogate, 84, 29.0, 0.06666666666666667
surrogate, 84, 29.0, 0.06666666666666667
surrogate, 84, 29.0, 0.06666666666666667
surrogate, 84, 29.0, 0.06666666666666667
surrogate, 84, 29.0, 0.06666666666666667
surrogate, 84, 29.0, 0.06666666666666667
surrogate, 84, 29.0, 0.06666666666666667
surrogate, 84, 29.0, 0.06666666666666667
surrogate, 84, 29.0, 0.06666666666666667
surrogate, 84, 29.0, 0.06666666666666667
surrogate, 84, 29.0, 0.06666666666666667
surrogate, 84, 29.0, 0.06666666666666667
surrogate, 84, 29.0, 0.06666666666666667
surrogate, 84, 29.0, 0.06666666666666667
surrogate, 84, 29.0, 0.06666666666666667
surrogate, 84, 29.0, 0.06666666666666667
surrogate, 84, 29.0, 0.06666666666666667
surrogate, 84, 29.0, 0.06666666666666667
surrogate, 84, 29.0, 0.06666666666666667
surrogate, 84, 29.0, 0.06666666666666667
surrogate, 84, 29.0, 0.06666666666666667
surrogate, 84, 28.0, 0.05
surrogate, 84, 28.0, 0.05
surrogate, 84, 28.0, 0.05
surrogate, 84, 28.0, 0.05
surrogate, 84, 28.0, 0.05
surrogate, 84, 28.0, 0.05
surrogate, 84, 28.0, 0.05
surrogate, 84, 28.0, 0.05
surrogate, 84, 28.0, 0.05
surrogate, 84, 28.0, 0.05
surrogate, 84, 28.0, 0.05
surrogate, 84, 28.0, 0.05
surrogate, 84, 28.0, 0.05
surrogate, 84, 28.0, 0.05
surrogate, 84, 28.0, 0.05
surrogate, 84, 28.0, 0.05
surrogate, 84, 28.0, 0.05
surrogate, 84, 28.0, 0.05
surrogate, 84, 27.0, 0.03333333333333333
surrogate, 84, 27.0, 0.03333333333333333
surrogate, 84, 27.0, 0.03333333333333333
surrogate, 84, 27.0, 0.03333333333333333
surrogate, 84, 27.0, 0.03333333333333333
surrogate, 84, 27.0, 0.03333333333333333
surrogate, 84, 27.0, 0.03333333333333333
surrogate, 84, 27.0, 0.03333333333333333
surrogate, 84, 27.0, 0.03333333333333333
surrogate, 84, 27.0, 0.03333333333333333
surrogate, 84, 27.0, 0.03333333333333333
surrogate, 84, 27.0, 0.03333333333333333
surrogate, 84, 27.0, 0.03333333333333333
surrogate, 84, 27.0, 0.03333333333333333
surrogate, 84, 26.0, 0.016666666666666666
surrogate, 84, 26.0, 0.016666666666666666
surrogate, 84, 26.0, 0.016666666666666666
surrogate, 84, 26.0, 0.016666666666666666
surrogate, 84, 26.0, 0.016666666666666666
surrogate, 84, 26.0, 0.016666666666666666
surrogate, 84, 26.0, 0.016666666666666666
surrogate, 84, 26.0, 0.016666666666666666
surrogate, 84, 26.0, 0.016666666666666666
surrogate, 84, 26.0, 0.016666666666666666
surrogate, 84, 26.0, 0.016666666666666666
surrogate, 84, 26.0, 0.016666666666666666
surrogate, 84, 26.0, 0.016666666666666666
surrogate, 84, 26.0, 0.016666666666666666
surrogate, 84, 26.0, 0.016666666666666666
surrogate, 84, 26.0, 0.016666666666666666
surrogate, 84, 26.0, 0.016666666666666666
surrogate, 84, 26.0, 0.016666666666666666
surrogate, 84, 26.0, 0.016666666666666666
surrogate, 84, 26.0, 0.016666666666666666
surrogate, 84, 26.0, 0.016666666666666666
surrogate, 84, 26.0, 0.016666666666666666
surrogate, 84, 26.0, 0.016666666666666666
surrogate, 84, 26.0, 0.016666666666666666
surrogate, 84, 26.0, 0.016666666666666666
surrogate, 84, 26.0, 0.016666666666666666
surrogate, 84, 26.0, 0.016666666666666666
surrogate, 84, 26.0, 0.016666666666666666
surrogate, 84, 26.0, 0.016666666666666666
surrogate, 84, 26.0, 0.016666666666666666
surrogate, 84, 26.0, 0.016666666666666666
surrogate, 84, 26.0, 0.016666666666666666
surrogate, 84, 26.0, 0.016666666666666666
surrogate, 84, 26.0, 0.016666666666666666
surrogate, 84, 26.0, 0.016666666666666666
surrogate, 84, 26.0, 0.016666666666666666
surrogate, 84, 26.0, 0.016666666666666666
surrogate, 84, 26.0, 0.016666666666666666
surrogate, 84, 26.0, 0.016666666666666666
surrogate, 84, 26.0, 0.016666666666666666
surrogate, 84, 26.0, 0.016666666666666666
surrogate, 84, 26.0, 0.016666666666666666
surrogate, 84, 26.0, 0.016666666666666666
surrogate, 84, 26.0, 0.016666666666666666
surrogate, 84, 26.0, 0.016666666666666666
surrogate, 84, 26.0, 0.016666666666666666
surrogate, 84, 26.0, 0.016666666666666666
surrogate, 84, 26.0, 0.016666666666666666
surrogate, 84, 26.0, 0.016666666666666666
surrogate, 84, 26.0, 0.016666666666666666
surrogate, 84, 26.0, 0.016666666666666666
surrogate, 84, 26.0, 0.016666666666666666
surrogate, 84, 26.0, 0.016666666666666666
surrogate, 84, 26.0, 0.016666666666666666
surrogate, 84, 26.0, 0.016666666666666666
surrogate, 84, 26.0, 0.016666666666666666
surrogate, 84, 26.0, 0.016666666666666666
surrogate, 84, 26.0, 0.016666666666666666
surrogate, 84, 26.0, 0.016666666666666666
surrogate, 84, 26.0, 0.016666666666666666
surrogate, 84, 26.0, 0.016666666666666666
surrogate, 84, 26.0, 0.016666666666666666
surrogate, 84, 26.0, 0.016666666666666666
surrogate, 84, 26.0, 0.016666666666666666
surrogate, 84, 26.0, 0.016666666666666666
surrogate, 84, 26.0, 0.016666666666666666
surrogate, 84, 26.0, 0.016666666666666666
surrogate, 84, 26.0, 0.016666666666666666
surrogate, 84, 26.0, 0.016666666666666666
surrogate, 84, 26.0, 0.016666666666666666
surrogate, 84, 26.0, 0.016666666666666666
surrogate, 84, 26.0, 0.016666666666666666
surrogate, 84, 26.0, 0.016666666666666666
surrogate, 84, 26.0, 0.016666666666666666
surrogate, 84, 26.0, 0.016666666666666666
surrogate, 84, 26.0, 0.016666666666666666
surrogate, 84, 26.0, 0.016666666666666666
surrogate, 85, 446.0, 0.9333333333333333
surrogate, 85, 231.0, 0.9
surrogate, 85, 190.0, 0.8833333333333333
surrogate, 85, 190.0, 0.8833333333333333
surrogate, 85, 190.0, 0.8833333333333333
surrogate, 85, 190.0, 0.8833333333333333
surrogate, 85, 90.0, 0.8333333333333334
surrogate, 85, 90.0, 0.8333333333333334
surrogate, 85, 90.0, 0.8333333333333334
surrogate, 85, 66.0, 0.8
surrogate, 85, 66.0, 0.8
surrogate, 85, 66.0, 0.8
surrogate, 85, 66.0, 0.8
surrogate, 85, 57.0, 0.7666666666666667
surrogate, 85, 57.0, 0.7666666666666667
surrogate, 85, 53.0, 0.75
surrogate, 85, 46.0, 0.7166666666666667
surrogate, 85, 43.0, 0.6833333333333333
surrogate, 85, 43.0, 0.6833333333333333
surrogate, 85, 43.0, 0.6833333333333333
surrogate, 85, 43.0, 0.6833333333333333
surrogate, 85, 43.0, 0.6833333333333333
surrogate, 85, 43.0, 0.6833333333333333
surrogate, 85, 43.0, 0.6833333333333333
surrogate, 85, 43.0, 0.6833333333333333
surrogate, 85, 43.0, 0.6833333333333333
surrogate, 85, 43.0, 0.6833333333333333
surrogate, 85, 43.0, 0.6833333333333333
surrogate, 85, 39.0, 0.65
surrogate, 85, 39.0, 0.65
surrogate, 85, 39.0, 0.65
surrogate, 85, 39.0, 0.65
surrogate, 85, 34.0, 0.55
surrogate, 85, 34.0, 0.55
surrogate, 85, 34.0, 0.55
surrogate, 85, 34.0, 0.55
surrogate, 85, 34.0, 0.55
surrogate, 85, 34.0, 0.55
surrogate, 85, 34.0, 0.55
surrogate, 85, 34.0, 0.55
surrogate, 85, 33.0, 0.5
surrogate, 85, 33.0, 0.5
surrogate, 85, 33.0, 0.5
surrogate, 85, 33.0, 0.5
surrogate, 85, 33.0, 0.5
surrogate, 85, 33.0, 0.5
surrogate, 85, 33.0, 0.5
surrogate, 85, 33.0, 0.5
surrogate, 85, 33.0, 0.5
surrogate, 85, 33.0, 0.5
surrogate, 85, 33.0, 0.5
surrogate, 85, 33.0, 0.5
surrogate, 85, 33.0, 0.5
surrogate, 85, 33.0, 0.5
surrogate, 85, 33.0, 0.5
surrogate, 85, 33.0, 0.5
surrogate, 85, 33.0, 0.5
surrogate, 85, 33.0, 0.5
surrogate, 85, 33.0, 0.5
surrogate, 85, 33.0, 0.5
surrogate, 85, 33.0, 0.5
surrogate, 85, 33.0, 0.5
surrogate, 85, 33.0, 0.5
surrogate, 85, 33.0, 0.5
surrogate, 85, 33.0, 0.5
surrogate, 85, 32.0, 0.36666666666666664
surrogate, 85, 32.0, 0.36666666666666664
surrogate, 85, 32.0, 0.36666666666666664
surrogate, 85, 32.0, 0.36666666666666664
surrogate, 85, 32.0, 0.36666666666666664
surrogate, 85, 32.0, 0.36666666666666664
surrogate, 85, 32.0, 0.36666666666666664
surrogate, 85, 32.0, 0.36666666666666664
surrogate, 85, 32.0, 0.36666666666666664
surrogate, 85, 32.0, 0.36666666666666664
surrogate, 85, 32.0, 0.36666666666666664
surrogate, 85, 32.0, 0.36666666666666664
surrogate, 85, 32.0, 0.36666666666666664
surrogate, 85, 32.0, 0.36666666666666664
surrogate, 85, 32.0, 0.36666666666666664
surrogate, 85, 32.0, 0.36666666666666664
surrogate, 85, 32.0, 0.36666666666666664
surrogate, 85, 32.0, 0.36666666666666664
surrogate, 85, 32.0, 0.36666666666666664
surrogate, 85, 32.0, 0.36666666666666664
surrogate, 85, 32.0, 0.36666666666666664
surrogate, 85, 32.0, 0.36666666666666664
surrogate, 85, 32.0, 0.36666666666666664
surrogate, 85, 32.0, 0.36666666666666664
surrogate, 85, 32.0, 0.36666666666666664
surrogate, 85, 32.0, 0.36666666666666664
surrogate, 85, 32.0, 0.36666666666666664
surrogate, 85, 32.0, 0.36666666666666664
surrogate, 85, 32.0, 0.36666666666666664
surrogate, 85, 32.0, 0.36666666666666664
surrogate, 85, 32.0, 0.36666666666666664
surrogate, 85, 32.0, 0.36666666666666664
surrogate, 85, 32.0, 0.36666666666666664
surrogate, 85, 32.0, 0.36666666666666664
surrogate, 85, 32.0, 0.36666666666666664
surrogate, 85, 32.0, 0.36666666666666664
surrogate, 85, 32.0, 0.36666666666666664
surrogate, 85, 32.0, 0.36666666666666664
surrogate, 85, 32.0, 0.36666666666666664
surrogate, 85, 32.0, 0.36666666666666664
surrogate, 85, 32.0, 0.36666666666666664
surrogate, 85, 32.0, 0.36666666666666664
surrogate, 85, 32.0, 0.36666666666666664
surrogate, 85, 32.0, 0.36666666666666664
surrogate, 85, 32.0, 0.36666666666666664
surrogate, 85, 32.0, 0.36666666666666664
surrogate, 85, 32.0, 0.36666666666666664
surrogate, 85, 32.0, 0.36666666666666664
surrogate, 85, 32.0, 0.36666666666666664
surrogate, 85, 32.0, 0.36666666666666664
surrogate, 85, 32.0, 0.36666666666666664
surrogate, 85, 32.0, 0.36666666666666664
surrogate, 85, 32.0, 0.36666666666666664
surrogate, 85, 32.0, 0.36666666666666664
surrogate, 85, 32.0, 0.36666666666666664
surrogate, 85, 32.0, 0.36666666666666664
surrogate, 85, 32.0, 0.36666666666666664
surrogate, 85, 32.0, 0.36666666666666664
surrogate, 85, 32.0, 0.36666666666666664
surrogate, 85, 32.0, 0.36666666666666664
surrogate, 85, 32.0, 0.36666666666666664
surrogate, 85, 32.0, 0.36666666666666664
surrogate, 85, 32.0, 0.36666666666666664
surrogate, 85, 32.0, 0.36666666666666664
surrogate, 85, 32.0, 0.36666666666666664
surrogate, 85, 32.0, 0.36666666666666664
surrogate, 85, 32.0, 0.36666666666666664
surrogate, 85, 32.0, 0.36666666666666664
surrogate, 85, 30.0, 0.26666666666666666
surrogate, 85, 30.0, 0.26666666666666666
surrogate, 85, 30.0, 0.26666666666666666
surrogate, 85, 30.0, 0.26666666666666666
surrogate, 85, 30.0, 0.26666666666666666
surrogate, 85, 30.0, 0.26666666666666666
surrogate, 85, 30.0, 0.26666666666666666
surrogate, 85, 30.0, 0.26666666666666666
surrogate, 85, 30.0, 0.26666666666666666
surrogate, 85, 30.0, 0.26666666666666666
surrogate, 85, 30.0, 0.26666666666666666
surrogate, 85, 30.0, 0.26666666666666666
surrogate, 85, 30.0, 0.26666666666666666
surrogate, 85, 30.0, 0.26666666666666666
surrogate, 85, 30.0, 0.26666666666666666
surrogate, 85, 30.0, 0.26666666666666666
surrogate, 85, 30.0, 0.26666666666666666
surrogate, 85, 30.0, 0.26666666666666666
surrogate, 85, 30.0, 0.26666666666666666
surrogate, 85, 30.0, 0.26666666666666666
surrogate, 85, 30.0, 0.26666666666666666
surrogate, 85, 30.0, 0.26666666666666666
surrogate, 85, 30.0, 0.26666666666666666
surrogate, 85, 30.0, 0.26666666666666666
surrogate, 85, 30.0, 0.26666666666666666
surrogate, 85, 30.0, 0.26666666666666666
surrogate, 85, 30.0, 0.26666666666666666
surrogate, 85, 30.0, 0.26666666666666666
surrogate, 85, 30.0, 0.26666666666666666
surrogate, 85, 30.0, 0.26666666666666666
surrogate, 85, 30.0, 0.26666666666666666
surrogate, 85, 30.0, 0.26666666666666666
surrogate, 85, 30.0, 0.26666666666666666
surrogate, 85, 30.0, 0.26666666666666666
surrogate, 85, 30.0, 0.26666666666666666
surrogate, 85, 30.0, 0.26666666666666666
surrogate, 85, 30.0, 0.26666666666666666
surrogate, 85, 30.0, 0.26666666666666666
surrogate, 85, 30.0, 0.26666666666666666
surrogate, 85, 30.0, 0.26666666666666666
surrogate, 85, 30.0, 0.26666666666666666
surrogate, 85, 30.0, 0.26666666666666666
surrogate, 85, 30.0, 0.26666666666666666
surrogate, 85, 30.0, 0.26666666666666666
surrogate, 85, 30.0, 0.26666666666666666
surrogate, 85, 30.0, 0.26666666666666666
surrogate, 85, 30.0, 0.26666666666666666
surrogate, 85, 29.0, 0.06666666666666667
surrogate, 85, 29.0, 0.06666666666666667
surrogate, 85, 29.0, 0.06666666666666667
surrogate, 85, 29.0, 0.06666666666666667
surrogate, 85, 29.0, 0.06666666666666667
surrogate, 85, 29.0, 0.06666666666666667
surrogate, 85, 29.0, 0.06666666666666667
surrogate, 85, 29.0, 0.06666666666666667
surrogate, 85, 29.0, 0.06666666666666667
surrogate, 85, 29.0, 0.06666666666666667
surrogate, 85, 29.0, 0.06666666666666667
surrogate, 85, 29.0, 0.06666666666666667
surrogate, 85, 29.0, 0.06666666666666667
surrogate, 85, 29.0, 0.06666666666666667
surrogate, 85, 29.0, 0.06666666666666667
surrogate, 85, 29.0, 0.06666666666666667
surrogate, 85, 29.0, 0.06666666666666667
surrogate, 85, 29.0, 0.06666666666666667
surrogate, 85, 29.0, 0.06666666666666667
surrogate, 85, 29.0, 0.06666666666666667
surrogate, 85, 29.0, 0.06666666666666667
surrogate, 85, 29.0, 0.06666666666666667
surrogate, 85, 29.0, 0.06666666666666667
surrogate, 85, 29.0, 0.06666666666666667
surrogate, 85, 29.0, 0.06666666666666667
surrogate, 85, 29.0, 0.06666666666666667
surrogate, 85, 29.0, 0.06666666666666667
surrogate, 85, 29.0, 0.06666666666666667
surrogate, 85, 29.0, 0.06666666666666667
surrogate, 85, 29.0, 0.06666666666666667
surrogate, 85, 29.0, 0.06666666666666667
surrogate, 85, 29.0, 0.06666666666666667
surrogate, 85, 29.0, 0.06666666666666667
surrogate, 85, 29.0, 0.06666666666666667
surrogate, 85, 29.0, 0.06666666666666667
surrogate, 85, 29.0, 0.06666666666666667
surrogate, 85, 29.0, 0.06666666666666667
surrogate, 85, 29.0, 0.06666666666666667
surrogate, 85, 29.0, 0.06666666666666667
surrogate, 85, 29.0, 0.06666666666666667
surrogate, 85, 29.0, 0.06666666666666667
surrogate, 85, 29.0, 0.06666666666666667
surrogate, 85, 29.0, 0.06666666666666667
surrogate, 85, 29.0, 0.06666666666666667
surrogate, 85, 29.0, 0.06666666666666667
surrogate, 85, 29.0, 0.06666666666666667
surrogate, 85, 29.0, 0.06666666666666667
surrogate, 85, 29.0, 0.06666666666666667
surrogate, 85, 29.0, 0.06666666666666667
surrogate, 85, 29.0, 0.06666666666666667
surrogate, 85, 29.0, 0.06666666666666667
surrogate, 85, 29.0, 0.06666666666666667
surrogate, 85, 29.0, 0.06666666666666667
surrogate, 85, 29.0, 0.06666666666666667
surrogate, 85, 29.0, 0.06666666666666667
surrogate, 85, 29.0, 0.06666666666666667
surrogate, 85, 29.0, 0.06666666666666667
surrogate, 85, 29.0, 0.06666666666666667
surrogate, 85, 29.0, 0.06666666666666667
surrogate, 85, 29.0, 0.06666666666666667
surrogate, 85, 29.0, 0.06666666666666667
surrogate, 85, 29.0, 0.06666666666666667
surrogate, 85, 29.0, 0.06666666666666667
surrogate, 85, 29.0, 0.06666666666666667
surrogate, 85, 29.0, 0.06666666666666667
surrogate, 85, 29.0, 0.06666666666666667
surrogate, 85, 29.0, 0.06666666666666667
surrogate, 85, 29.0, 0.06666666666666667
surrogate, 85, 28.0, 0.05
surrogate, 85, 28.0, 0.05
surrogate, 85, 28.0, 0.05
surrogate, 85, 28.0, 0.05
surrogate, 85, 28.0, 0.05
surrogate, 85, 28.0, 0.05
surrogate, 85, 28.0, 0.05
surrogate, 85, 28.0, 0.05
surrogate, 85, 28.0, 0.05
surrogate, 85, 28.0, 0.05
surrogate, 85, 28.0, 0.05
surrogate, 85, 28.0, 0.05
surrogate, 85, 28.0, 0.05
surrogate, 85, 28.0, 0.05
surrogate, 85, 28.0, 0.05
surrogate, 85, 28.0, 0.05
surrogate, 85, 28.0, 0.05
surrogate, 85, 28.0, 0.05
surrogate, 85, 27.0, 0.03333333333333333
surrogate, 85, 27.0, 0.03333333333333333
surrogate, 85, 27.0, 0.03333333333333333
surrogate, 85, 27.0, 0.03333333333333333
surrogate, 85, 27.0, 0.03333333333333333
surrogate, 85, 27.0, 0.03333333333333333
surrogate, 85, 27.0, 0.03333333333333333
surrogate, 85, 27.0, 0.03333333333333333
surrogate, 85, 27.0, 0.03333333333333333
surrogate, 85, 27.0, 0.03333333333333333
surrogate, 85, 27.0, 0.03333333333333333
surrogate, 85, 27.0, 0.03333333333333333
surrogate, 85, 27.0, 0.03333333333333333
surrogate, 85, 27.0, 0.03333333333333333
surrogate, 85, 26.0, 0.016666666666666666
surrogate, 85, 26.0, 0.016666666666666666
surrogate, 85, 26.0, 0.016666666666666666
surrogate, 85, 26.0, 0.016666666666666666
surrogate, 85, 26.0, 0.016666666666666666
surrogate, 85, 26.0, 0.016666666666666666
surrogate, 85, 26.0, 0.016666666666666666
surrogate, 85, 26.0, 0.016666666666666666
surrogate, 85, 26.0, 0.016666666666666666
surrogate, 85, 26.0, 0.016666666666666666
surrogate, 85, 26.0, 0.016666666666666666
surrogate, 85, 26.0, 0.016666666666666666
surrogate, 85, 26.0, 0.016666666666666666
surrogate, 85, 26.0, 0.016666666666666666
surrogate, 85, 26.0, 0.016666666666666666
surrogate, 85, 26.0, 0.016666666666666666
surrogate, 85, 26.0, 0.016666666666666666
surrogate, 85, 26.0, 0.016666666666666666
surrogate, 85, 26.0, 0.016666666666666666
surrogate, 85, 26.0, 0.016666666666666666
surrogate, 85, 26.0, 0.016666666666666666
surrogate, 85, 26.0, 0.016666666666666666
surrogate, 85, 26.0, 0.016666666666666666
surrogate, 85, 26.0, 0.016666666666666666
surrogate, 85, 26.0, 0.016666666666666666
surrogate, 85, 26.0, 0.016666666666666666
surrogate, 85, 26.0, 0.016666666666666666
surrogate, 85, 26.0, 0.016666666666666666
surrogate, 85, 26.0, 0.016666666666666666
surrogate, 85, 26.0, 0.016666666666666666
surrogate, 85, 26.0, 0.016666666666666666
surrogate, 85, 26.0, 0.016666666666666666
surrogate, 85, 26.0, 0.016666666666666666
surrogate, 85, 26.0, 0.016666666666666666
surrogate, 85, 26.0, 0.016666666666666666
surrogate, 85, 26.0, 0.016666666666666666
surrogate, 85, 26.0, 0.016666666666666666
surrogate, 85, 26.0, 0.016666666666666666
surrogate, 85, 26.0, 0.016666666666666666
surrogate, 85, 26.0, 0.016666666666666666
surrogate, 85, 26.0, 0.016666666666666666
surrogate, 85, 26.0, 0.016666666666666666
surrogate, 85, 26.0, 0.016666666666666666
surrogate, 85, 26.0, 0.016666666666666666
surrogate, 85, 26.0, 0.016666666666666666
surrogate, 85, 26.0, 0.016666666666666666
surrogate, 85, 26.0, 0.016666666666666666
surrogate, 85, 26.0, 0.016666666666666666
surrogate, 85, 26.0, 0.016666666666666666
surrogate, 85, 26.0, 0.016666666666666666
surrogate, 85, 26.0, 0.016666666666666666
surrogate, 85, 26.0, 0.016666666666666666
surrogate, 85, 26.0, 0.016666666666666666
surrogate, 85, 26.0, 0.016666666666666666
surrogate, 85, 26.0, 0.016666666666666666
surrogate, 85, 26.0, 0.016666666666666666
surrogate, 85, 26.0, 0.016666666666666666
surrogate, 85, 26.0, 0.016666666666666666
surrogate, 85, 26.0, 0.016666666666666666
surrogate, 85, 26.0, 0.016666666666666666
surrogate, 85, 26.0, 0.016666666666666666
surrogate, 85, 26.0, 0.016666666666666666
surrogate, 85, 26.0, 0.016666666666666666
surrogate, 85, 26.0, 0.016666666666666666
surrogate, 85, 26.0, 0.016666666666666666
surrogate, 85, 26.0, 0.016666666666666666
surrogate, 85, 26.0, 0.016666666666666666
surrogate, 85, 26.0, 0.016666666666666666
surrogate, 85, 26.0, 0.016666666666666666
surrogate, 85, 26.0, 0.016666666666666666
surrogate, 85, 26.0, 0.016666666666666666
surrogate, 85, 26.0, 0.016666666666666666
surrogate, 85, 26.0, 0.016666666666666666
surrogate, 85, 26.0, 0.016666666666666666
surrogate, 85, 26.0, 0.016666666666666666
surrogate, 85, 26.0, 0.016666666666666666
surrogate, 85, 26.0, 0.016666666666666666
surrogate, 86, 446.0, 0.9333333333333333
surrogate, 86, 446.0, 0.9333333333333333
surrogate, 86, 231.0, 0.9
surrogate, 86, 231.0, 0.9
surrogate, 86, 190.0, 0.8833333333333333
surrogate, 86, 190.0, 0.8833333333333333
surrogate, 86, 190.0, 0.8833333333333333
surrogate, 86, 190.0, 0.8833333333333333
surrogate, 86, 90.0, 0.8333333333333334
surrogate, 86, 90.0, 0.8333333333333334
surrogate, 86, 90.0, 0.8333333333333334
surrogate, 86, 90.0, 0.8333333333333334
surrogate, 86, 66.0, 0.8
surrogate, 86, 66.0, 0.8
surrogate, 86, 66.0, 0.8
surrogate, 86, 66.0, 0.8
surrogate, 86, 66.0, 0.8
surrogate, 86, 57.0, 0.7666666666666667
surrogate, 86, 57.0, 0.7666666666666667
surrogate, 86, 53.0, 0.75
surrogate, 86, 46.0, 0.7166666666666667
surrogate, 86, 43.0, 0.6833333333333333
surrogate, 86, 43.0, 0.6833333333333333
surrogate, 86, 43.0, 0.6833333333333333
surrogate, 86, 43.0, 0.6833333333333333
surrogate, 86, 43.0, 0.6833333333333333
surrogate, 86, 43.0, 0.6833333333333333
surrogate, 86, 43.0, 0.6833333333333333
surrogate, 86, 43.0, 0.6833333333333333
surrogate, 86, 43.0, 0.6833333333333333
surrogate, 86, 43.0, 0.6833333333333333
surrogate, 86, 43.0, 0.6833333333333333
surrogate, 86, 39.0, 0.65
surrogate, 86, 39.0, 0.65
surrogate, 86, 39.0, 0.65
surrogate, 86, 39.0, 0.65
surrogate, 86, 39.0, 0.65
surrogate, 86, 34.0, 0.55
surrogate, 86, 34.0, 0.55
surrogate, 86, 34.0, 0.55
surrogate, 86, 34.0, 0.55
surrogate, 86, 34.0, 0.55
surrogate, 86, 34.0, 0.55
surrogate, 86, 34.0, 0.55
surrogate, 86, 34.0, 0.55
surrogate, 86, 33.0, 0.5
surrogate, 86, 33.0, 0.5
surrogate, 86, 33.0, 0.5
surrogate, 86, 33.0, 0.5
surrogate, 86, 33.0, 0.5
surrogate, 86, 33.0, 0.5
surrogate, 86, 33.0, 0.5
surrogate, 86, 33.0, 0.5
surrogate, 86, 33.0, 0.5
surrogate, 86, 33.0, 0.5
surrogate, 86, 33.0, 0.5
surrogate, 86, 33.0, 0.5
surrogate, 86, 33.0, 0.5
surrogate, 86, 33.0, 0.5
surrogate, 86, 33.0, 0.5
surrogate, 86, 33.0, 0.5
surrogate, 86, 33.0, 0.5
surrogate, 86, 33.0, 0.5
surrogate, 86, 33.0, 0.5
surrogate, 86, 33.0, 0.5
surrogate, 86, 33.0, 0.5
surrogate, 86, 33.0, 0.5
surrogate, 86, 33.0, 0.5
surrogate, 86, 33.0, 0.5
surrogate, 86, 33.0, 0.5
surrogate, 86, 32.0, 0.36666666666666664
surrogate, 86, 32.0, 0.36666666666666664
surrogate, 86, 32.0, 0.36666666666666664
surrogate, 86, 32.0, 0.36666666666666664
surrogate, 86, 32.0, 0.36666666666666664
surrogate, 86, 32.0, 0.36666666666666664
surrogate, 86, 32.0, 0.36666666666666664
surrogate, 86, 32.0, 0.36666666666666664
surrogate, 86, 32.0, 0.36666666666666664
surrogate, 86, 32.0, 0.36666666666666664
surrogate, 86, 32.0, 0.36666666666666664
surrogate, 86, 32.0, 0.36666666666666664
surrogate, 86, 32.0, 0.36666666666666664
surrogate, 86, 32.0, 0.36666666666666664
surrogate, 86, 32.0, 0.36666666666666664
surrogate, 86, 32.0, 0.36666666666666664
surrogate, 86, 32.0, 0.36666666666666664
surrogate, 86, 32.0, 0.36666666666666664
surrogate, 86, 32.0, 0.36666666666666664
surrogate, 86, 32.0, 0.36666666666666664
surrogate, 86, 32.0, 0.36666666666666664
surrogate, 86, 32.0, 0.36666666666666664
surrogate, 86, 32.0, 0.36666666666666664
surrogate, 86, 32.0, 0.36666666666666664
surrogate, 86, 32.0, 0.36666666666666664
surrogate, 86, 32.0, 0.36666666666666664
surrogate, 86, 32.0, 0.36666666666666664
surrogate, 86, 32.0, 0.36666666666666664
surrogate, 86, 32.0, 0.36666666666666664
surrogate, 86, 32.0, 0.36666666666666664
surrogate, 86, 32.0, 0.36666666666666664
surrogate, 86, 32.0, 0.36666666666666664
surrogate, 86, 32.0, 0.36666666666666664
surrogate, 86, 32.0, 0.36666666666666664
surrogate, 86, 32.0, 0.36666666666666664
surrogate, 86, 32.0, 0.36666666666666664
surrogate, 86, 32.0, 0.36666666666666664
surrogate, 86, 32.0, 0.36666666666666664
surrogate, 86, 32.0, 0.36666666666666664
surrogate, 86, 32.0, 0.36666666666666664
surrogate, 86, 32.0, 0.36666666666666664
surrogate, 86, 32.0, 0.36666666666666664
surrogate, 86, 32.0, 0.36666666666666664
surrogate, 86, 32.0, 0.36666666666666664
surrogate, 86, 32.0, 0.36666666666666664
surrogate, 86, 32.0, 0.36666666666666664
surrogate, 86, 32.0, 0.36666666666666664
surrogate, 86, 32.0, 0.36666666666666664
surrogate, 86, 32.0, 0.36666666666666664
surrogate, 86, 32.0, 0.36666666666666664
surrogate, 86, 32.0, 0.36666666666666664
surrogate, 86, 32.0, 0.36666666666666664
surrogate, 86, 32.0, 0.36666666666666664
surrogate, 86, 32.0, 0.36666666666666664
surrogate, 86, 32.0, 0.36666666666666664
surrogate, 86, 32.0, 0.36666666666666664
surrogate, 86, 32.0, 0.36666666666666664
surrogate, 86, 32.0, 0.36666666666666664
surrogate, 86, 32.0, 0.36666666666666664
surrogate, 86, 32.0, 0.36666666666666664
surrogate, 86, 32.0, 0.36666666666666664
surrogate, 86, 32.0, 0.36666666666666664
surrogate, 86, 32.0, 0.36666666666666664
surrogate, 86, 32.0, 0.36666666666666664
surrogate, 86, 32.0, 0.36666666666666664
surrogate, 86, 32.0, 0.36666666666666664
surrogate, 86, 32.0, 0.36666666666666664
surrogate, 86, 32.0, 0.36666666666666664
surrogate, 86, 32.0, 0.36666666666666664
surrogate, 86, 30.0, 0.26666666666666666
surrogate, 86, 30.0, 0.26666666666666666
surrogate, 86, 30.0, 0.26666666666666666
surrogate, 86, 30.0, 0.26666666666666666
surrogate, 86, 30.0, 0.26666666666666666
surrogate, 86, 30.0, 0.26666666666666666
surrogate, 86, 30.0, 0.26666666666666666
surrogate, 86, 30.0, 0.26666666666666666
surrogate, 86, 30.0, 0.26666666666666666
surrogate, 86, 30.0, 0.26666666666666666
surrogate, 86, 30.0, 0.26666666666666666
surrogate, 86, 30.0, 0.26666666666666666
surrogate, 86, 30.0, 0.26666666666666666
surrogate, 86, 30.0, 0.26666666666666666
surrogate, 86, 30.0, 0.26666666666666666
surrogate, 86, 30.0, 0.26666666666666666
surrogate, 86, 30.0, 0.26666666666666666
surrogate, 86, 30.0, 0.26666666666666666
surrogate, 86, 30.0, 0.26666666666666666
surrogate, 86, 30.0, 0.26666666666666666
surrogate, 86, 30.0, 0.26666666666666666
surrogate, 86, 30.0, 0.26666666666666666
surrogate, 86, 30.0, 0.26666666666666666
surrogate, 86, 30.0, 0.26666666666666666
surrogate, 86, 30.0, 0.26666666666666666
surrogate, 86, 30.0, 0.26666666666666666
surrogate, 86, 30.0, 0.26666666666666666
surrogate, 86, 30.0, 0.26666666666666666
surrogate, 86, 30.0, 0.26666666666666666
surrogate, 86, 30.0, 0.26666666666666666
surrogate, 86, 30.0, 0.26666666666666666
surrogate, 86, 30.0, 0.26666666666666666
surrogate, 86, 30.0, 0.26666666666666666
surrogate, 86, 30.0, 0.26666666666666666
surrogate, 86, 30.0, 0.26666666666666666
surrogate, 86, 30.0, 0.26666666666666666
surrogate, 86, 30.0, 0.26666666666666666
surrogate, 86, 30.0, 0.26666666666666666
surrogate, 86, 30.0, 0.26666666666666666
surrogate, 86, 30.0, 0.26666666666666666
surrogate, 86, 30.0, 0.26666666666666666
surrogate, 86, 30.0, 0.26666666666666666
surrogate, 86, 30.0, 0.26666666666666666
surrogate, 86, 30.0, 0.26666666666666666
surrogate, 86, 30.0, 0.26666666666666666
surrogate, 86, 30.0, 0.26666666666666666
surrogate, 86, 30.0, 0.26666666666666666
surrogate, 86, 30.0, 0.26666666666666666
surrogate, 86, 29.0, 0.06666666666666667
surrogate, 86, 29.0, 0.06666666666666667
surrogate, 86, 29.0, 0.06666666666666667
surrogate, 86, 29.0, 0.06666666666666667
surrogate, 86, 29.0, 0.06666666666666667
surrogate, 86, 29.0, 0.06666666666666667
surrogate, 86, 29.0, 0.06666666666666667
surrogate, 86, 29.0, 0.06666666666666667
surrogate, 86, 29.0, 0.06666666666666667
surrogate, 86, 29.0, 0.06666666666666667
surrogate, 86, 29.0, 0.06666666666666667
surrogate, 86, 29.0, 0.06666666666666667
surrogate, 86, 29.0, 0.06666666666666667
surrogate, 86, 29.0, 0.06666666666666667
surrogate, 86, 29.0, 0.06666666666666667
surrogate, 86, 29.0, 0.06666666666666667
surrogate, 86, 29.0, 0.06666666666666667
surrogate, 86, 29.0, 0.06666666666666667
surrogate, 86, 29.0, 0.06666666666666667
surrogate, 86, 29.0, 0.06666666666666667
surrogate, 86, 29.0, 0.06666666666666667
surrogate, 86, 29.0, 0.06666666666666667
surrogate, 86, 29.0, 0.06666666666666667
surrogate, 86, 29.0, 0.06666666666666667
surrogate, 86, 29.0, 0.06666666666666667
surrogate, 86, 29.0, 0.06666666666666667
surrogate, 86, 29.0, 0.06666666666666667
surrogate, 86, 29.0, 0.06666666666666667
surrogate, 86, 29.0, 0.06666666666666667
surrogate, 86, 29.0, 0.06666666666666667
surrogate, 86, 29.0, 0.06666666666666667
surrogate, 86, 29.0, 0.06666666666666667
surrogate, 86, 29.0, 0.06666666666666667
surrogate, 86, 29.0, 0.06666666666666667
surrogate, 86, 29.0, 0.06666666666666667
surrogate, 86, 29.0, 0.06666666666666667
surrogate, 86, 29.0, 0.06666666666666667
surrogate, 86, 29.0, 0.06666666666666667
surrogate, 86, 29.0, 0.06666666666666667
surrogate, 86, 29.0, 0.06666666666666667
surrogate, 86, 29.0, 0.06666666666666667
surrogate, 86, 29.0, 0.06666666666666667
surrogate, 86, 29.0, 0.06666666666666667
surrogate, 86, 29.0, 0.06666666666666667
surrogate, 86, 29.0, 0.06666666666666667
surrogate, 86, 29.0, 0.06666666666666667
surrogate, 86, 29.0, 0.06666666666666667
surrogate, 86, 29.0, 0.06666666666666667
surrogate, 86, 29.0, 0.06666666666666667
surrogate, 86, 29.0, 0.06666666666666667
surrogate, 86, 29.0, 0.06666666666666667
surrogate, 86, 29.0, 0.06666666666666667
surrogate, 86, 29.0, 0.06666666666666667
surrogate, 86, 29.0, 0.06666666666666667
surrogate, 86, 29.0, 0.06666666666666667
surrogate, 86, 29.0, 0.06666666666666667
surrogate, 86, 29.0, 0.06666666666666667
surrogate, 86, 29.0, 0.06666666666666667
surrogate, 86, 29.0, 0.06666666666666667
surrogate, 86, 29.0, 0.06666666666666667
surrogate, 86, 29.0, 0.06666666666666667
surrogate, 86, 29.0, 0.06666666666666667
surrogate, 86, 29.0, 0.06666666666666667
surrogate, 86, 29.0, 0.06666666666666667
surrogate, 86, 29.0, 0.06666666666666667
surrogate, 86, 29.0, 0.06666666666666667
surrogate, 86, 29.0, 0.06666666666666667
surrogate, 86, 29.0, 0.06666666666666667
surrogate, 86, 28.0, 0.05
surrogate, 86, 28.0, 0.05
surrogate, 86, 28.0, 0.05
surrogate, 86, 28.0, 0.05
surrogate, 86, 28.0, 0.05
surrogate, 86, 28.0, 0.05
surrogate, 86, 28.0, 0.05
surrogate, 86, 28.0, 0.05
surrogate, 86, 28.0, 0.05
surrogate, 86, 28.0, 0.05
surrogate, 86, 28.0, 0.05
surrogate, 86, 28.0, 0.05
surrogate, 86, 28.0, 0.05
surrogate, 86, 28.0, 0.05
surrogate, 86, 28.0, 0.05
surrogate, 86, 28.0, 0.05
surrogate, 86, 28.0, 0.05
surrogate, 86, 28.0, 0.05
surrogate, 86, 27.0, 0.03333333333333333
surrogate, 86, 27.0, 0.03333333333333333
surrogate, 86, 27.0, 0.03333333333333333
surrogate, 86, 27.0, 0.03333333333333333
surrogate, 86, 27.0, 0.03333333333333333
surrogate, 86, 27.0, 0.03333333333333333
surrogate, 86, 27.0, 0.03333333333333333
surrogate, 86, 27.0, 0.03333333333333333
surrogate, 86, 27.0, 0.03333333333333333
surrogate, 86, 27.0, 0.03333333333333333
surrogate, 86, 27.0, 0.03333333333333333
surrogate, 86, 27.0, 0.03333333333333333
surrogate, 86, 27.0, 0.03333333333333333
surrogate, 86, 27.0, 0.03333333333333333
surrogate, 86, 26.0, 0.016666666666666666
surrogate, 86, 26.0, 0.016666666666666666
surrogate, 86, 26.0, 0.016666666666666666
surrogate, 86, 26.0, 0.016666666666666666
surrogate, 86, 26.0, 0.016666666666666666
surrogate, 86, 26.0, 0.016666666666666666
surrogate, 86, 26.0, 0.016666666666666666
surrogate, 86, 26.0, 0.016666666666666666
surrogate, 86, 26.0, 0.016666666666666666
surrogate, 86, 26.0, 0.016666666666666666
surrogate, 86, 26.0, 0.016666666666666666
surrogate, 86, 26.0, 0.016666666666666666
surrogate, 86, 26.0, 0.016666666666666666
surrogate, 86, 26.0, 0.016666666666666666
surrogate, 86, 26.0, 0.016666666666666666
surrogate, 86, 26.0, 0.016666666666666666
surrogate, 86, 26.0, 0.016666666666666666
surrogate, 86, 26.0, 0.016666666666666666
surrogate, 86, 26.0, 0.016666666666666666
surrogate, 86, 26.0, 0.016666666666666666
surrogate, 86, 26.0, 0.016666666666666666
surrogate, 86, 26.0, 0.016666666666666666
surrogate, 86, 26.0, 0.016666666666666666
surrogate, 86, 26.0, 0.016666666666666666
surrogate, 86, 26.0, 0.016666666666666666
surrogate, 86, 26.0, 0.016666666666666666
surrogate, 86, 26.0, 0.016666666666666666
surrogate, 86, 26.0, 0.016666666666666666
surrogate, 86, 26.0, 0.016666666666666666
surrogate, 86, 26.0, 0.016666666666666666
surrogate, 86, 26.0, 0.016666666666666666
surrogate, 86, 26.0, 0.016666666666666666
surrogate, 86, 26.0, 0.016666666666666666
surrogate, 86, 26.0, 0.016666666666666666
surrogate, 86, 26.0, 0.016666666666666666
surrogate, 86, 26.0, 0.016666666666666666
surrogate, 86, 26.0, 0.016666666666666666
surrogate, 86, 26.0, 0.016666666666666666
surrogate, 86, 26.0, 0.016666666666666666
surrogate, 86, 26.0, 0.016666666666666666
surrogate, 86, 26.0, 0.016666666666666666
surrogate, 86, 26.0, 0.016666666666666666
surrogate, 86, 26.0, 0.016666666666666666
surrogate, 86, 26.0, 0.016666666666666666
surrogate, 86, 26.0, 0.016666666666666666
surrogate, 86, 26.0, 0.016666666666666666
surrogate, 86, 26.0, 0.016666666666666666
surrogate, 86, 26.0, 0.016666666666666666
surrogate, 86, 26.0, 0.016666666666666666
surrogate, 86, 26.0, 0.016666666666666666
surrogate, 86, 26.0, 0.016666666666666666
surrogate, 86, 26.0, 0.016666666666666666
surrogate, 86, 26.0, 0.016666666666666666
surrogate, 86, 26.0, 0.016666666666666666
surrogate, 86, 26.0, 0.016666666666666666
surrogate, 86, 26.0, 0.016666666666666666
surrogate, 86, 26.0, 0.016666666666666666
surrogate, 86, 26.0, 0.016666666666666666
surrogate, 86, 26.0, 0.016666666666666666
surrogate, 86, 26.0, 0.016666666666666666
surrogate, 86, 26.0, 0.016666666666666666
surrogate, 86, 26.0, 0.016666666666666666
surrogate, 86, 26.0, 0.016666666666666666
surrogate, 86, 26.0, 0.016666666666666666
surrogate, 86, 26.0, 0.016666666666666666
surrogate, 86, 26.0, 0.016666666666666666
surrogate, 86, 26.0, 0.016666666666666666
surrogate, 86, 26.0, 0.016666666666666666
surrogate, 86, 26.0, 0.016666666666666666
surrogate, 86, 26.0, 0.016666666666666666
surrogate, 86, 26.0, 0.016666666666666666
surrogate, 86, 26.0, 0.016666666666666666
surrogate, 86, 26.0, 0.016666666666666666
surrogate, 86, 26.0, 0.016666666666666666
surrogate, 86, 26.0, 0.016666666666666666
surrogate, 86, 26.0, 0.016666666666666666
surrogate, 86, 26.0, 0.016666666666666666
surrogate, 87, 363.0, 0.9333333333333333
surrogate, 87, 231.0, 0.9
surrogate, 87, 231.0, 0.9
surrogate, 87, 231.0, 0.9
surrogate, 87, 190.0, 0.8833333333333333
surrogate, 87, 190.0, 0.8833333333333333
surrogate, 87, 190.0, 0.8833333333333333
surrogate, 87, 190.0, 0.8833333333333333
surrogate, 87, 190.0, 0.8833333333333333
surrogate, 87, 90.0, 0.8333333333333334
surrogate, 87, 90.0, 0.8333333333333334
surrogate, 87, 90.0, 0.8333333333333334
surrogate, 87, 90.0, 0.8333333333333334
surrogate, 87, 90.0, 0.8333333333333334
surrogate, 87, 66.0, 0.8
surrogate, 87, 66.0, 0.8
surrogate, 87, 66.0, 0.8
surrogate, 87, 66.0, 0.8
surrogate, 87, 66.0, 0.8
surrogate, 87, 57.0, 0.7666666666666667
surrogate, 87, 57.0, 0.7666666666666667
surrogate, 87, 53.0, 0.75
surrogate, 87, 46.0, 0.7166666666666667
surrogate, 87, 43.0, 0.6833333333333333
surrogate, 87, 43.0, 0.6833333333333333
surrogate, 87, 43.0, 0.6833333333333333
surrogate, 87, 43.0, 0.6833333333333333
surrogate, 87, 43.0, 0.6833333333333333
surrogate, 87, 43.0, 0.6833333333333333
surrogate, 87, 43.0, 0.6833333333333333
surrogate, 87, 43.0, 0.6833333333333333
surrogate, 87, 43.0, 0.6833333333333333
surrogate, 87, 43.0, 0.6833333333333333
surrogate, 87, 43.0, 0.6833333333333333
surrogate, 87, 39.0, 0.65
surrogate, 87, 39.0, 0.65
surrogate, 87, 39.0, 0.65
surrogate, 87, 39.0, 0.65
surrogate, 87, 39.0, 0.65
surrogate, 87, 39.0, 0.65
surrogate, 87, 34.0, 0.55
surrogate, 87, 34.0, 0.55
surrogate, 87, 34.0, 0.55
surrogate, 87, 34.0, 0.55
surrogate, 87, 34.0, 0.55
surrogate, 87, 34.0, 0.55
surrogate, 87, 34.0, 0.55
surrogate, 87, 34.0, 0.55
surrogate, 87, 33.0, 0.5
surrogate, 87, 33.0, 0.5
surrogate, 87, 33.0, 0.5
surrogate, 87, 33.0, 0.5
surrogate, 87, 33.0, 0.5
surrogate, 87, 33.0, 0.5
surrogate, 87, 33.0, 0.5
surrogate, 87, 33.0, 0.5
surrogate, 87, 33.0, 0.5
surrogate, 87, 33.0, 0.5
surrogate, 87, 33.0, 0.5
surrogate, 87, 33.0, 0.5
surrogate, 87, 33.0, 0.5
surrogate, 87, 33.0, 0.5
surrogate, 87, 33.0, 0.5
surrogate, 87, 33.0, 0.5
surrogate, 87, 33.0, 0.5
surrogate, 87, 33.0, 0.5
surrogate, 87, 33.0, 0.5
surrogate, 87, 33.0, 0.5
surrogate, 87, 33.0, 0.5
surrogate, 87, 33.0, 0.5
surrogate, 87, 33.0, 0.5
surrogate, 87, 33.0, 0.5
surrogate, 87, 33.0, 0.5
surrogate, 87, 32.0, 0.36666666666666664
surrogate, 87, 32.0, 0.36666666666666664
surrogate, 87, 32.0, 0.36666666666666664
surrogate, 87, 32.0, 0.36666666666666664
surrogate, 87, 32.0, 0.36666666666666664
surrogate, 87, 32.0, 0.36666666666666664
surrogate, 87, 32.0, 0.36666666666666664
surrogate, 87, 32.0, 0.36666666666666664
surrogate, 87, 32.0, 0.36666666666666664
surrogate, 87, 32.0, 0.36666666666666664
surrogate, 87, 32.0, 0.36666666666666664
surrogate, 87, 32.0, 0.36666666666666664
surrogate, 87, 32.0, 0.36666666666666664
surrogate, 87, 32.0, 0.36666666666666664
surrogate, 87, 32.0, 0.36666666666666664
surrogate, 87, 32.0, 0.36666666666666664
surrogate, 87, 32.0, 0.36666666666666664
surrogate, 87, 32.0, 0.36666666666666664
surrogate, 87, 32.0, 0.36666666666666664
surrogate, 87, 32.0, 0.36666666666666664
surrogate, 87, 32.0, 0.36666666666666664
surrogate, 87, 32.0, 0.36666666666666664
surrogate, 87, 32.0, 0.36666666666666664
surrogate, 87, 32.0, 0.36666666666666664
surrogate, 87, 32.0, 0.36666666666666664
surrogate, 87, 32.0, 0.36666666666666664
surrogate, 87, 32.0, 0.36666666666666664
surrogate, 87, 32.0, 0.36666666666666664
surrogate, 87, 32.0, 0.36666666666666664
surrogate, 87, 32.0, 0.36666666666666664
surrogate, 87, 32.0, 0.36666666666666664
surrogate, 87, 32.0, 0.36666666666666664
surrogate, 87, 32.0, 0.36666666666666664
surrogate, 87, 32.0, 0.36666666666666664
surrogate, 87, 32.0, 0.36666666666666664
surrogate, 87, 32.0, 0.36666666666666664
surrogate, 87, 32.0, 0.36666666666666664
surrogate, 87, 32.0, 0.36666666666666664
surrogate, 87, 32.0, 0.36666666666666664
surrogate, 87, 32.0, 0.36666666666666664
surrogate, 87, 32.0, 0.36666666666666664
surrogate, 87, 32.0, 0.36666666666666664
surrogate, 87, 32.0, 0.36666666666666664
surrogate, 87, 32.0, 0.36666666666666664
surrogate, 87, 32.0, 0.36666666666666664
surrogate, 87, 32.0, 0.36666666666666664
surrogate, 87, 32.0, 0.36666666666666664
surrogate, 87, 32.0, 0.36666666666666664
surrogate, 87, 32.0, 0.36666666666666664
surrogate, 87, 32.0, 0.36666666666666664
surrogate, 87, 32.0, 0.36666666666666664
surrogate, 87, 32.0, 0.36666666666666664
surrogate, 87, 32.0, 0.36666666666666664
surrogate, 87, 32.0, 0.36666666666666664
surrogate, 87, 32.0, 0.36666666666666664
surrogate, 87, 32.0, 0.36666666666666664
surrogate, 87, 32.0, 0.36666666666666664
surrogate, 87, 32.0, 0.36666666666666664
surrogate, 87, 32.0, 0.36666666666666664
surrogate, 87, 32.0, 0.36666666666666664
surrogate, 87, 32.0, 0.36666666666666664
surrogate, 87, 32.0, 0.36666666666666664
surrogate, 87, 32.0, 0.36666666666666664
surrogate, 87, 32.0, 0.36666666666666664
surrogate, 87, 32.0, 0.36666666666666664
surrogate, 87, 32.0, 0.36666666666666664
surrogate, 87, 32.0, 0.36666666666666664
surrogate, 87, 32.0, 0.36666666666666664
surrogate, 87, 32.0, 0.36666666666666664
surrogate, 87, 32.0, 0.36666666666666664
surrogate, 87, 30.0, 0.26666666666666666
surrogate, 87, 30.0, 0.26666666666666666
surrogate, 87, 30.0, 0.26666666666666666
surrogate, 87, 30.0, 0.26666666666666666
surrogate, 87, 30.0, 0.26666666666666666
surrogate, 87, 30.0, 0.26666666666666666
surrogate, 87, 30.0, 0.26666666666666666
surrogate, 87, 30.0, 0.26666666666666666
surrogate, 87, 30.0, 0.26666666666666666
surrogate, 87, 30.0, 0.26666666666666666
surrogate, 87, 30.0, 0.26666666666666666
surrogate, 87, 30.0, 0.26666666666666666
surrogate, 87, 30.0, 0.26666666666666666
surrogate, 87, 30.0, 0.26666666666666666
surrogate, 87, 30.0, 0.26666666666666666
surrogate, 87, 30.0, 0.26666666666666666
surrogate, 87, 30.0, 0.26666666666666666
surrogate, 87, 30.0, 0.26666666666666666
surrogate, 87, 30.0, 0.26666666666666666
surrogate, 87, 30.0, 0.26666666666666666
surrogate, 87, 30.0, 0.26666666666666666
surrogate, 87, 30.0, 0.26666666666666666
surrogate, 87, 30.0, 0.26666666666666666
surrogate, 87, 30.0, 0.26666666666666666
surrogate, 87, 30.0, 0.26666666666666666
surrogate, 87, 30.0, 0.26666666666666666
surrogate, 87, 30.0, 0.26666666666666666
surrogate, 87, 30.0, 0.26666666666666666
surrogate, 87, 30.0, 0.26666666666666666
surrogate, 87, 30.0, 0.26666666666666666
surrogate, 87, 30.0, 0.26666666666666666
surrogate, 87, 30.0, 0.26666666666666666
surrogate, 87, 30.0, 0.26666666666666666
surrogate, 87, 30.0, 0.26666666666666666
surrogate, 87, 30.0, 0.26666666666666666
surrogate, 87, 30.0, 0.26666666666666666
surrogate, 87, 30.0, 0.26666666666666666
surrogate, 87, 30.0, 0.26666666666666666
surrogate, 87, 30.0, 0.26666666666666666
surrogate, 87, 30.0, 0.26666666666666666
surrogate, 87, 30.0, 0.26666666666666666
surrogate, 87, 30.0, 0.26666666666666666
surrogate, 87, 30.0, 0.26666666666666666
surrogate, 87, 30.0, 0.26666666666666666
surrogate, 87, 30.0, 0.26666666666666666
surrogate, 87, 30.0, 0.26666666666666666
surrogate, 87, 30.0, 0.26666666666666666
surrogate, 87, 30.0, 0.26666666666666666
surrogate, 87, 30.0, 0.26666666666666666
surrogate, 87, 29.0, 0.06666666666666667
surrogate, 87, 29.0, 0.06666666666666667
surrogate, 87, 29.0, 0.06666666666666667
surrogate, 87, 29.0, 0.06666666666666667
surrogate, 87, 29.0, 0.06666666666666667
surrogate, 87, 29.0, 0.06666666666666667
surrogate, 87, 29.0, 0.06666666666666667
surrogate, 87, 29.0, 0.06666666666666667
surrogate, 87, 29.0, 0.06666666666666667
surrogate, 87, 29.0, 0.06666666666666667
surrogate, 87, 29.0, 0.06666666666666667
surrogate, 87, 29.0, 0.06666666666666667
surrogate, 87, 29.0, 0.06666666666666667
surrogate, 87, 29.0, 0.06666666666666667
surrogate, 87, 29.0, 0.06666666666666667
surrogate, 87, 29.0, 0.06666666666666667
surrogate, 87, 29.0, 0.06666666666666667
surrogate, 87, 29.0, 0.06666666666666667
surrogate, 87, 29.0, 0.06666666666666667
surrogate, 87, 29.0, 0.06666666666666667
surrogate, 87, 29.0, 0.06666666666666667
surrogate, 87, 29.0, 0.06666666666666667
surrogate, 87, 29.0, 0.06666666666666667
surrogate, 87, 29.0, 0.06666666666666667
surrogate, 87, 29.0, 0.06666666666666667
surrogate, 87, 29.0, 0.06666666666666667
surrogate, 87, 29.0, 0.06666666666666667
surrogate, 87, 29.0, 0.06666666666666667
surrogate, 87, 29.0, 0.06666666666666667
surrogate, 87, 29.0, 0.06666666666666667
surrogate, 87, 29.0, 0.06666666666666667
surrogate, 87, 29.0, 0.06666666666666667
surrogate, 87, 29.0, 0.06666666666666667
surrogate, 87, 29.0, 0.06666666666666667
surrogate, 87, 29.0, 0.06666666666666667
surrogate, 87, 29.0, 0.06666666666666667
surrogate, 87, 29.0, 0.06666666666666667
surrogate, 87, 29.0, 0.06666666666666667
surrogate, 87, 29.0, 0.06666666666666667
surrogate, 87, 29.0, 0.06666666666666667
surrogate, 87, 29.0, 0.06666666666666667
surrogate, 87, 29.0, 0.06666666666666667
surrogate, 87, 29.0, 0.06666666666666667
surrogate, 87, 29.0, 0.06666666666666667
surrogate, 87, 29.0, 0.06666666666666667
surrogate, 87, 29.0, 0.06666666666666667
surrogate, 87, 29.0, 0.06666666666666667
surrogate, 87, 29.0, 0.06666666666666667
surrogate, 87, 29.0, 0.06666666666666667
surrogate, 87, 29.0, 0.06666666666666667
surrogate, 87, 29.0, 0.06666666666666667
surrogate, 87, 29.0, 0.06666666666666667
surrogate, 87, 29.0, 0.06666666666666667
surrogate, 87, 29.0, 0.06666666666666667
surrogate, 87, 29.0, 0.06666666666666667
surrogate, 87, 29.0, 0.06666666666666667
surrogate, 87, 29.0, 0.06666666666666667
surrogate, 87, 29.0, 0.06666666666666667
surrogate, 87, 29.0, 0.06666666666666667
surrogate, 87, 29.0, 0.06666666666666667
surrogate, 87, 29.0, 0.06666666666666667
surrogate, 87, 29.0, 0.06666666666666667
surrogate, 87, 29.0, 0.06666666666666667
surrogate, 87, 29.0, 0.06666666666666667
surrogate, 87, 29.0, 0.06666666666666667
surrogate, 87, 29.0, 0.06666666666666667
surrogate, 87, 29.0, 0.06666666666666667
surrogate, 87, 29.0, 0.06666666666666667
surrogate, 87, 29.0, 0.06666666666666667
surrogate, 87, 28.0, 0.05
surrogate, 87, 28.0, 0.05
surrogate, 87, 28.0, 0.05
surrogate, 87, 28.0, 0.05
surrogate, 87, 28.0, 0.05
surrogate, 87, 28.0, 0.05
surrogate, 87, 28.0, 0.05
surrogate, 87, 28.0, 0.05
surrogate, 87, 28.0, 0.05
surrogate, 87, 28.0, 0.05
surrogate, 87, 28.0, 0.05
surrogate, 87, 28.0, 0.05
surrogate, 87, 28.0, 0.05
surrogate, 87, 28.0, 0.05
surrogate, 87, 28.0, 0.05
surrogate, 87, 28.0, 0.05
surrogate, 87, 28.0, 0.05
surrogate, 87, 28.0, 0.05
surrogate, 87, 27.0, 0.03333333333333333
surrogate, 87, 27.0, 0.03333333333333333
surrogate, 87, 27.0, 0.03333333333333333
surrogate, 87, 27.0, 0.03333333333333333
surrogate, 87, 27.0, 0.03333333333333333
surrogate, 87, 27.0, 0.03333333333333333
surrogate, 87, 27.0, 0.03333333333333333
surrogate, 87, 27.0, 0.03333333333333333
surrogate, 87, 27.0, 0.03333333333333333
surrogate, 87, 27.0, 0.03333333333333333
surrogate, 87, 27.0, 0.03333333333333333
surrogate, 87, 27.0, 0.03333333333333333
surrogate, 87, 27.0, 0.03333333333333333
surrogate, 87, 27.0, 0.03333333333333333
surrogate, 87, 26.0, 0.016666666666666666
surrogate, 87, 26.0, 0.016666666666666666
surrogate, 87, 26.0, 0.016666666666666666
surrogate, 87, 26.0, 0.016666666666666666
surrogate, 87, 26.0, 0.016666666666666666
surrogate, 87, 26.0, 0.016666666666666666
surrogate, 87, 26.0, 0.016666666666666666
surrogate, 87, 26.0, 0.016666666666666666
surrogate, 87, 26.0, 0.016666666666666666
surrogate, 87, 26.0, 0.016666666666666666
surrogate, 87, 26.0, 0.016666666666666666
surrogate, 87, 26.0, 0.016666666666666666
surrogate, 87, 26.0, 0.016666666666666666
surrogate, 87, 26.0, 0.016666666666666666
surrogate, 87, 26.0, 0.016666666666666666
surrogate, 87, 26.0, 0.016666666666666666
surrogate, 87, 26.0, 0.016666666666666666
surrogate, 87, 26.0, 0.016666666666666666
surrogate, 87, 26.0, 0.016666666666666666
surrogate, 87, 26.0, 0.016666666666666666
surrogate, 87, 26.0, 0.016666666666666666
surrogate, 87, 26.0, 0.016666666666666666
surrogate, 87, 26.0, 0.016666666666666666
surrogate, 87, 26.0, 0.016666666666666666
surrogate, 87, 26.0, 0.016666666666666666
surrogate, 87, 26.0, 0.016666666666666666
surrogate, 87, 26.0, 0.016666666666666666
surrogate, 87, 26.0, 0.016666666666666666
surrogate, 87, 26.0, 0.016666666666666666
surrogate, 87, 26.0, 0.016666666666666666
surrogate, 87, 26.0, 0.016666666666666666
surrogate, 87, 26.0, 0.016666666666666666
surrogate, 87, 26.0, 0.016666666666666666
surrogate, 87, 26.0, 0.016666666666666666
surrogate, 87, 26.0, 0.016666666666666666
surrogate, 87, 26.0, 0.016666666666666666
surrogate, 87, 26.0, 0.016666666666666666
surrogate, 87, 26.0, 0.016666666666666666
surrogate, 87, 26.0, 0.016666666666666666
surrogate, 87, 26.0, 0.016666666666666666
surrogate, 87, 26.0, 0.016666666666666666
surrogate, 87, 26.0, 0.016666666666666666
surrogate, 87, 26.0, 0.016666666666666666
surrogate, 87, 26.0, 0.016666666666666666
surrogate, 87, 26.0, 0.016666666666666666
surrogate, 87, 26.0, 0.016666666666666666
surrogate, 87, 26.0, 0.016666666666666666
surrogate, 87, 26.0, 0.016666666666666666
surrogate, 87, 26.0, 0.016666666666666666
surrogate, 87, 26.0, 0.016666666666666666
surrogate, 87, 26.0, 0.016666666666666666
surrogate, 87, 26.0, 0.016666666666666666
surrogate, 87, 26.0, 0.016666666666666666
surrogate, 87, 26.0, 0.016666666666666666
surrogate, 87, 26.0, 0.016666666666666666
surrogate, 87, 26.0, 0.016666666666666666
surrogate, 87, 26.0, 0.016666666666666666
surrogate, 87, 26.0, 0.016666666666666666
surrogate, 87, 26.0, 0.016666666666666666
surrogate, 87, 26.0, 0.016666666666666666
surrogate, 87, 26.0, 0.016666666666666666
surrogate, 87, 26.0, 0.016666666666666666
surrogate, 87, 26.0, 0.016666666666666666
surrogate, 87, 26.0, 0.016666666666666666
surrogate, 87, 26.0, 0.016666666666666666
surrogate, 87, 26.0, 0.016666666666666666
surrogate, 87, 26.0, 0.016666666666666666
surrogate, 87, 26.0, 0.016666666666666666
surrogate, 87, 26.0, 0.016666666666666666
surrogate, 87, 26.0, 0.016666666666666666
surrogate, 87, 26.0, 0.016666666666666666
surrogate, 87, 26.0, 0.016666666666666666
surrogate, 87, 26.0, 0.016666666666666666
surrogate, 87, 26.0, 0.016666666666666666
surrogate, 87, 26.0, 0.016666666666666666
surrogate, 87, 26.0, 0.016666666666666666
surrogate, 87, 26.0, 0.016666666666666666
surrogate, 88, 363.0, 0.9333333333333333
surrogate, 88, 363.0, 0.9333333333333333
surrogate, 88, 231.0, 0.9
surrogate, 88, 231.0, 0.9
surrogate, 88, 231.0, 0.9
surrogate, 88, 190.0, 0.8833333333333333
surrogate, 88, 190.0, 0.8833333333333333
surrogate, 88, 190.0, 0.8833333333333333
surrogate, 88, 190.0, 0.8833333333333333
surrogate, 88, 190.0, 0.8833333333333333
surrogate, 88, 90.0, 0.8333333333333334
surrogate, 88, 90.0, 0.8333333333333334
surrogate, 88, 90.0, 0.8333333333333334
surrogate, 88, 90.0, 0.8333333333333334
surrogate, 88, 90.0, 0.8333333333333334
surrogate, 88, 66.0, 0.8
surrogate, 88, 66.0, 0.8
surrogate, 88, 66.0, 0.8
surrogate, 88, 66.0, 0.8
surrogate, 88, 66.0, 0.8
surrogate, 88, 57.0, 0.7666666666666667
surrogate, 88, 57.0, 0.7666666666666667
surrogate, 88, 53.0, 0.75
surrogate, 88, 46.0, 0.7166666666666667
surrogate, 88, 43.0, 0.6833333333333333
surrogate, 88, 43.0, 0.6833333333333333
surrogate, 88, 43.0, 0.6833333333333333
surrogate, 88, 43.0, 0.6833333333333333
surrogate, 88, 43.0, 0.6833333333333333
surrogate, 88, 43.0, 0.6833333333333333
surrogate, 88, 43.0, 0.6833333333333333
surrogate, 88, 43.0, 0.6833333333333333
surrogate, 88, 43.0, 0.6833333333333333
surrogate, 88, 43.0, 0.6833333333333333
surrogate, 88, 43.0, 0.6833333333333333
surrogate, 88, 39.0, 0.65
surrogate, 88, 39.0, 0.65
surrogate, 88, 39.0, 0.65
surrogate, 88, 39.0, 0.65
surrogate, 88, 39.0, 0.65
surrogate, 88, 39.0, 0.65
surrogate, 88, 34.0, 0.55
surrogate, 88, 34.0, 0.55
surrogate, 88, 34.0, 0.55
surrogate, 88, 34.0, 0.55
surrogate, 88, 34.0, 0.55
surrogate, 88, 34.0, 0.55
surrogate, 88, 34.0, 0.55
surrogate, 88, 34.0, 0.55
surrogate, 88, 33.0, 0.5
surrogate, 88, 33.0, 0.5
surrogate, 88, 33.0, 0.5
surrogate, 88, 33.0, 0.5
surrogate, 88, 33.0, 0.5
surrogate, 88, 33.0, 0.5
surrogate, 88, 33.0, 0.5
surrogate, 88, 33.0, 0.5
surrogate, 88, 33.0, 0.5
surrogate, 88, 33.0, 0.5
surrogate, 88, 33.0, 0.5
surrogate, 88, 33.0, 0.5
surrogate, 88, 33.0, 0.5
surrogate, 88, 33.0, 0.5
surrogate, 88, 33.0, 0.5
surrogate, 88, 33.0, 0.5
surrogate, 88, 33.0, 0.5
surrogate, 88, 33.0, 0.5
surrogate, 88, 33.0, 0.5
surrogate, 88, 33.0, 0.5
surrogate, 88, 33.0, 0.5
surrogate, 88, 33.0, 0.5
surrogate, 88, 33.0, 0.5
surrogate, 88, 33.0, 0.5
surrogate, 88, 33.0, 0.5
surrogate, 88, 32.0, 0.36666666666666664
surrogate, 88, 32.0, 0.36666666666666664
surrogate, 88, 32.0, 0.36666666666666664
surrogate, 88, 32.0, 0.36666666666666664
surrogate, 88, 32.0, 0.36666666666666664
surrogate, 88, 32.0, 0.36666666666666664
surrogate, 88, 32.0, 0.36666666666666664
surrogate, 88, 32.0, 0.36666666666666664
surrogate, 88, 32.0, 0.36666666666666664
surrogate, 88, 32.0, 0.36666666666666664
surrogate, 88, 32.0, 0.36666666666666664
surrogate, 88, 32.0, 0.36666666666666664
surrogate, 88, 32.0, 0.36666666666666664
surrogate, 88, 32.0, 0.36666666666666664
surrogate, 88, 32.0, 0.36666666666666664
surrogate, 88, 32.0, 0.36666666666666664
surrogate, 88, 32.0, 0.36666666666666664
surrogate, 88, 32.0, 0.36666666666666664
surrogate, 88, 32.0, 0.36666666666666664
surrogate, 88, 32.0, 0.36666666666666664
surrogate, 88, 32.0, 0.36666666666666664
surrogate, 88, 32.0, 0.36666666666666664
surrogate, 88, 32.0, 0.36666666666666664
surrogate, 88, 32.0, 0.36666666666666664
surrogate, 88, 32.0, 0.36666666666666664
surrogate, 88, 32.0, 0.36666666666666664
surrogate, 88, 32.0, 0.36666666666666664
surrogate, 88, 32.0, 0.36666666666666664
surrogate, 88, 32.0, 0.36666666666666664
surrogate, 88, 32.0, 0.36666666666666664
surrogate, 88, 32.0, 0.36666666666666664
surrogate, 88, 32.0, 0.36666666666666664
surrogate, 88, 32.0, 0.36666666666666664
surrogate, 88, 32.0, 0.36666666666666664
surrogate, 88, 32.0, 0.36666666666666664
surrogate, 88, 32.0, 0.36666666666666664
surrogate, 88, 32.0, 0.36666666666666664
surrogate, 88, 32.0, 0.36666666666666664
surrogate, 88, 32.0, 0.36666666666666664
surrogate, 88, 32.0, 0.36666666666666664
surrogate, 88, 32.0, 0.36666666666666664
surrogate, 88, 32.0, 0.36666666666666664
surrogate, 88, 32.0, 0.36666666666666664
surrogate, 88, 32.0, 0.36666666666666664
surrogate, 88, 32.0, 0.36666666666666664
surrogate, 88, 32.0, 0.36666666666666664
surrogate, 88, 32.0, 0.36666666666666664
surrogate, 88, 32.0, 0.36666666666666664
surrogate, 88, 32.0, 0.36666666666666664
surrogate, 88, 32.0, 0.36666666666666664
surrogate, 88, 32.0, 0.36666666666666664
surrogate, 88, 32.0, 0.36666666666666664
surrogate, 88, 32.0, 0.36666666666666664
surrogate, 88, 32.0, 0.36666666666666664
surrogate, 88, 32.0, 0.36666666666666664
surrogate, 88, 32.0, 0.36666666666666664
surrogate, 88, 32.0, 0.36666666666666664
surrogate, 88, 32.0, 0.36666666666666664
surrogate, 88, 32.0, 0.36666666666666664
surrogate, 88, 32.0, 0.36666666666666664
surrogate, 88, 32.0, 0.36666666666666664
surrogate, 88, 32.0, 0.36666666666666664
surrogate, 88, 32.0, 0.36666666666666664
surrogate, 88, 32.0, 0.36666666666666664
surrogate, 88, 32.0, 0.36666666666666664
surrogate, 88, 32.0, 0.36666666666666664
surrogate, 88, 32.0, 0.36666666666666664
surrogate, 88, 32.0, 0.36666666666666664
surrogate, 88, 32.0, 0.36666666666666664
surrogate, 88, 32.0, 0.36666666666666664
surrogate, 88, 32.0, 0.36666666666666664
surrogate, 88, 30.0, 0.26666666666666666
surrogate, 88, 30.0, 0.26666666666666666
surrogate, 88, 30.0, 0.26666666666666666
surrogate, 88, 30.0, 0.26666666666666666
surrogate, 88, 30.0, 0.26666666666666666
surrogate, 88, 30.0, 0.26666666666666666
surrogate, 88, 30.0, 0.26666666666666666
surrogate, 88, 30.0, 0.26666666666666666
surrogate, 88, 30.0, 0.26666666666666666
surrogate, 88, 30.0, 0.26666666666666666
surrogate, 88, 30.0, 0.26666666666666666
surrogate, 88, 30.0, 0.26666666666666666
surrogate, 88, 30.0, 0.26666666666666666
surrogate, 88, 30.0, 0.26666666666666666
surrogate, 88, 30.0, 0.26666666666666666
surrogate, 88, 30.0, 0.26666666666666666
surrogate, 88, 30.0, 0.26666666666666666
surrogate, 88, 30.0, 0.26666666666666666
surrogate, 88, 30.0, 0.26666666666666666
surrogate, 88, 30.0, 0.26666666666666666
surrogate, 88, 30.0, 0.26666666666666666
surrogate, 88, 30.0, 0.26666666666666666
surrogate, 88, 30.0, 0.26666666666666666
surrogate, 88, 30.0, 0.26666666666666666
surrogate, 88, 30.0, 0.26666666666666666
surrogate, 88, 30.0, 0.26666666666666666
surrogate, 88, 30.0, 0.26666666666666666
surrogate, 88, 30.0, 0.26666666666666666
surrogate, 88, 30.0, 0.26666666666666666
surrogate, 88, 30.0, 0.26666666666666666
surrogate, 88, 30.0, 0.26666666666666666
surrogate, 88, 30.0, 0.26666666666666666
surrogate, 88, 30.0, 0.26666666666666666
surrogate, 88, 30.0, 0.26666666666666666
surrogate, 88, 30.0, 0.26666666666666666
surrogate, 88, 30.0, 0.26666666666666666
surrogate, 88, 30.0, 0.26666666666666666
surrogate, 88, 30.0, 0.26666666666666666
surrogate, 88, 30.0, 0.26666666666666666
surrogate, 88, 30.0, 0.26666666666666666
surrogate, 88, 30.0, 0.26666666666666666
surrogate, 88, 30.0, 0.26666666666666666
surrogate, 88, 30.0, 0.26666666666666666
surrogate, 88, 30.0, 0.26666666666666666
surrogate, 88, 30.0, 0.26666666666666666
surrogate, 88, 30.0, 0.26666666666666666
surrogate, 88, 30.0, 0.26666666666666666
surrogate, 88, 30.0, 0.26666666666666666
surrogate, 88, 30.0, 0.26666666666666666
surrogate, 88, 30.0, 0.26666666666666666
surrogate, 88, 29.0, 0.06666666666666667
surrogate, 88, 29.0, 0.06666666666666667
surrogate, 88, 29.0, 0.06666666666666667
surrogate, 88, 29.0, 0.06666666666666667
surrogate, 88, 29.0, 0.06666666666666667
surrogate, 88, 29.0, 0.06666666666666667
surrogate, 88, 29.0, 0.06666666666666667
surrogate, 88, 29.0, 0.06666666666666667
surrogate, 88, 29.0, 0.06666666666666667
surrogate, 88, 29.0, 0.06666666666666667
surrogate, 88, 29.0, 0.06666666666666667
surrogate, 88, 29.0, 0.06666666666666667
surrogate, 88, 29.0, 0.06666666666666667
surrogate, 88, 29.0, 0.06666666666666667
surrogate, 88, 29.0, 0.06666666666666667
surrogate, 88, 29.0, 0.06666666666666667
surrogate, 88, 29.0, 0.06666666666666667
surrogate, 88, 29.0, 0.06666666666666667
surrogate, 88, 29.0, 0.06666666666666667
surrogate, 88, 29.0, 0.06666666666666667
surrogate, 88, 29.0, 0.06666666666666667
surrogate, 88, 29.0, 0.06666666666666667
surrogate, 88, 29.0, 0.06666666666666667
surrogate, 88, 29.0, 0.06666666666666667
surrogate, 88, 29.0, 0.06666666666666667
surrogate, 88, 29.0, 0.06666666666666667
surrogate, 88, 29.0, 0.06666666666666667
surrogate, 88, 29.0, 0.06666666666666667
surrogate, 88, 29.0, 0.06666666666666667
surrogate, 88, 29.0, 0.06666666666666667
surrogate, 88, 29.0, 0.06666666666666667
surrogate, 88, 29.0, 0.06666666666666667
surrogate, 88, 29.0, 0.06666666666666667
surrogate, 88, 29.0, 0.06666666666666667
surrogate, 88, 29.0, 0.06666666666666667
surrogate, 88, 29.0, 0.06666666666666667
surrogate, 88, 29.0, 0.06666666666666667
surrogate, 88, 29.0, 0.06666666666666667
surrogate, 88, 29.0, 0.06666666666666667
surrogate, 88, 29.0, 0.06666666666666667
surrogate, 88, 29.0, 0.06666666666666667
surrogate, 88, 29.0, 0.06666666666666667
surrogate, 88, 29.0, 0.06666666666666667
surrogate, 88, 29.0, 0.06666666666666667
surrogate, 88, 29.0, 0.06666666666666667
surrogate, 88, 29.0, 0.06666666666666667
surrogate, 88, 29.0, 0.06666666666666667
surrogate, 88, 29.0, 0.06666666666666667
surrogate, 88, 29.0, 0.06666666666666667
surrogate, 88, 29.0, 0.06666666666666667
surrogate, 88, 29.0, 0.06666666666666667
surrogate, 88, 29.0, 0.06666666666666667
surrogate, 88, 29.0, 0.06666666666666667
surrogate, 88, 29.0, 0.06666666666666667
surrogate, 88, 29.0, 0.06666666666666667
surrogate, 88, 29.0, 0.06666666666666667
surrogate, 88, 29.0, 0.06666666666666667
surrogate, 88, 29.0, 0.06666666666666667
surrogate, 88, 29.0, 0.06666666666666667
surrogate, 88, 29.0, 0.06666666666666667
surrogate, 88, 29.0, 0.06666666666666667
surrogate, 88, 29.0, 0.06666666666666667
surrogate, 88, 29.0, 0.06666666666666667
surrogate, 88, 29.0, 0.06666666666666667
surrogate, 88, 29.0, 0.06666666666666667
surrogate, 88, 29.0, 0.06666666666666667
surrogate, 88, 29.0, 0.06666666666666667
surrogate, 88, 29.0, 0.06666666666666667
surrogate, 88, 29.0, 0.06666666666666667
surrogate, 88, 29.0, 0.06666666666666667
surrogate, 88, 28.0, 0.05
surrogate, 88, 28.0, 0.05
surrogate, 88, 28.0, 0.05
surrogate, 88, 28.0, 0.05
surrogate, 88, 28.0, 0.05
surrogate, 88, 28.0, 0.05
surrogate, 88, 28.0, 0.05
surrogate, 88, 28.0, 0.05
surrogate, 88, 28.0, 0.05
surrogate, 88, 28.0, 0.05
surrogate, 88, 28.0, 0.05
surrogate, 88, 28.0, 0.05
surrogate, 88, 28.0, 0.05
surrogate, 88, 28.0, 0.05
surrogate, 88, 28.0, 0.05
surrogate, 88, 28.0, 0.05
surrogate, 88, 28.0, 0.05
surrogate, 88, 28.0, 0.05
surrogate, 88, 27.0, 0.03333333333333333
surrogate, 88, 27.0, 0.03333333333333333
surrogate, 88, 27.0, 0.03333333333333333
surrogate, 88, 27.0, 0.03333333333333333
surrogate, 88, 27.0, 0.03333333333333333
surrogate, 88, 27.0, 0.03333333333333333
surrogate, 88, 27.0, 0.03333333333333333
surrogate, 88, 27.0, 0.03333333333333333
surrogate, 88, 27.0, 0.03333333333333333
surrogate, 88, 27.0, 0.03333333333333333
surrogate, 88, 27.0, 0.03333333333333333
surrogate, 88, 27.0, 0.03333333333333333
surrogate, 88, 27.0, 0.03333333333333333
surrogate, 88, 27.0, 0.03333333333333333
surrogate, 88, 26.0, 0.016666666666666666
surrogate, 88, 26.0, 0.016666666666666666
surrogate, 88, 26.0, 0.016666666666666666
surrogate, 88, 26.0, 0.016666666666666666
surrogate, 88, 26.0, 0.016666666666666666
surrogate, 88, 26.0, 0.016666666666666666
surrogate, 88, 26.0, 0.016666666666666666
surrogate, 88, 26.0, 0.016666666666666666
surrogate, 88, 26.0, 0.016666666666666666
surrogate, 88, 26.0, 0.016666666666666666
surrogate, 88, 26.0, 0.016666666666666666
surrogate, 88, 26.0, 0.016666666666666666
surrogate, 88, 26.0, 0.016666666666666666
surrogate, 88, 26.0, 0.016666666666666666
surrogate, 88, 26.0, 0.016666666666666666
surrogate, 88, 26.0, 0.016666666666666666
surrogate, 88, 26.0, 0.016666666666666666
surrogate, 88, 26.0, 0.016666666666666666
surrogate, 88, 26.0, 0.016666666666666666
surrogate, 88, 26.0, 0.016666666666666666
surrogate, 88, 26.0, 0.016666666666666666
surrogate, 88, 26.0, 0.016666666666666666
surrogate, 88, 26.0, 0.016666666666666666
surrogate, 88, 26.0, 0.016666666666666666
surrogate, 88, 26.0, 0.016666666666666666
surrogate, 88, 26.0, 0.016666666666666666
surrogate, 88, 26.0, 0.016666666666666666
surrogate, 88, 26.0, 0.016666666666666666
surrogate, 88, 26.0, 0.016666666666666666
surrogate, 88, 26.0, 0.016666666666666666
surrogate, 88, 26.0, 0.016666666666666666
surrogate, 88, 26.0, 0.016666666666666666
surrogate, 88, 26.0, 0.016666666666666666
surrogate, 88, 26.0, 0.016666666666666666
surrogate, 88, 26.0, 0.016666666666666666
surrogate, 88, 26.0, 0.016666666666666666
surrogate, 88, 26.0, 0.016666666666666666
surrogate, 88, 26.0, 0.016666666666666666
surrogate, 88, 26.0, 0.016666666666666666
surrogate, 88, 26.0, 0.016666666666666666
surrogate, 88, 26.0, 0.016666666666666666
surrogate, 88, 26.0, 0.016666666666666666
surrogate, 88, 26.0, 0.016666666666666666
surrogate, 88, 26.0, 0.016666666666666666
surrogate, 88, 26.0, 0.016666666666666666
surrogate, 88, 26.0, 0.016666666666666666
surrogate, 88, 26.0, 0.016666666666666666
surrogate, 88, 26.0, 0.016666666666666666
surrogate, 88, 26.0, 0.016666666666666666
surrogate, 88, 26.0, 0.016666666666666666
surrogate, 88, 26.0, 0.016666666666666666
surrogate, 88, 26.0, 0.016666666666666666
surrogate, 88, 26.0, 0.016666666666666666
surrogate, 88, 26.0, 0.016666666666666666
surrogate, 88, 26.0, 0.016666666666666666
surrogate, 88, 26.0, 0.016666666666666666
surrogate, 88, 26.0, 0.016666666666666666
surrogate, 88, 26.0, 0.016666666666666666
surrogate, 88, 26.0, 0.016666666666666666
surrogate, 88, 26.0, 0.016666666666666666
surrogate, 88, 26.0, 0.016666666666666666
surrogate, 88, 26.0, 0.016666666666666666
surrogate, 88, 26.0, 0.016666666666666666
surrogate, 88, 26.0, 0.016666666666666666
surrogate, 88, 26.0, 0.016666666666666666
surrogate, 88, 26.0, 0.016666666666666666
surrogate, 88, 26.0, 0.016666666666666666
surrogate, 88, 26.0, 0.016666666666666666
surrogate, 88, 26.0, 0.016666666666666666
surrogate, 88, 26.0, 0.016666666666666666
surrogate, 88, 26.0, 0.016666666666666666
surrogate, 88, 26.0, 0.016666666666666666
surrogate, 88, 26.0, 0.016666666666666666
surrogate, 88, 26.0, 0.016666666666666666
surrogate, 88, 26.0, 0.016666666666666666
surrogate, 88, 26.0, 0.016666666666666666
surrogate, 88, 26.0, 0.016666666666666666
surrogate, 89, 363.0, 0.9333333333333333
surrogate, 89, 363.0, 0.9333333333333333
surrogate, 89, 231.0, 0.9
surrogate, 89, 231.0, 0.9
surrogate, 89, 231.0, 0.9
surrogate, 89, 189.0, 0.8833333333333333
surrogate, 89, 80.0, 0.8333333333333334
surrogate, 89, 66.0, 0.8
surrogate, 89, 66.0, 0.8
surrogate, 89, 66.0, 0.8
surrogate, 89, 66.0, 0.8
surrogate, 89, 66.0, 0.8
surrogate, 89, 66.0, 0.8
surrogate, 89, 57.0, 0.7666666666666667
surrogate, 89, 57.0, 0.7666666666666667
surrogate, 89, 53.0, 0.75
surrogate, 89, 46.0, 0.7166666666666667
surrogate, 89, 46.0, 0.7166666666666667
surrogate, 89, 43.0, 0.6833333333333333
surrogate, 89, 43.0, 0.6833333333333333
surrogate, 89, 43.0, 0.6833333333333333
surrogate, 89, 43.0, 0.6833333333333333
surrogate, 89, 43.0, 0.6833333333333333
surrogate, 89, 43.0, 0.6833333333333333
surrogate, 89, 43.0, 0.6833333333333333
surrogate, 89, 43.0, 0.6833333333333333
surrogate, 89, 43.0, 0.6833333333333333
surrogate, 89, 43.0, 0.6833333333333333
surrogate, 89, 43.0, 0.6833333333333333
surrogate, 89, 39.0, 0.65
surrogate, 89, 39.0, 0.65
surrogate, 89, 39.0, 0.65
surrogate, 89, 39.0, 0.65
surrogate, 89, 39.0, 0.65
surrogate, 89, 39.0, 0.65
surrogate, 89, 34.0, 0.55
surrogate, 89, 34.0, 0.55
surrogate, 89, 34.0, 0.55
surrogate, 89, 34.0, 0.55
surrogate, 89, 34.0, 0.55
surrogate, 89, 34.0, 0.55
surrogate, 89, 34.0, 0.55
surrogate, 89, 34.0, 0.55
surrogate, 89, 34.0, 0.55
surrogate, 89, 33.0, 0.5
surrogate, 89, 33.0, 0.5
surrogate, 89, 33.0, 0.5
surrogate, 89, 33.0, 0.5
surrogate, 89, 33.0, 0.5
surrogate, 89, 33.0, 0.5
surrogate, 89, 33.0, 0.5
surrogate, 89, 33.0, 0.5
surrogate, 89, 33.0, 0.5
surrogate, 89, 33.0, 0.5
surrogate, 89, 33.0, 0.5
surrogate, 89, 33.0, 0.5
surrogate, 89, 33.0, 0.5
surrogate, 89, 33.0, 0.5
surrogate, 89, 33.0, 0.5
surrogate, 89, 33.0, 0.5
surrogate, 89, 33.0, 0.5
surrogate, 89, 33.0, 0.5
surrogate, 89, 33.0, 0.5
surrogate, 89, 33.0, 0.5
surrogate, 89, 33.0, 0.5
surrogate, 89, 33.0, 0.5
surrogate, 89, 33.0, 0.5
surrogate, 89, 33.0, 0.5
surrogate, 89, 33.0, 0.5
surrogate, 89, 32.0, 0.36666666666666664
surrogate, 89, 32.0, 0.36666666666666664
surrogate, 89, 32.0, 0.36666666666666664
surrogate, 89, 32.0, 0.36666666666666664
surrogate, 89, 32.0, 0.36666666666666664
surrogate, 89, 32.0, 0.36666666666666664
surrogate, 89, 32.0, 0.36666666666666664
surrogate, 89, 32.0, 0.36666666666666664
surrogate, 89, 32.0, 0.36666666666666664
surrogate, 89, 32.0, 0.36666666666666664
surrogate, 89, 32.0, 0.36666666666666664
surrogate, 89, 32.0, 0.36666666666666664
surrogate, 89, 32.0, 0.36666666666666664
surrogate, 89, 32.0, 0.36666666666666664
surrogate, 89, 32.0, 0.36666666666666664
surrogate, 89, 32.0, 0.36666666666666664
surrogate, 89, 32.0, 0.36666666666666664
surrogate, 89, 32.0, 0.36666666666666664
surrogate, 89, 32.0, 0.36666666666666664
surrogate, 89, 32.0, 0.36666666666666664
surrogate, 89, 32.0, 0.36666666666666664
surrogate, 89, 32.0, 0.36666666666666664
surrogate, 89, 32.0, 0.36666666666666664
surrogate, 89, 32.0, 0.36666666666666664
surrogate, 89, 32.0, 0.36666666666666664
surrogate, 89, 32.0, 0.36666666666666664
surrogate, 89, 32.0, 0.36666666666666664
surrogate, 89, 32.0, 0.36666666666666664
surrogate, 89, 32.0, 0.36666666666666664
surrogate, 89, 32.0, 0.36666666666666664
surrogate, 89, 32.0, 0.36666666666666664
surrogate, 89, 32.0, 0.36666666666666664
surrogate, 89, 32.0, 0.36666666666666664
surrogate, 89, 32.0, 0.36666666666666664
surrogate, 89, 32.0, 0.36666666666666664
surrogate, 89, 32.0, 0.36666666666666664
surrogate, 89, 32.0, 0.36666666666666664
surrogate, 89, 32.0, 0.36666666666666664
surrogate, 89, 32.0, 0.36666666666666664
surrogate, 89, 32.0, 0.36666666666666664
surrogate, 89, 32.0, 0.36666666666666664
surrogate, 89, 32.0, 0.36666666666666664
surrogate, 89, 32.0, 0.36666666666666664
surrogate, 89, 32.0, 0.36666666666666664
surrogate, 89, 32.0, 0.36666666666666664
surrogate, 89, 32.0, 0.36666666666666664
surrogate, 89, 32.0, 0.36666666666666664
surrogate, 89, 32.0, 0.36666666666666664
surrogate, 89, 32.0, 0.36666666666666664
surrogate, 89, 32.0, 0.36666666666666664
surrogate, 89, 32.0, 0.36666666666666664
surrogate, 89, 32.0, 0.36666666666666664
surrogate, 89, 32.0, 0.36666666666666664
surrogate, 89, 32.0, 0.36666666666666664
surrogate, 89, 32.0, 0.36666666666666664
surrogate, 89, 32.0, 0.36666666666666664
surrogate, 89, 32.0, 0.36666666666666664
surrogate, 89, 32.0, 0.36666666666666664
surrogate, 89, 32.0, 0.36666666666666664
surrogate, 89, 32.0, 0.36666666666666664
surrogate, 89, 32.0, 0.36666666666666664
surrogate, 89, 32.0, 0.36666666666666664
surrogate, 89, 32.0, 0.36666666666666664
surrogate, 89, 32.0, 0.36666666666666664
surrogate, 89, 32.0, 0.36666666666666664
surrogate, 89, 32.0, 0.36666666666666664
surrogate, 89, 32.0, 0.36666666666666664
surrogate, 89, 32.0, 0.36666666666666664
surrogate, 89, 32.0, 0.36666666666666664
surrogate, 89, 32.0, 0.36666666666666664
surrogate, 89, 32.0, 0.36666666666666664
surrogate, 89, 32.0, 0.36666666666666664
surrogate, 89, 30.0, 0.26666666666666666
surrogate, 89, 30.0, 0.26666666666666666
surrogate, 89, 30.0, 0.26666666666666666
surrogate, 89, 30.0, 0.26666666666666666
surrogate, 89, 30.0, 0.26666666666666666
surrogate, 89, 30.0, 0.26666666666666666
surrogate, 89, 30.0, 0.26666666666666666
surrogate, 89, 30.0, 0.26666666666666666
surrogate, 89, 30.0, 0.26666666666666666
surrogate, 89, 30.0, 0.26666666666666666
surrogate, 89, 30.0, 0.26666666666666666
surrogate, 89, 30.0, 0.26666666666666666
surrogate, 89, 30.0, 0.26666666666666666
surrogate, 89, 30.0, 0.26666666666666666
surrogate, 89, 30.0, 0.26666666666666666
surrogate, 89, 30.0, 0.26666666666666666
surrogate, 89, 30.0, 0.26666666666666666
surrogate, 89, 30.0, 0.26666666666666666
surrogate, 89, 30.0, 0.26666666666666666
surrogate, 89, 30.0, 0.26666666666666666
surrogate, 89, 30.0, 0.26666666666666666
surrogate, 89, 30.0, 0.26666666666666666
surrogate, 89, 30.0, 0.26666666666666666
surrogate, 89, 30.0, 0.26666666666666666
surrogate, 89, 30.0, 0.26666666666666666
surrogate, 89, 30.0, 0.26666666666666666
surrogate, 89, 30.0, 0.26666666666666666
surrogate, 89, 30.0, 0.26666666666666666
surrogate, 89, 30.0, 0.26666666666666666
surrogate, 89, 30.0, 0.26666666666666666
surrogate, 89, 30.0, 0.26666666666666666
surrogate, 89, 30.0, 0.26666666666666666
surrogate, 89, 30.0, 0.26666666666666666
surrogate, 89, 30.0, 0.26666666666666666
surrogate, 89, 30.0, 0.26666666666666666
surrogate, 89, 30.0, 0.26666666666666666
surrogate, 89, 30.0, 0.26666666666666666
surrogate, 89, 30.0, 0.26666666666666666
surrogate, 89, 30.0, 0.26666666666666666
surrogate, 89, 30.0, 0.26666666666666666
surrogate, 89, 30.0, 0.26666666666666666
surrogate, 89, 30.0, 0.26666666666666666
surrogate, 89, 30.0, 0.26666666666666666
surrogate, 89, 30.0, 0.26666666666666666
surrogate, 89, 30.0, 0.26666666666666666
surrogate, 89, 30.0, 0.26666666666666666
surrogate, 89, 30.0, 0.26666666666666666
surrogate, 89, 30.0, 0.26666666666666666
surrogate, 89, 30.0, 0.26666666666666666
surrogate, 89, 30.0, 0.26666666666666666
surrogate, 89, 30.0, 0.26666666666666666
surrogate, 89, 29.0, 0.06666666666666667
surrogate, 89, 29.0, 0.06666666666666667
surrogate, 89, 29.0, 0.06666666666666667
surrogate, 89, 29.0, 0.06666666666666667
surrogate, 89, 29.0, 0.06666666666666667
surrogate, 89, 29.0, 0.06666666666666667
surrogate, 89, 29.0, 0.06666666666666667
surrogate, 89, 29.0, 0.06666666666666667
surrogate, 89, 29.0, 0.06666666666666667
surrogate, 89, 29.0, 0.06666666666666667
surrogate, 89, 29.0, 0.06666666666666667
surrogate, 89, 29.0, 0.06666666666666667
surrogate, 89, 29.0, 0.06666666666666667
surrogate, 89, 29.0, 0.06666666666666667
surrogate, 89, 29.0, 0.06666666666666667
surrogate, 89, 29.0, 0.06666666666666667
surrogate, 89, 29.0, 0.06666666666666667
surrogate, 89, 29.0, 0.06666666666666667
surrogate, 89, 29.0, 0.06666666666666667
surrogate, 89, 29.0, 0.06666666666666667
surrogate, 89, 29.0, 0.06666666666666667
surrogate, 89, 29.0, 0.06666666666666667
surrogate, 89, 29.0, 0.06666666666666667
surrogate, 89, 29.0, 0.06666666666666667
surrogate, 89, 29.0, 0.06666666666666667
surrogate, 89, 29.0, 0.06666666666666667
surrogate, 89, 29.0, 0.06666666666666667
surrogate, 89, 29.0, 0.06666666666666667
surrogate, 89, 29.0, 0.06666666666666667
surrogate, 89, 29.0, 0.06666666666666667
surrogate, 89, 29.0, 0.06666666666666667
surrogate, 89, 29.0, 0.06666666666666667
surrogate, 89, 29.0, 0.06666666666666667
surrogate, 89, 29.0, 0.06666666666666667
surrogate, 89, 29.0, 0.06666666666666667
surrogate, 89, 29.0, 0.06666666666666667
surrogate, 89, 29.0, 0.06666666666666667
surrogate, 89, 29.0, 0.06666666666666667
surrogate, 89, 29.0, 0.06666666666666667
surrogate, 89, 29.0, 0.06666666666666667
surrogate, 89, 29.0, 0.06666666666666667
surrogate, 89, 29.0, 0.06666666666666667
surrogate, 89, 29.0, 0.06666666666666667
surrogate, 89, 29.0, 0.06666666666666667
surrogate, 89, 29.0, 0.06666666666666667
surrogate, 89, 29.0, 0.06666666666666667
surrogate, 89, 29.0, 0.06666666666666667
surrogate, 89, 29.0, 0.06666666666666667
surrogate, 89, 29.0, 0.06666666666666667
surrogate, 89, 29.0, 0.06666666666666667
surrogate, 89, 29.0, 0.06666666666666667
surrogate, 89, 29.0, 0.06666666666666667
surrogate, 89, 29.0, 0.06666666666666667
surrogate, 89, 29.0, 0.06666666666666667
surrogate, 89, 29.0, 0.06666666666666667
surrogate, 89, 29.0, 0.06666666666666667
surrogate, 89, 29.0, 0.06666666666666667
surrogate, 89, 29.0, 0.06666666666666667
surrogate, 89, 29.0, 0.06666666666666667
surrogate, 89, 29.0, 0.06666666666666667
surrogate, 89, 29.0, 0.06666666666666667
surrogate, 89, 29.0, 0.06666666666666667
surrogate, 89, 29.0, 0.06666666666666667
surrogate, 89, 29.0, 0.06666666666666667
surrogate, 89, 29.0, 0.06666666666666667
surrogate, 89, 29.0, 0.06666666666666667
surrogate, 89, 29.0, 0.06666666666666667
surrogate, 89, 29.0, 0.06666666666666667
surrogate, 89, 29.0, 0.06666666666666667
surrogate, 89, 29.0, 0.06666666666666667
surrogate, 89, 29.0, 0.06666666666666667
surrogate, 89, 28.0, 0.05
surrogate, 89, 28.0, 0.05
surrogate, 89, 28.0, 0.05
surrogate, 89, 28.0, 0.05
surrogate, 89, 28.0, 0.05
surrogate, 89, 28.0, 0.05
surrogate, 89, 28.0, 0.05
surrogate, 89, 28.0, 0.05
surrogate, 89, 28.0, 0.05
surrogate, 89, 28.0, 0.05
surrogate, 89, 28.0, 0.05
surrogate, 89, 28.0, 0.05
surrogate, 89, 28.0, 0.05
surrogate, 89, 28.0, 0.05
surrogate, 89, 28.0, 0.05
surrogate, 89, 28.0, 0.05
surrogate, 89, 28.0, 0.05
surrogate, 89, 28.0, 0.05
surrogate, 89, 27.0, 0.03333333333333333
surrogate, 89, 27.0, 0.03333333333333333
surrogate, 89, 27.0, 0.03333333333333333
surrogate, 89, 27.0, 0.03333333333333333
surrogate, 89, 27.0, 0.03333333333333333
surrogate, 89, 27.0, 0.03333333333333333
surrogate, 89, 27.0, 0.03333333333333333
surrogate, 89, 27.0, 0.03333333333333333
surrogate, 89, 27.0, 0.03333333333333333
surrogate, 89, 27.0, 0.03333333333333333
surrogate, 89, 27.0, 0.03333333333333333
surrogate, 89, 27.0, 0.03333333333333333
surrogate, 89, 27.0, 0.03333333333333333
surrogate, 89, 27.0, 0.03333333333333333
surrogate, 89, 26.0, 0.016666666666666666
surrogate, 89, 26.0, 0.016666666666666666
surrogate, 89, 26.0, 0.016666666666666666
surrogate, 89, 26.0, 0.016666666666666666
surrogate, 89, 26.0, 0.016666666666666666
surrogate, 89, 26.0, 0.016666666666666666
surrogate, 89, 26.0, 0.016666666666666666
surrogate, 89, 26.0, 0.016666666666666666
surrogate, 89, 26.0, 0.016666666666666666
surrogate, 89, 26.0, 0.016666666666666666
surrogate, 89, 26.0, 0.016666666666666666
surrogate, 89, 26.0, 0.016666666666666666
surrogate, 89, 26.0, 0.016666666666666666
surrogate, 89, 26.0, 0.016666666666666666
surrogate, 89, 26.0, 0.016666666666666666
surrogate, 89, 26.0, 0.016666666666666666
surrogate, 89, 26.0, 0.016666666666666666
surrogate, 89, 26.0, 0.016666666666666666
surrogate, 89, 26.0, 0.016666666666666666
surrogate, 89, 26.0, 0.016666666666666666
surrogate, 89, 26.0, 0.016666666666666666
surrogate, 89, 26.0, 0.016666666666666666
surrogate, 89, 26.0, 0.016666666666666666
surrogate, 89, 26.0, 0.016666666666666666
surrogate, 89, 26.0, 0.016666666666666666
surrogate, 89, 26.0, 0.016666666666666666
surrogate, 89, 26.0, 0.016666666666666666
surrogate, 89, 26.0, 0.016666666666666666
surrogate, 89, 26.0, 0.016666666666666666
surrogate, 89, 26.0, 0.016666666666666666
surrogate, 89, 26.0, 0.016666666666666666
surrogate, 89, 26.0, 0.016666666666666666
surrogate, 89, 26.0, 0.016666666666666666
surrogate, 89, 26.0, 0.016666666666666666
surrogate, 89, 26.0, 0.016666666666666666
surrogate, 89, 26.0, 0.016666666666666666
surrogate, 89, 26.0, 0.016666666666666666
surrogate, 89, 26.0, 0.016666666666666666
surrogate, 89, 26.0, 0.016666666666666666
surrogate, 89, 26.0, 0.016666666666666666
surrogate, 89, 26.0, 0.016666666666666666
surrogate, 89, 26.0, 0.016666666666666666
surrogate, 89, 26.0, 0.016666666666666666
surrogate, 89, 26.0, 0.016666666666666666
surrogate, 89, 26.0, 0.016666666666666666
surrogate, 89, 26.0, 0.016666666666666666
surrogate, 89, 26.0, 0.016666666666666666
surrogate, 89, 26.0, 0.016666666666666666
surrogate, 89, 26.0, 0.016666666666666666
surrogate, 89, 26.0, 0.016666666666666666
surrogate, 89, 26.0, 0.016666666666666666
surrogate, 89, 26.0, 0.016666666666666666
surrogate, 89, 26.0, 0.016666666666666666
surrogate, 89, 26.0, 0.016666666666666666
surrogate, 89, 26.0, 0.016666666666666666
surrogate, 89, 26.0, 0.016666666666666666
surrogate, 89, 26.0, 0.016666666666666666
surrogate, 89, 26.0, 0.016666666666666666
surrogate, 89, 26.0, 0.016666666666666666
surrogate, 89, 26.0, 0.016666666666666666
surrogate, 89, 26.0, 0.016666666666666666
surrogate, 89, 26.0, 0.016666666666666666
surrogate, 89, 26.0, 0.016666666666666666
surrogate, 89, 26.0, 0.016666666666666666
surrogate, 89, 26.0, 0.016666666666666666
surrogate, 89, 26.0, 0.016666666666666666
surrogate, 89, 26.0, 0.016666666666666666
surrogate, 89, 26.0, 0.016666666666666666
surrogate, 89, 26.0, 0.016666666666666666
surrogate, 89, 26.0, 0.016666666666666666
surrogate, 89, 26.0, 0.016666666666666666
surrogate, 89, 26.0, 0.016666666666666666
surrogate, 89, 26.0, 0.016666666666666666
surrogate, 89, 26.0, 0.016666666666666666
surrogate, 89, 26.0, 0.016666666666666666
surrogate, 89, 26.0, 0.016666666666666666
surrogate, 89, 26.0, 0.016666666666666666
surrogate, 90, 363.0, 0.9333333333333333
surrogate, 90, 363.0, 0.9333333333333333
surrogate, 90, 231.0, 0.9
surrogate, 90, 231.0, 0.9
surrogate, 90, 231.0, 0.9
surrogate, 90, 231.0, 0.9
surrogate, 90, 189.0, 0.8833333333333333
surrogate, 90, 80.0, 0.8333333333333334
surrogate, 90, 66.0, 0.8
surrogate, 90, 66.0, 0.8
surrogate, 90, 66.0, 0.8
surrogate, 90, 66.0, 0.8
surrogate, 90, 66.0, 0.8
surrogate, 90, 66.0, 0.8
surrogate, 90, 66.0, 0.8
surrogate, 90, 57.0, 0.7666666666666667
surrogate, 90, 57.0, 0.7666666666666667
surrogate, 90, 53.0, 0.75
surrogate, 90, 46.0, 0.7166666666666667
surrogate, 90, 46.0, 0.7166666666666667
surrogate, 90, 43.0, 0.6833333333333333
surrogate, 90, 43.0, 0.6833333333333333
surrogate, 90, 43.0, 0.6833333333333333
surrogate, 90, 43.0, 0.6833333333333333
surrogate, 90, 43.0, 0.6833333333333333
surrogate, 90, 43.0, 0.6833333333333333
surrogate, 90, 43.0, 0.6833333333333333
surrogate, 90, 43.0, 0.6833333333333333
surrogate, 90, 43.0, 0.6833333333333333
surrogate, 90, 43.0, 0.6833333333333333
surrogate, 90, 43.0, 0.6833333333333333
surrogate, 90, 39.0, 0.65
surrogate, 90, 39.0, 0.65
surrogate, 90, 39.0, 0.65
surrogate, 90, 39.0, 0.65
surrogate, 90, 39.0, 0.65
surrogate, 90, 39.0, 0.65
surrogate, 90, 39.0, 0.65
surrogate, 90, 34.0, 0.55
surrogate, 90, 34.0, 0.55
surrogate, 90, 34.0, 0.55
surrogate, 90, 34.0, 0.55
surrogate, 90, 34.0, 0.55
surrogate, 90, 34.0, 0.55
surrogate, 90, 34.0, 0.55
surrogate, 90, 34.0, 0.55
surrogate, 90, 34.0, 0.55
surrogate, 90, 34.0, 0.55
surrogate, 90, 33.0, 0.5
surrogate, 90, 33.0, 0.5
surrogate, 90, 33.0, 0.5
surrogate, 90, 33.0, 0.5
surrogate, 90, 33.0, 0.5
surrogate, 90, 33.0, 0.5
surrogate, 90, 33.0, 0.5
surrogate, 90, 33.0, 0.5
surrogate, 90, 33.0, 0.5
surrogate, 90, 33.0, 0.5
surrogate, 90, 33.0, 0.5
surrogate, 90, 33.0, 0.5
surrogate, 90, 33.0, 0.5
surrogate, 90, 33.0, 0.5
surrogate, 90, 33.0, 0.5
surrogate, 90, 33.0, 0.5
surrogate, 90, 33.0, 0.5
surrogate, 90, 33.0, 0.5
surrogate, 90, 33.0, 0.5
surrogate, 90, 33.0, 0.5
surrogate, 90, 33.0, 0.5
surrogate, 90, 33.0, 0.5
surrogate, 90, 33.0, 0.5
surrogate, 90, 33.0, 0.5
surrogate, 90, 33.0, 0.5
surrogate, 90, 32.0, 0.36666666666666664
surrogate, 90, 32.0, 0.36666666666666664
surrogate, 90, 32.0, 0.36666666666666664
surrogate, 90, 32.0, 0.36666666666666664
surrogate, 90, 32.0, 0.36666666666666664
surrogate, 90, 32.0, 0.36666666666666664
surrogate, 90, 32.0, 0.36666666666666664
surrogate, 90, 32.0, 0.36666666666666664
surrogate, 90, 32.0, 0.36666666666666664
surrogate, 90, 32.0, 0.36666666666666664
surrogate, 90, 32.0, 0.36666666666666664
surrogate, 90, 32.0, 0.36666666666666664
surrogate, 90, 32.0, 0.36666666666666664
surrogate, 90, 32.0, 0.36666666666666664
surrogate, 90, 32.0, 0.36666666666666664
surrogate, 90, 32.0, 0.36666666666666664
surrogate, 90, 32.0, 0.36666666666666664
surrogate, 90, 32.0, 0.36666666666666664
surrogate, 90, 32.0, 0.36666666666666664
surrogate, 90, 32.0, 0.36666666666666664
surrogate, 90, 32.0, 0.36666666666666664
surrogate, 90, 32.0, 0.36666666666666664
surrogate, 90, 32.0, 0.36666666666666664
surrogate, 90, 32.0, 0.36666666666666664
surrogate, 90, 32.0, 0.36666666666666664
surrogate, 90, 32.0, 0.36666666666666664
surrogate, 90, 32.0, 0.36666666666666664
surrogate, 90, 32.0, 0.36666666666666664
surrogate, 90, 32.0, 0.36666666666666664
surrogate, 90, 32.0, 0.36666666666666664
surrogate, 90, 32.0, 0.36666666666666664
surrogate, 90, 32.0, 0.36666666666666664
surrogate, 90, 32.0, 0.36666666666666664
surrogate, 90, 32.0, 0.36666666666666664
surrogate, 90, 32.0, 0.36666666666666664
surrogate, 90, 32.0, 0.36666666666666664
surrogate, 90, 32.0, 0.36666666666666664
surrogate, 90, 32.0, 0.36666666666666664
surrogate, 90, 32.0, 0.36666666666666664
surrogate, 90, 32.0, 0.36666666666666664
surrogate, 90, 32.0, 0.36666666666666664
surrogate, 90, 32.0, 0.36666666666666664
surrogate, 90, 32.0, 0.36666666666666664
surrogate, 90, 32.0, 0.36666666666666664
surrogate, 90, 32.0, 0.36666666666666664
surrogate, 90, 32.0, 0.36666666666666664
surrogate, 90, 32.0, 0.36666666666666664
surrogate, 90, 32.0, 0.36666666666666664
surrogate, 90, 32.0, 0.36666666666666664
surrogate, 90, 32.0, 0.36666666666666664
surrogate, 90, 32.0, 0.36666666666666664
surrogate, 90, 32.0, 0.36666666666666664
surrogate, 90, 32.0, 0.36666666666666664
surrogate, 90, 32.0, 0.36666666666666664
surrogate, 90, 32.0, 0.36666666666666664
surrogate, 90, 32.0, 0.36666666666666664
surrogate, 90, 32.0, 0.36666666666666664
surrogate, 90, 32.0, 0.36666666666666664
surrogate, 90, 32.0, 0.36666666666666664
surrogate, 90, 32.0, 0.36666666666666664
surrogate, 90, 32.0, 0.36666666666666664
surrogate, 90, 32.0, 0.36666666666666664
surrogate, 90, 32.0, 0.36666666666666664
surrogate, 90, 32.0, 0.36666666666666664
surrogate, 90, 32.0, 0.36666666666666664
surrogate, 90, 32.0, 0.36666666666666664
surrogate, 90, 32.0, 0.36666666666666664
surrogate, 90, 32.0, 0.36666666666666664
surrogate, 90, 32.0, 0.36666666666666664
surrogate, 90, 32.0, 0.36666666666666664
surrogate, 90, 32.0, 0.36666666666666664
surrogate, 90, 32.0, 0.36666666666666664
surrogate, 90, 32.0, 0.36666666666666664
surrogate, 90, 30.0, 0.26666666666666666
surrogate, 90, 30.0, 0.26666666666666666
surrogate, 90, 30.0, 0.26666666666666666
surrogate, 90, 30.0, 0.26666666666666666
surrogate, 90, 30.0, 0.26666666666666666
surrogate, 90, 30.0, 0.26666666666666666
surrogate, 90, 30.0, 0.26666666666666666
surrogate, 90, 30.0, 0.26666666666666666
surrogate, 90, 30.0, 0.26666666666666666
surrogate, 90, 30.0, 0.26666666666666666
surrogate, 90, 30.0, 0.26666666666666666
surrogate, 90, 30.0, 0.26666666666666666
surrogate, 90, 30.0, 0.26666666666666666
surrogate, 90, 30.0, 0.26666666666666666
surrogate, 90, 30.0, 0.26666666666666666
surrogate, 90, 30.0, 0.26666666666666666
surrogate, 90, 30.0, 0.26666666666666666
surrogate, 90, 30.0, 0.26666666666666666
surrogate, 90, 30.0, 0.26666666666666666
surrogate, 90, 30.0, 0.26666666666666666
surrogate, 90, 30.0, 0.26666666666666666
surrogate, 90, 30.0, 0.26666666666666666
surrogate, 90, 30.0, 0.26666666666666666
surrogate, 90, 30.0, 0.26666666666666666
surrogate, 90, 30.0, 0.26666666666666666
surrogate, 90, 30.0, 0.26666666666666666
surrogate, 90, 30.0, 0.26666666666666666
surrogate, 90, 30.0, 0.26666666666666666
surrogate, 90, 30.0, 0.26666666666666666
surrogate, 90, 30.0, 0.26666666666666666
surrogate, 90, 30.0, 0.26666666666666666
surrogate, 90, 30.0, 0.26666666666666666
surrogate, 90, 30.0, 0.26666666666666666
surrogate, 90, 30.0, 0.26666666666666666
surrogate, 90, 30.0, 0.26666666666666666
surrogate, 90, 30.0, 0.26666666666666666
surrogate, 90, 30.0, 0.26666666666666666
surrogate, 90, 30.0, 0.26666666666666666
surrogate, 90, 30.0, 0.26666666666666666
surrogate, 90, 30.0, 0.26666666666666666
surrogate, 90, 30.0, 0.26666666666666666
surrogate, 90, 30.0, 0.26666666666666666
surrogate, 90, 30.0, 0.26666666666666666
surrogate, 90, 30.0, 0.26666666666666666
surrogate, 90, 30.0, 0.26666666666666666
surrogate, 90, 30.0, 0.26666666666666666
surrogate, 90, 30.0, 0.26666666666666666
surrogate, 90, 30.0, 0.26666666666666666
surrogate, 90, 30.0, 0.26666666666666666
surrogate, 90, 30.0, 0.26666666666666666
surrogate, 90, 30.0, 0.26666666666666666
surrogate, 90, 30.0, 0.26666666666666666
surrogate, 90, 29.0, 0.06666666666666667
surrogate, 90, 29.0, 0.06666666666666667
surrogate, 90, 29.0, 0.06666666666666667
surrogate, 90, 29.0, 0.06666666666666667
surrogate, 90, 29.0, 0.06666666666666667
surrogate, 90, 29.0, 0.06666666666666667
surrogate, 90, 29.0, 0.06666666666666667
surrogate, 90, 29.0, 0.06666666666666667
surrogate, 90, 29.0, 0.06666666666666667
surrogate, 90, 29.0, 0.06666666666666667
surrogate, 90, 29.0, 0.06666666666666667
surrogate, 90, 29.0, 0.06666666666666667
surrogate, 90, 29.0, 0.06666666666666667
surrogate, 90, 29.0, 0.06666666666666667
surrogate, 90, 29.0, 0.06666666666666667
surrogate, 90, 29.0, 0.06666666666666667
surrogate, 90, 29.0, 0.06666666666666667
surrogate, 90, 29.0, 0.06666666666666667
surrogate, 90, 29.0, 0.06666666666666667
surrogate, 90, 29.0, 0.06666666666666667
surrogate, 90, 29.0, 0.06666666666666667
surrogate, 90, 29.0, 0.06666666666666667
surrogate, 90, 29.0, 0.06666666666666667
surrogate, 90, 29.0, 0.06666666666666667
surrogate, 90, 29.0, 0.06666666666666667
surrogate, 90, 29.0, 0.06666666666666667
surrogate, 90, 29.0, 0.06666666666666667
surrogate, 90, 29.0, 0.06666666666666667
surrogate, 90, 29.0, 0.06666666666666667
surrogate, 90, 29.0, 0.06666666666666667
surrogate, 90, 29.0, 0.06666666666666667
surrogate, 90, 29.0, 0.06666666666666667
surrogate, 90, 29.0, 0.06666666666666667
surrogate, 90, 29.0, 0.06666666666666667
surrogate, 90, 29.0, 0.06666666666666667
surrogate, 90, 29.0, 0.06666666666666667
surrogate, 90, 29.0, 0.06666666666666667
surrogate, 90, 29.0, 0.06666666666666667
surrogate, 90, 29.0, 0.06666666666666667
surrogate, 90, 29.0, 0.06666666666666667
surrogate, 90, 29.0, 0.06666666666666667
surrogate, 90, 29.0, 0.06666666666666667
surrogate, 90, 29.0, 0.06666666666666667
surrogate, 90, 29.0, 0.06666666666666667
surrogate, 90, 29.0, 0.06666666666666667
surrogate, 90, 29.0, 0.06666666666666667
surrogate, 90, 29.0, 0.06666666666666667
surrogate, 90, 29.0, 0.06666666666666667
surrogate, 90, 29.0, 0.06666666666666667
surrogate, 90, 29.0, 0.06666666666666667
surrogate, 90, 29.0, 0.06666666666666667
surrogate, 90, 29.0, 0.06666666666666667
surrogate, 90, 29.0, 0.06666666666666667
surrogate, 90, 29.0, 0.06666666666666667
surrogate, 90, 29.0, 0.06666666666666667
surrogate, 90, 29.0, 0.06666666666666667
surrogate, 90, 29.0, 0.06666666666666667
surrogate, 90, 29.0, 0.06666666666666667
surrogate, 90, 29.0, 0.06666666666666667
surrogate, 90, 29.0, 0.06666666666666667
surrogate, 90, 29.0, 0.06666666666666667
surrogate, 90, 29.0, 0.06666666666666667
surrogate, 90, 29.0, 0.06666666666666667
surrogate, 90, 29.0, 0.06666666666666667
surrogate, 90, 29.0, 0.06666666666666667
surrogate, 90, 29.0, 0.06666666666666667
surrogate, 90, 29.0, 0.06666666666666667
surrogate, 90, 29.0, 0.06666666666666667
surrogate, 90, 29.0, 0.06666666666666667
surrogate, 90, 29.0, 0.06666666666666667
surrogate, 90, 29.0, 0.06666666666666667
surrogate, 90, 28.0, 0.05
surrogate, 90, 28.0, 0.05
surrogate, 90, 28.0, 0.05
surrogate, 90, 28.0, 0.05
surrogate, 90, 28.0, 0.05
surrogate, 90, 28.0, 0.05
surrogate, 90, 28.0, 0.05
surrogate, 90, 28.0, 0.05
surrogate, 90, 28.0, 0.05
surrogate, 90, 28.0, 0.05
surrogate, 90, 28.0, 0.05
surrogate, 90, 28.0, 0.05
surrogate, 90, 28.0, 0.05
surrogate, 90, 28.0, 0.05
surrogate, 90, 28.0, 0.05
surrogate, 90, 28.0, 0.05
surrogate, 90, 28.0, 0.05
surrogate, 90, 28.0, 0.05
surrogate, 90, 27.0, 0.03333333333333333
surrogate, 90, 27.0, 0.03333333333333333
surrogate, 90, 27.0, 0.03333333333333333
surrogate, 90, 27.0, 0.03333333333333333
surrogate, 90, 27.0, 0.03333333333333333
surrogate, 90, 27.0, 0.03333333333333333
surrogate, 90, 27.0, 0.03333333333333333
surrogate, 90, 27.0, 0.03333333333333333
surrogate, 90, 27.0, 0.03333333333333333
surrogate, 90, 27.0, 0.03333333333333333
surrogate, 90, 27.0, 0.03333333333333333
surrogate, 90, 27.0, 0.03333333333333333
surrogate, 90, 27.0, 0.03333333333333333
surrogate, 90, 27.0, 0.03333333333333333
surrogate, 90, 26.0, 0.016666666666666666
surrogate, 90, 26.0, 0.016666666666666666
surrogate, 90, 26.0, 0.016666666666666666
surrogate, 90, 26.0, 0.016666666666666666
surrogate, 90, 26.0, 0.016666666666666666
surrogate, 90, 26.0, 0.016666666666666666
surrogate, 90, 26.0, 0.016666666666666666
surrogate, 90, 26.0, 0.016666666666666666
surrogate, 90, 26.0, 0.016666666666666666
surrogate, 90, 26.0, 0.016666666666666666
surrogate, 90, 26.0, 0.016666666666666666
surrogate, 90, 26.0, 0.016666666666666666
surrogate, 90, 26.0, 0.016666666666666666
surrogate, 90, 26.0, 0.016666666666666666
surrogate, 90, 26.0, 0.016666666666666666
surrogate, 90, 26.0, 0.016666666666666666
surrogate, 90, 26.0, 0.016666666666666666
surrogate, 90, 26.0, 0.016666666666666666
surrogate, 90, 26.0, 0.016666666666666666
surrogate, 90, 26.0, 0.016666666666666666
surrogate, 90, 26.0, 0.016666666666666666
surrogate, 90, 26.0, 0.016666666666666666
surrogate, 90, 26.0, 0.016666666666666666
surrogate, 90, 26.0, 0.016666666666666666
surrogate, 90, 26.0, 0.016666666666666666
surrogate, 90, 26.0, 0.016666666666666666
surrogate, 90, 26.0, 0.016666666666666666
surrogate, 90, 26.0, 0.016666666666666666
surrogate, 90, 26.0, 0.016666666666666666
surrogate, 90, 26.0, 0.016666666666666666
surrogate, 90, 26.0, 0.016666666666666666
surrogate, 90, 26.0, 0.016666666666666666
surrogate, 90, 26.0, 0.016666666666666666
surrogate, 90, 26.0, 0.016666666666666666
surrogate, 90, 26.0, 0.016666666666666666
surrogate, 90, 26.0, 0.016666666666666666
surrogate, 90, 26.0, 0.016666666666666666
surrogate, 90, 26.0, 0.016666666666666666
surrogate, 90, 26.0, 0.016666666666666666
surrogate, 90, 26.0, 0.016666666666666666
surrogate, 90, 26.0, 0.016666666666666666
surrogate, 90, 26.0, 0.016666666666666666
surrogate, 90, 26.0, 0.016666666666666666
surrogate, 90, 26.0, 0.016666666666666666
surrogate, 90, 26.0, 0.016666666666666666
surrogate, 90, 26.0, 0.016666666666666666
surrogate, 90, 26.0, 0.016666666666666666
surrogate, 90, 26.0, 0.016666666666666666
surrogate, 90, 26.0, 0.016666666666666666
surrogate, 90, 26.0, 0.016666666666666666
surrogate, 90, 26.0, 0.016666666666666666
surrogate, 90, 26.0, 0.016666666666666666
surrogate, 90, 26.0, 0.016666666666666666
surrogate, 90, 26.0, 0.016666666666666666
surrogate, 90, 26.0, 0.016666666666666666
surrogate, 90, 26.0, 0.016666666666666666
surrogate, 90, 26.0, 0.016666666666666666
surrogate, 90, 26.0, 0.016666666666666666
surrogate, 90, 26.0, 0.016666666666666666
surrogate, 90, 26.0, 0.016666666666666666
surrogate, 90, 26.0, 0.016666666666666666
surrogate, 90, 26.0, 0.016666666666666666
surrogate, 90, 26.0, 0.016666666666666666
surrogate, 90, 26.0, 0.016666666666666666
surrogate, 90, 26.0, 0.016666666666666666
surrogate, 90, 26.0, 0.016666666666666666
surrogate, 90, 26.0, 0.016666666666666666
surrogate, 90, 26.0, 0.016666666666666666
surrogate, 90, 26.0, 0.016666666666666666
surrogate, 90, 26.0, 0.016666666666666666
surrogate, 90, 26.0, 0.016666666666666666
surrogate, 90, 26.0, 0.016666666666666666
surrogate, 90, 26.0, 0.016666666666666666
surrogate, 90, 26.0, 0.016666666666666666
surrogate, 90, 26.0, 0.016666666666666666
surrogate, 90, 26.0, 0.016666666666666666
surrogate, 90, 26.0, 0.016666666666666666
surrogate, 91, 363.0, 0.9333333333333333
surrogate, 91, 363.0, 0.9333333333333333
surrogate, 91, 231.0, 0.9
surrogate, 91, 231.0, 0.9
surrogate, 91, 231.0, 0.9
surrogate, 91, 231.0, 0.9
surrogate, 91, 231.0, 0.9
surrogate, 91, 189.0, 0.8833333333333333
surrogate, 91, 80.0, 0.8333333333333334
surrogate, 91, 80.0, 0.8333333333333334
surrogate, 91, 66.0, 0.8
surrogate, 91, 66.0, 0.8
surrogate, 91, 66.0, 0.8
surrogate, 91, 66.0, 0.8
surrogate, 91, 66.0, 0.8
surrogate, 91, 66.0, 0.8
surrogate, 91, 66.0, 0.8
surrogate, 91, 57.0, 0.7666666666666667
surrogate, 91, 57.0, 0.7666666666666667
surrogate, 91, 53.0, 0.75
surrogate, 91, 46.0, 0.7166666666666667
surrogate, 91, 46.0, 0.7166666666666667
surrogate, 91, 43.0, 0.6833333333333333
surrogate, 91, 43.0, 0.6833333333333333
surrogate, 91, 43.0, 0.6833333333333333
surrogate, 91, 43.0, 0.6833333333333333
surrogate, 91, 43.0, 0.6833333333333333
surrogate, 91, 43.0, 0.6833333333333333
surrogate, 91, 43.0, 0.6833333333333333
surrogate, 91, 43.0, 0.6833333333333333
surrogate, 91, 43.0, 0.6833333333333333
surrogate, 91, 43.0, 0.6833333333333333
surrogate, 91, 43.0, 0.6833333333333333
surrogate, 91, 39.0, 0.65
surrogate, 91, 39.0, 0.65
surrogate, 91, 39.0, 0.65
surrogate, 91, 39.0, 0.65
surrogate, 91, 39.0, 0.65
surrogate, 91, 39.0, 0.65
surrogate, 91, 39.0, 0.65
surrogate, 91, 39.0, 0.65
surrogate, 91, 34.0, 0.55
surrogate, 91, 34.0, 0.55
surrogate, 91, 34.0, 0.55
surrogate, 91, 34.0, 0.55
surrogate, 91, 34.0, 0.55
surrogate, 91, 34.0, 0.55
surrogate, 91, 34.0, 0.55
surrogate, 91, 34.0, 0.55
surrogate, 91, 34.0, 0.55
surrogate, 91, 34.0, 0.55
surrogate, 91, 33.0, 0.5
surrogate, 91, 33.0, 0.5
surrogate, 91, 33.0, 0.5
surrogate, 91, 33.0, 0.5
surrogate, 91, 33.0, 0.5
surrogate, 91, 33.0, 0.5
surrogate, 91, 33.0, 0.5
surrogate, 91, 33.0, 0.5
surrogate, 91, 33.0, 0.5
surrogate, 91, 33.0, 0.5
surrogate, 91, 33.0, 0.5
surrogate, 91, 33.0, 0.5
surrogate, 91, 33.0, 0.5
surrogate, 91, 33.0, 0.5
surrogate, 91, 33.0, 0.5
surrogate, 91, 33.0, 0.5
surrogate, 91, 33.0, 0.5
surrogate, 91, 33.0, 0.5
surrogate, 91, 33.0, 0.5
surrogate, 91, 33.0, 0.5
surrogate, 91, 33.0, 0.5
surrogate, 91, 33.0, 0.5
surrogate, 91, 33.0, 0.5
surrogate, 91, 33.0, 0.5
surrogate, 91, 33.0, 0.5
surrogate, 91, 32.0, 0.36666666666666664
surrogate, 91, 32.0, 0.36666666666666664
surrogate, 91, 32.0, 0.36666666666666664
surrogate, 91, 32.0, 0.36666666666666664
surrogate, 91, 32.0, 0.36666666666666664
surrogate, 91, 32.0, 0.36666666666666664
surrogate, 91, 32.0, 0.36666666666666664
surrogate, 91, 32.0, 0.36666666666666664
surrogate, 91, 32.0, 0.36666666666666664
surrogate, 91, 32.0, 0.36666666666666664
surrogate, 91, 32.0, 0.36666666666666664
surrogate, 91, 32.0, 0.36666666666666664
surrogate, 91, 32.0, 0.36666666666666664
surrogate, 91, 32.0, 0.36666666666666664
surrogate, 91, 32.0, 0.36666666666666664
surrogate, 91, 32.0, 0.36666666666666664
surrogate, 91, 32.0, 0.36666666666666664
surrogate, 91, 32.0, 0.36666666666666664
surrogate, 91, 32.0, 0.36666666666666664
surrogate, 91, 32.0, 0.36666666666666664
surrogate, 91, 32.0, 0.36666666666666664
surrogate, 91, 32.0, 0.36666666666666664
surrogate, 91, 32.0, 0.36666666666666664
surrogate, 91, 32.0, 0.36666666666666664
surrogate, 91, 32.0, 0.36666666666666664
surrogate, 91, 32.0, 0.36666666666666664
surrogate, 91, 32.0, 0.36666666666666664
surrogate, 91, 32.0, 0.36666666666666664
surrogate, 91, 32.0, 0.36666666666666664
surrogate, 91, 32.0, 0.36666666666666664
surrogate, 91, 32.0, 0.36666666666666664
surrogate, 91, 32.0, 0.36666666666666664
surrogate, 91, 32.0, 0.36666666666666664
surrogate, 91, 32.0, 0.36666666666666664
surrogate, 91, 32.0, 0.36666666666666664
surrogate, 91, 32.0, 0.36666666666666664
surrogate, 91, 32.0, 0.36666666666666664
surrogate, 91, 32.0, 0.36666666666666664
surrogate, 91, 32.0, 0.36666666666666664
surrogate, 91, 32.0, 0.36666666666666664
surrogate, 91, 32.0, 0.36666666666666664
surrogate, 91, 32.0, 0.36666666666666664
surrogate, 91, 32.0, 0.36666666666666664
surrogate, 91, 32.0, 0.36666666666666664
surrogate, 91, 32.0, 0.36666666666666664
surrogate, 91, 32.0, 0.36666666666666664
surrogate, 91, 32.0, 0.36666666666666664
surrogate, 91, 32.0, 0.36666666666666664
surrogate, 91, 32.0, 0.36666666666666664
surrogate, 91, 32.0, 0.36666666666666664
surrogate, 91, 32.0, 0.36666666666666664
surrogate, 91, 32.0, 0.36666666666666664
surrogate, 91, 32.0, 0.36666666666666664
surrogate, 91, 32.0, 0.36666666666666664
surrogate, 91, 32.0, 0.36666666666666664
surrogate, 91, 32.0, 0.36666666666666664
surrogate, 91, 32.0, 0.36666666666666664
surrogate, 91, 32.0, 0.36666666666666664
surrogate, 91, 32.0, 0.36666666666666664
surrogate, 91, 32.0, 0.36666666666666664
surrogate, 91, 32.0, 0.36666666666666664
surrogate, 91, 32.0, 0.36666666666666664
surrogate, 91, 32.0, 0.36666666666666664
surrogate, 91, 32.0, 0.36666666666666664
surrogate, 91, 32.0, 0.36666666666666664
surrogate, 91, 32.0, 0.36666666666666664
surrogate, 91, 32.0, 0.36666666666666664
surrogate, 91, 32.0, 0.36666666666666664
surrogate, 91, 32.0, 0.36666666666666664
surrogate, 91, 32.0, 0.36666666666666664
surrogate, 91, 32.0, 0.36666666666666664
surrogate, 91, 32.0, 0.36666666666666664
surrogate, 91, 32.0, 0.36666666666666664
surrogate, 91, 32.0, 0.36666666666666664
surrogate, 91, 30.0, 0.26666666666666666
surrogate, 91, 30.0, 0.26666666666666666
surrogate, 91, 30.0, 0.26666666666666666
surrogate, 91, 30.0, 0.26666666666666666
surrogate, 91, 30.0, 0.26666666666666666
surrogate, 91, 30.0, 0.26666666666666666
surrogate, 91, 30.0, 0.26666666666666666
surrogate, 91, 30.0, 0.26666666666666666
surrogate, 91, 30.0, 0.26666666666666666
surrogate, 91, 30.0, 0.26666666666666666
surrogate, 91, 30.0, 0.26666666666666666
surrogate, 91, 30.0, 0.26666666666666666
surrogate, 91, 30.0, 0.26666666666666666
surrogate, 91, 30.0, 0.26666666666666666
surrogate, 91, 30.0, 0.26666666666666666
surrogate, 91, 30.0, 0.26666666666666666
surrogate, 91, 30.0, 0.26666666666666666
surrogate, 91, 30.0, 0.26666666666666666
surrogate, 91, 30.0, 0.26666666666666666
surrogate, 91, 30.0, 0.26666666666666666
surrogate, 91, 30.0, 0.26666666666666666
surrogate, 91, 30.0, 0.26666666666666666
surrogate, 91, 30.0, 0.26666666666666666
surrogate, 91, 30.0, 0.26666666666666666
surrogate, 91, 30.0, 0.26666666666666666
surrogate, 91, 30.0, 0.26666666666666666
surrogate, 91, 30.0, 0.26666666666666666
surrogate, 91, 30.0, 0.26666666666666666
surrogate, 91, 30.0, 0.26666666666666666
surrogate, 91, 30.0, 0.26666666666666666
surrogate, 91, 30.0, 0.26666666666666666
surrogate, 91, 30.0, 0.26666666666666666
surrogate, 91, 30.0, 0.26666666666666666
surrogate, 91, 30.0, 0.26666666666666666
surrogate, 91, 30.0, 0.26666666666666666
surrogate, 91, 30.0, 0.26666666666666666
surrogate, 91, 30.0, 0.26666666666666666
surrogate, 91, 30.0, 0.26666666666666666
surrogate, 91, 30.0, 0.26666666666666666
surrogate, 91, 30.0, 0.26666666666666666
surrogate, 91, 30.0, 0.26666666666666666
surrogate, 91, 30.0, 0.26666666666666666
surrogate, 91, 30.0, 0.26666666666666666
surrogate, 91, 30.0, 0.26666666666666666
surrogate, 91, 30.0, 0.26666666666666666
surrogate, 91, 30.0, 0.26666666666666666
surrogate, 91, 30.0, 0.26666666666666666
surrogate, 91, 30.0, 0.26666666666666666
surrogate, 91, 30.0, 0.26666666666666666
surrogate, 91, 30.0, 0.26666666666666666
surrogate, 91, 30.0, 0.26666666666666666
surrogate, 91, 30.0, 0.26666666666666666
surrogate, 91, 30.0, 0.26666666666666666
surrogate, 91, 29.0, 0.06666666666666667
surrogate, 91, 29.0, 0.06666666666666667
surrogate, 91, 29.0, 0.06666666666666667
surrogate, 91, 29.0, 0.06666666666666667
surrogate, 91, 29.0, 0.06666666666666667
surrogate, 91, 29.0, 0.06666666666666667
surrogate, 91, 29.0, 0.06666666666666667
surrogate, 91, 29.0, 0.06666666666666667
surrogate, 91, 29.0, 0.06666666666666667
surrogate, 91, 29.0, 0.06666666666666667
surrogate, 91, 29.0, 0.06666666666666667
surrogate, 91, 29.0, 0.06666666666666667
surrogate, 91, 29.0, 0.06666666666666667
surrogate, 91, 29.0, 0.06666666666666667
surrogate, 91, 29.0, 0.06666666666666667
surrogate, 91, 29.0, 0.06666666666666667
surrogate, 91, 29.0, 0.06666666666666667
surrogate, 91, 29.0, 0.06666666666666667
surrogate, 91, 29.0, 0.06666666666666667
surrogate, 91, 29.0, 0.06666666666666667
surrogate, 91, 29.0, 0.06666666666666667
surrogate, 91, 29.0, 0.06666666666666667
surrogate, 91, 29.0, 0.06666666666666667
surrogate, 91, 29.0, 0.06666666666666667
surrogate, 91, 29.0, 0.06666666666666667
surrogate, 91, 29.0, 0.06666666666666667
surrogate, 91, 29.0, 0.06666666666666667
surrogate, 91, 29.0, 0.06666666666666667
surrogate, 91, 29.0, 0.06666666666666667
surrogate, 91, 29.0, 0.06666666666666667
surrogate, 91, 29.0, 0.06666666666666667
surrogate, 91, 29.0, 0.06666666666666667
surrogate, 91, 29.0, 0.06666666666666667
surrogate, 91, 29.0, 0.06666666666666667
surrogate, 91, 29.0, 0.06666666666666667
surrogate, 91, 29.0, 0.06666666666666667
surrogate, 91, 29.0, 0.06666666666666667
surrogate, 91, 29.0, 0.06666666666666667
surrogate, 91, 29.0, 0.06666666666666667
surrogate, 91, 29.0, 0.06666666666666667
surrogate, 91, 29.0, 0.06666666666666667
surrogate, 91, 29.0, 0.06666666666666667
surrogate, 91, 29.0, 0.06666666666666667
surrogate, 91, 29.0, 0.06666666666666667
surrogate, 91, 29.0, 0.06666666666666667
surrogate, 91, 29.0, 0.06666666666666667
surrogate, 91, 29.0, 0.06666666666666667
surrogate, 91, 29.0, 0.06666666666666667
surrogate, 91, 29.0, 0.06666666666666667
surrogate, 91, 29.0, 0.06666666666666667
surrogate, 91, 29.0, 0.06666666666666667
surrogate, 91, 29.0, 0.06666666666666667
surrogate, 91, 29.0, 0.06666666666666667
surrogate, 91, 29.0, 0.06666666666666667
surrogate, 91, 29.0, 0.06666666666666667
surrogate, 91, 29.0, 0.06666666666666667
surrogate, 91, 29.0, 0.06666666666666667
surrogate, 91, 29.0, 0.06666666666666667
surrogate, 91, 29.0, 0.06666666666666667
surrogate, 91, 29.0, 0.06666666666666667
surrogate, 91, 29.0, 0.06666666666666667
surrogate, 91, 29.0, 0.06666666666666667
surrogate, 91, 29.0, 0.06666666666666667
surrogate, 91, 29.0, 0.06666666666666667
surrogate, 91, 29.0, 0.06666666666666667
surrogate, 91, 29.0, 0.06666666666666667
surrogate, 91, 29.0, 0.06666666666666667
surrogate, 91, 29.0, 0.06666666666666667
surrogate, 91, 29.0, 0.06666666666666667
surrogate, 91, 29.0, 0.06666666666666667
surrogate, 91, 29.0, 0.06666666666666667
surrogate, 91, 29.0, 0.06666666666666667
surrogate, 91, 28.0, 0.05
surrogate, 91, 28.0, 0.05
surrogate, 91, 28.0, 0.05
surrogate, 91, 28.0, 0.05
surrogate, 91, 28.0, 0.05
surrogate, 91, 28.0, 0.05
surrogate, 91, 28.0, 0.05
surrogate, 91, 28.0, 0.05
surrogate, 91, 28.0, 0.05
surrogate, 91, 28.0, 0.05
surrogate, 91, 28.0, 0.05
surrogate, 91, 28.0, 0.05
surrogate, 91, 28.0, 0.05
surrogate, 91, 28.0, 0.05
surrogate, 91, 28.0, 0.05
surrogate, 91, 28.0, 0.05
surrogate, 91, 28.0, 0.05
surrogate, 91, 28.0, 0.05
surrogate, 91, 27.0, 0.03333333333333333
surrogate, 91, 27.0, 0.03333333333333333
surrogate, 91, 27.0, 0.03333333333333333
surrogate, 91, 27.0, 0.03333333333333333
surrogate, 91, 27.0, 0.03333333333333333
surrogate, 91, 27.0, 0.03333333333333333
surrogate, 91, 27.0, 0.03333333333333333
surrogate, 91, 27.0, 0.03333333333333333
surrogate, 91, 27.0, 0.03333333333333333
surrogate, 91, 27.0, 0.03333333333333333
surrogate, 91, 27.0, 0.03333333333333333
surrogate, 91, 27.0, 0.03333333333333333
surrogate, 91, 27.0, 0.03333333333333333
surrogate, 91, 27.0, 0.03333333333333333
surrogate, 91, 26.0, 0.016666666666666666
surrogate, 91, 26.0, 0.016666666666666666
surrogate, 91, 26.0, 0.016666666666666666
surrogate, 91, 26.0, 0.016666666666666666
surrogate, 91, 26.0, 0.016666666666666666
surrogate, 91, 26.0, 0.016666666666666666
surrogate, 91, 26.0, 0.016666666666666666
surrogate, 91, 26.0, 0.016666666666666666
surrogate, 91, 26.0, 0.016666666666666666
surrogate, 91, 26.0, 0.016666666666666666
surrogate, 91, 26.0, 0.016666666666666666
surrogate, 91, 26.0, 0.016666666666666666
surrogate, 91, 26.0, 0.016666666666666666
surrogate, 91, 26.0, 0.016666666666666666
surrogate, 91, 26.0, 0.016666666666666666
surrogate, 91, 26.0, 0.016666666666666666
surrogate, 91, 26.0, 0.016666666666666666
surrogate, 91, 26.0, 0.016666666666666666
surrogate, 91, 26.0, 0.016666666666666666
surrogate, 91, 26.0, 0.016666666666666666
surrogate, 91, 26.0, 0.016666666666666666
surrogate, 91, 26.0, 0.016666666666666666
surrogate, 91, 26.0, 0.016666666666666666
surrogate, 91, 26.0, 0.016666666666666666
surrogate, 91, 26.0, 0.016666666666666666
surrogate, 91, 26.0, 0.016666666666666666
surrogate, 91, 26.0, 0.016666666666666666
surrogate, 91, 26.0, 0.016666666666666666
surrogate, 91, 26.0, 0.016666666666666666
surrogate, 91, 26.0, 0.016666666666666666
surrogate, 91, 26.0, 0.016666666666666666
surrogate, 91, 26.0, 0.016666666666666666
surrogate, 91, 26.0, 0.016666666666666666
surrogate, 91, 26.0, 0.016666666666666666
surrogate, 91, 26.0, 0.016666666666666666
surrogate, 91, 26.0, 0.016666666666666666
surrogate, 91, 26.0, 0.016666666666666666
surrogate, 91, 26.0, 0.016666666666666666
surrogate, 91, 26.0, 0.016666666666666666
surrogate, 91, 26.0, 0.016666666666666666
surrogate, 91, 26.0, 0.016666666666666666
surrogate, 91, 26.0, 0.016666666666666666
surrogate, 91, 26.0, 0.016666666666666666
surrogate, 91, 26.0, 0.016666666666666666
surrogate, 91, 26.0, 0.016666666666666666
surrogate, 91, 26.0, 0.016666666666666666
surrogate, 91, 26.0, 0.016666666666666666
surrogate, 91, 26.0, 0.016666666666666666
surrogate, 91, 26.0, 0.016666666666666666
surrogate, 91, 26.0, 0.016666666666666666
surrogate, 91, 26.0, 0.016666666666666666
surrogate, 91, 26.0, 0.016666666666666666
surrogate, 91, 26.0, 0.016666666666666666
surrogate, 91, 26.0, 0.016666666666666666
surrogate, 91, 26.0, 0.016666666666666666
surrogate, 91, 26.0, 0.016666666666666666
surrogate, 91, 26.0, 0.016666666666666666
surrogate, 91, 26.0, 0.016666666666666666
surrogate, 91, 26.0, 0.016666666666666666
surrogate, 91, 26.0, 0.016666666666666666
surrogate, 91, 26.0, 0.016666666666666666
surrogate, 91, 26.0, 0.016666666666666666
surrogate, 91, 26.0, 0.016666666666666666
surrogate, 91, 26.0, 0.016666666666666666
surrogate, 91, 26.0, 0.016666666666666666
surrogate, 91, 26.0, 0.016666666666666666
surrogate, 91, 26.0, 0.016666666666666666
surrogate, 91, 26.0, 0.016666666666666666
surrogate, 91, 26.0, 0.016666666666666666
surrogate, 91, 26.0, 0.016666666666666666
surrogate, 91, 26.0, 0.016666666666666666
surrogate, 91, 26.0, 0.016666666666666666
surrogate, 91, 26.0, 0.016666666666666666
surrogate, 91, 26.0, 0.016666666666666666
surrogate, 91, 26.0, 0.016666666666666666
surrogate, 91, 26.0, 0.016666666666666666
surrogate, 91, 26.0, 0.016666666666666666
surrogate, 92, 363.0, 0.9333333333333333
surrogate, 92, 363.0, 0.9333333333333333
surrogate, 92, 231.0, 0.9
surrogate, 92, 231.0, 0.9
surrogate, 92, 231.0, 0.9
surrogate, 92, 231.0, 0.9
surrogate, 92, 231.0, 0.9
surrogate, 92, 189.0, 0.8833333333333333
surrogate, 92, 80.0, 0.8333333333333334
surrogate, 92, 80.0, 0.8333333333333334
surrogate, 92, 66.0, 0.8
surrogate, 92, 66.0, 0.8
surrogate, 92, 66.0, 0.8
surrogate, 92, 66.0, 0.8
surrogate, 92, 66.0, 0.8
surrogate, 92, 66.0, 0.8
surrogate, 92, 66.0, 0.8
surrogate, 92, 57.0, 0.7666666666666667
surrogate, 92, 57.0, 0.7666666666666667
surrogate, 92, 53.0, 0.75
surrogate, 92, 46.0, 0.7166666666666667
surrogate, 92, 46.0, 0.7166666666666667
surrogate, 92, 43.0, 0.6833333333333333
surrogate, 92, 43.0, 0.6833333333333333
surrogate, 92, 43.0, 0.6833333333333333
surrogate, 92, 43.0, 0.6833333333333333
surrogate, 92, 43.0, 0.6833333333333333
surrogate, 92, 43.0, 0.6833333333333333
surrogate, 92, 43.0, 0.6833333333333333
surrogate, 92, 43.0, 0.6833333333333333
surrogate, 92, 43.0, 0.6833333333333333
surrogate, 92, 43.0, 0.6833333333333333
surrogate, 92, 43.0, 0.6833333333333333
surrogate, 92, 39.0, 0.65
surrogate, 92, 39.0, 0.65
surrogate, 92, 39.0, 0.65
surrogate, 92, 39.0, 0.65
surrogate, 92, 39.0, 0.65
surrogate, 92, 39.0, 0.65
surrogate, 92, 39.0, 0.65
surrogate, 92, 39.0, 0.65
surrogate, 92, 39.0, 0.65
surrogate, 92, 34.0, 0.55
surrogate, 92, 34.0, 0.55
surrogate, 92, 34.0, 0.55
surrogate, 92, 34.0, 0.55
surrogate, 92, 34.0, 0.55
surrogate, 92, 34.0, 0.55
surrogate, 92, 34.0, 0.55
surrogate, 92, 34.0, 0.55
surrogate, 92, 34.0, 0.55
surrogate, 92, 34.0, 0.55
surrogate, 92, 33.0, 0.5
surrogate, 92, 33.0, 0.5
surrogate, 92, 33.0, 0.5
surrogate, 92, 33.0, 0.5
surrogate, 92, 33.0, 0.5
surrogate, 92, 33.0, 0.5
surrogate, 92, 33.0, 0.5
surrogate, 92, 33.0, 0.5
surrogate, 92, 33.0, 0.5
surrogate, 92, 33.0, 0.5
surrogate, 92, 33.0, 0.5
surrogate, 92, 33.0, 0.5
surrogate, 92, 33.0, 0.5
surrogate, 92, 33.0, 0.5
surrogate, 92, 33.0, 0.5
surrogate, 92, 33.0, 0.5
surrogate, 92, 33.0, 0.5
surrogate, 92, 33.0, 0.5
surrogate, 92, 33.0, 0.5
surrogate, 92, 33.0, 0.5
surrogate, 92, 33.0, 0.5
surrogate, 92, 33.0, 0.5
surrogate, 92, 33.0, 0.5
surrogate, 92, 33.0, 0.5
surrogate, 92, 33.0, 0.5
surrogate, 92, 32.0, 0.36666666666666664
surrogate, 92, 32.0, 0.36666666666666664
surrogate, 92, 32.0, 0.36666666666666664
surrogate, 92, 32.0, 0.36666666666666664
surrogate, 92, 32.0, 0.36666666666666664
surrogate, 92, 32.0, 0.36666666666666664
surrogate, 92, 32.0, 0.36666666666666664
surrogate, 92, 32.0, 0.36666666666666664
surrogate, 92, 32.0, 0.36666666666666664
surrogate, 92, 32.0, 0.36666666666666664
surrogate, 92, 32.0, 0.36666666666666664
surrogate, 92, 32.0, 0.36666666666666664
surrogate, 92, 32.0, 0.36666666666666664
surrogate, 92, 32.0, 0.36666666666666664
surrogate, 92, 32.0, 0.36666666666666664
surrogate, 92, 32.0, 0.36666666666666664
surrogate, 92, 32.0, 0.36666666666666664
surrogate, 92, 32.0, 0.36666666666666664
surrogate, 92, 32.0, 0.36666666666666664
surrogate, 92, 32.0, 0.36666666666666664
surrogate, 92, 32.0, 0.36666666666666664
surrogate, 92, 32.0, 0.36666666666666664
surrogate, 92, 32.0, 0.36666666666666664
surrogate, 92, 32.0, 0.36666666666666664
surrogate, 92, 32.0, 0.36666666666666664
surrogate, 92, 32.0, 0.36666666666666664
surrogate, 92, 32.0, 0.36666666666666664
surrogate, 92, 32.0, 0.36666666666666664
surrogate, 92, 32.0, 0.36666666666666664
surrogate, 92, 32.0, 0.36666666666666664
surrogate, 92, 32.0, 0.36666666666666664
surrogate, 92, 32.0, 0.36666666666666664
surrogate, 92, 32.0, 0.36666666666666664
surrogate, 92, 32.0, 0.36666666666666664
surrogate, 92, 32.0, 0.36666666666666664
surrogate, 92, 32.0, 0.36666666666666664
surrogate, 92, 32.0, 0.36666666666666664
surrogate, 92, 32.0, 0.36666666666666664
surrogate, 92, 32.0, 0.36666666666666664
surrogate, 92, 32.0, 0.36666666666666664
surrogate, 92, 32.0, 0.36666666666666664
surrogate, 92, 32.0, 0.36666666666666664
surrogate, 92, 32.0, 0.36666666666666664
surrogate, 92, 32.0, 0.36666666666666664
surrogate, 92, 32.0, 0.36666666666666664
surrogate, 92, 32.0, 0.36666666666666664
surrogate, 92, 32.0, 0.36666666666666664
surrogate, 92, 32.0, 0.36666666666666664
surrogate, 92, 32.0, 0.36666666666666664
surrogate, 92, 32.0, 0.36666666666666664
surrogate, 92, 32.0, 0.36666666666666664
surrogate, 92, 32.0, 0.36666666666666664
surrogate, 92, 32.0, 0.36666666666666664
surrogate, 92, 32.0, 0.36666666666666664
surrogate, 92, 32.0, 0.36666666666666664
surrogate, 92, 32.0, 0.36666666666666664
surrogate, 92, 32.0, 0.36666666666666664
surrogate, 92, 32.0, 0.36666666666666664
surrogate, 92, 32.0, 0.36666666666666664
surrogate, 92, 32.0, 0.36666666666666664
surrogate, 92, 32.0, 0.36666666666666664
surrogate, 92, 32.0, 0.36666666666666664
surrogate, 92, 32.0, 0.36666666666666664
surrogate, 92, 32.0, 0.36666666666666664
surrogate, 92, 32.0, 0.36666666666666664
surrogate, 92, 32.0, 0.36666666666666664
surrogate, 92, 32.0, 0.36666666666666664
surrogate, 92, 32.0, 0.36666666666666664
surrogate, 92, 32.0, 0.36666666666666664
surrogate, 92, 32.0, 0.36666666666666664
surrogate, 92, 32.0, 0.36666666666666664
surrogate, 92, 32.0, 0.36666666666666664
surrogate, 92, 32.0, 0.36666666666666664
surrogate, 92, 32.0, 0.36666666666666664
surrogate, 92, 32.0, 0.36666666666666664
surrogate, 92, 30.0, 0.26666666666666666
surrogate, 92, 30.0, 0.26666666666666666
surrogate, 92, 30.0, 0.26666666666666666
surrogate, 92, 30.0, 0.26666666666666666
surrogate, 92, 30.0, 0.26666666666666666
surrogate, 92, 30.0, 0.26666666666666666
surrogate, 92, 30.0, 0.26666666666666666
surrogate, 92, 30.0, 0.26666666666666666
surrogate, 92, 30.0, 0.26666666666666666
surrogate, 92, 30.0, 0.26666666666666666
surrogate, 92, 30.0, 0.26666666666666666
surrogate, 92, 30.0, 0.26666666666666666
surrogate, 92, 30.0, 0.26666666666666666
surrogate, 92, 30.0, 0.26666666666666666
surrogate, 92, 30.0, 0.26666666666666666
surrogate, 92, 30.0, 0.26666666666666666
surrogate, 92, 30.0, 0.26666666666666666
surrogate, 92, 30.0, 0.26666666666666666
surrogate, 92, 30.0, 0.26666666666666666
surrogate, 92, 30.0, 0.26666666666666666
surrogate, 92, 30.0, 0.26666666666666666
surrogate, 92, 30.0, 0.26666666666666666
surrogate, 92, 30.0, 0.26666666666666666
surrogate, 92, 30.0, 0.26666666666666666
surrogate, 92, 30.0, 0.26666666666666666
surrogate, 92, 30.0, 0.26666666666666666
surrogate, 92, 30.0, 0.26666666666666666
surrogate, 92, 30.0, 0.26666666666666666
surrogate, 92, 30.0, 0.26666666666666666
surrogate, 92, 30.0, 0.26666666666666666
surrogate, 92, 30.0, 0.26666666666666666
surrogate, 92, 30.0, 0.26666666666666666
surrogate, 92, 30.0, 0.26666666666666666
surrogate, 92, 30.0, 0.26666666666666666
surrogate, 92, 30.0, 0.26666666666666666
surrogate, 92, 30.0, 0.26666666666666666
surrogate, 92, 30.0, 0.26666666666666666
surrogate, 92, 30.0, 0.26666666666666666
surrogate, 92, 30.0, 0.26666666666666666
surrogate, 92, 30.0, 0.26666666666666666
surrogate, 92, 30.0, 0.26666666666666666
surrogate, 92, 30.0, 0.26666666666666666
surrogate, 92, 30.0, 0.26666666666666666
surrogate, 92, 30.0, 0.26666666666666666
surrogate, 92, 30.0, 0.26666666666666666
surrogate, 92, 30.0, 0.26666666666666666
surrogate, 92, 30.0, 0.26666666666666666
surrogate, 92, 30.0, 0.26666666666666666
surrogate, 92, 30.0, 0.26666666666666666
surrogate, 92, 30.0, 0.26666666666666666
surrogate, 92, 30.0, 0.26666666666666666
surrogate, 92, 30.0, 0.26666666666666666
surrogate, 92, 30.0, 0.26666666666666666
surrogate, 92, 30.0, 0.26666666666666666
surrogate, 92, 29.0, 0.06666666666666667
surrogate, 92, 29.0, 0.06666666666666667
surrogate, 92, 29.0, 0.06666666666666667
surrogate, 92, 29.0, 0.06666666666666667
surrogate, 92, 29.0, 0.06666666666666667
surrogate, 92, 29.0, 0.06666666666666667
surrogate, 92, 29.0, 0.06666666666666667
surrogate, 92, 29.0, 0.06666666666666667
surrogate, 92, 29.0, 0.06666666666666667
surrogate, 92, 29.0, 0.06666666666666667
surrogate, 92, 29.0, 0.06666666666666667
surrogate, 92, 29.0, 0.06666666666666667
surrogate, 92, 29.0, 0.06666666666666667
surrogate, 92, 29.0, 0.06666666666666667
surrogate, 92, 29.0, 0.06666666666666667
surrogate, 92, 29.0, 0.06666666666666667
surrogate, 92, 29.0, 0.06666666666666667
surrogate, 92, 29.0, 0.06666666666666667
surrogate, 92, 29.0, 0.06666666666666667
surrogate, 92, 29.0, 0.06666666666666667
surrogate, 92, 29.0, 0.06666666666666667
surrogate, 92, 29.0, 0.06666666666666667
surrogate, 92, 29.0, 0.06666666666666667
surrogate, 92, 29.0, 0.06666666666666667
surrogate, 92, 29.0, 0.06666666666666667
surrogate, 92, 29.0, 0.06666666666666667
surrogate, 92, 29.0, 0.06666666666666667
surrogate, 92, 29.0, 0.06666666666666667
surrogate, 92, 29.0, 0.06666666666666667
surrogate, 92, 29.0, 0.06666666666666667
surrogate, 92, 29.0, 0.06666666666666667
surrogate, 92, 29.0, 0.06666666666666667
surrogate, 92, 29.0, 0.06666666666666667
surrogate, 92, 29.0, 0.06666666666666667
surrogate, 92, 29.0, 0.06666666666666667
surrogate, 92, 29.0, 0.06666666666666667
surrogate, 92, 29.0, 0.06666666666666667
surrogate, 92, 29.0, 0.06666666666666667
surrogate, 92, 29.0, 0.06666666666666667
surrogate, 92, 29.0, 0.06666666666666667
surrogate, 92, 29.0, 0.06666666666666667
surrogate, 92, 29.0, 0.06666666666666667
surrogate, 92, 29.0, 0.06666666666666667
surrogate, 92, 29.0, 0.06666666666666667
surrogate, 92, 29.0, 0.06666666666666667
surrogate, 92, 29.0, 0.06666666666666667
surrogate, 92, 29.0, 0.06666666666666667
surrogate, 92, 29.0, 0.06666666666666667
surrogate, 92, 29.0, 0.06666666666666667
surrogate, 92, 29.0, 0.06666666666666667
surrogate, 92, 29.0, 0.06666666666666667
surrogate, 92, 29.0, 0.06666666666666667
surrogate, 92, 29.0, 0.06666666666666667
surrogate, 92, 29.0, 0.06666666666666667
surrogate, 92, 29.0, 0.06666666666666667
surrogate, 92, 29.0, 0.06666666666666667
surrogate, 92, 29.0, 0.06666666666666667
surrogate, 92, 29.0, 0.06666666666666667
surrogate, 92, 29.0, 0.06666666666666667
surrogate, 92, 29.0, 0.06666666666666667
surrogate, 92, 29.0, 0.06666666666666667
surrogate, 92, 29.0, 0.06666666666666667
surrogate, 92, 29.0, 0.06666666666666667
surrogate, 92, 29.0, 0.06666666666666667
surrogate, 92, 29.0, 0.06666666666666667
surrogate, 92, 29.0, 0.06666666666666667
surrogate, 92, 29.0, 0.06666666666666667
surrogate, 92, 29.0, 0.06666666666666667
surrogate, 92, 29.0, 0.06666666666666667
surrogate, 92, 29.0, 0.06666666666666667
surrogate, 92, 29.0, 0.06666666666666667
surrogate, 92, 29.0, 0.06666666666666667
surrogate, 92, 29.0, 0.06666666666666667
surrogate, 92, 28.0, 0.05
surrogate, 92, 28.0, 0.05
surrogate, 92, 28.0, 0.05
surrogate, 92, 28.0, 0.05
surrogate, 92, 28.0, 0.05
surrogate, 92, 28.0, 0.05
surrogate, 92, 28.0, 0.05
surrogate, 92, 28.0, 0.05
surrogate, 92, 28.0, 0.05
surrogate, 92, 28.0, 0.05
surrogate, 92, 28.0, 0.05
surrogate, 92, 28.0, 0.05
surrogate, 92, 28.0, 0.05
surrogate, 92, 28.0, 0.05
surrogate, 92, 28.0, 0.05
surrogate, 92, 28.0, 0.05
surrogate, 92, 28.0, 0.05
surrogate, 92, 28.0, 0.05
surrogate, 92, 27.0, 0.03333333333333333
surrogate, 92, 27.0, 0.03333333333333333
surrogate, 92, 27.0, 0.03333333333333333
surrogate, 92, 27.0, 0.03333333333333333
surrogate, 92, 27.0, 0.03333333333333333
surrogate, 92, 27.0, 0.03333333333333333
surrogate, 92, 27.0, 0.03333333333333333
surrogate, 92, 27.0, 0.03333333333333333
surrogate, 92, 27.0, 0.03333333333333333
surrogate, 92, 27.0, 0.03333333333333333
surrogate, 92, 27.0, 0.03333333333333333
surrogate, 92, 27.0, 0.03333333333333333
surrogate, 92, 27.0, 0.03333333333333333
surrogate, 92, 27.0, 0.03333333333333333
surrogate, 92, 26.0, 0.016666666666666666
surrogate, 92, 26.0, 0.016666666666666666
surrogate, 92, 26.0, 0.016666666666666666
surrogate, 92, 26.0, 0.016666666666666666
surrogate, 92, 26.0, 0.016666666666666666
surrogate, 92, 26.0, 0.016666666666666666
surrogate, 92, 26.0, 0.016666666666666666
surrogate, 92, 26.0, 0.016666666666666666
surrogate, 92, 26.0, 0.016666666666666666
surrogate, 92, 26.0, 0.016666666666666666
surrogate, 92, 26.0, 0.016666666666666666
surrogate, 92, 26.0, 0.016666666666666666
surrogate, 92, 26.0, 0.016666666666666666
surrogate, 92, 26.0, 0.016666666666666666
surrogate, 92, 26.0, 0.016666666666666666
surrogate, 92, 26.0, 0.016666666666666666
surrogate, 92, 26.0, 0.016666666666666666
surrogate, 92, 26.0, 0.016666666666666666
surrogate, 92, 26.0, 0.016666666666666666
surrogate, 92, 26.0, 0.016666666666666666
surrogate, 92, 26.0, 0.016666666666666666
surrogate, 92, 26.0, 0.016666666666666666
surrogate, 92, 26.0, 0.016666666666666666
surrogate, 92, 26.0, 0.016666666666666666
surrogate, 92, 26.0, 0.016666666666666666
surrogate, 92, 26.0, 0.016666666666666666
surrogate, 92, 26.0, 0.016666666666666666
surrogate, 92, 26.0, 0.016666666666666666
surrogate, 92, 26.0, 0.016666666666666666
surrogate, 92, 26.0, 0.016666666666666666
surrogate, 92, 26.0, 0.016666666666666666
surrogate, 92, 26.0, 0.016666666666666666
surrogate, 92, 26.0, 0.016666666666666666
surrogate, 92, 26.0, 0.016666666666666666
surrogate, 92, 26.0, 0.016666666666666666
surrogate, 92, 26.0, 0.016666666666666666
surrogate, 92, 26.0, 0.016666666666666666
surrogate, 92, 26.0, 0.016666666666666666
surrogate, 92, 26.0, 0.016666666666666666
surrogate, 92, 26.0, 0.016666666666666666
surrogate, 92, 26.0, 0.016666666666666666
surrogate, 92, 26.0, 0.016666666666666666
surrogate, 92, 26.0, 0.016666666666666666
surrogate, 92, 26.0, 0.016666666666666666
surrogate, 92, 26.0, 0.016666666666666666
surrogate, 92, 26.0, 0.016666666666666666
surrogate, 92, 26.0, 0.016666666666666666
surrogate, 92, 26.0, 0.016666666666666666
surrogate, 92, 26.0, 0.016666666666666666
surrogate, 92, 26.0, 0.016666666666666666
surrogate, 92, 26.0, 0.016666666666666666
surrogate, 92, 26.0, 0.016666666666666666
surrogate, 92, 26.0, 0.016666666666666666
surrogate, 92, 26.0, 0.016666666666666666
surrogate, 92, 26.0, 0.016666666666666666
surrogate, 92, 26.0, 0.016666666666666666
surrogate, 92, 26.0, 0.016666666666666666
surrogate, 92, 26.0, 0.016666666666666666
surrogate, 92, 26.0, 0.016666666666666666
surrogate, 92, 26.0, 0.016666666666666666
surrogate, 92, 26.0, 0.016666666666666666
surrogate, 92, 26.0, 0.016666666666666666
surrogate, 92, 26.0, 0.016666666666666666
surrogate, 92, 26.0, 0.016666666666666666
surrogate, 92, 26.0, 0.016666666666666666
surrogate, 92, 26.0, 0.016666666666666666
surrogate, 92, 26.0, 0.016666666666666666
surrogate, 92, 26.0, 0.016666666666666666
surrogate, 92, 26.0, 0.016666666666666666
surrogate, 92, 26.0, 0.016666666666666666
surrogate, 92, 26.0, 0.016666666666666666
surrogate, 92, 26.0, 0.016666666666666666
surrogate, 92, 26.0, 0.016666666666666666
surrogate, 92, 26.0, 0.016666666666666666
surrogate, 92, 26.0, 0.016666666666666666
surrogate, 92, 26.0, 0.016666666666666666
surrogate, 92, 26.0, 0.016666666666666666
surrogate, 93, 363.0, 0.9333333333333333
surrogate, 93, 363.0, 0.9333333333333333
surrogate, 93, 231.0, 0.9
surrogate, 93, 231.0, 0.9
surrogate, 93, 231.0, 0.9
surrogate, 93, 231.0, 0.9
surrogate, 93, 231.0, 0.9
surrogate, 93, 189.0, 0.8833333333333333
surrogate, 93, 80.0, 0.8333333333333334
surrogate, 93, 80.0, 0.8333333333333334
surrogate, 93, 80.0, 0.8333333333333334
surrogate, 93, 66.0, 0.8
surrogate, 93, 66.0, 0.8
surrogate, 93, 66.0, 0.8
surrogate, 93, 66.0, 0.8
surrogate, 93, 66.0, 0.8
surrogate, 93, 66.0, 0.8
surrogate, 93, 66.0, 0.8
surrogate, 93, 57.0, 0.7666666666666667
surrogate, 93, 57.0, 0.7666666666666667
surrogate, 93, 53.0, 0.75
surrogate, 93, 46.0, 0.7166666666666667
surrogate, 93, 46.0, 0.7166666666666667
surrogate, 93, 43.0, 0.6833333333333333
surrogate, 93, 43.0, 0.6833333333333333
surrogate, 93, 43.0, 0.6833333333333333
surrogate, 93, 43.0, 0.6833333333333333
surrogate, 93, 43.0, 0.6833333333333333
surrogate, 93, 43.0, 0.6833333333333333
surrogate, 93, 43.0, 0.6833333333333333
surrogate, 93, 43.0, 0.6833333333333333
surrogate, 93, 43.0, 0.6833333333333333
surrogate, 93, 43.0, 0.6833333333333333
surrogate, 93, 43.0, 0.6833333333333333
surrogate, 93, 39.0, 0.65
surrogate, 93, 39.0, 0.65
surrogate, 93, 39.0, 0.65
surrogate, 93, 39.0, 0.65
surrogate, 93, 39.0, 0.65
surrogate, 93, 39.0, 0.65
surrogate, 93, 39.0, 0.65
surrogate, 93, 39.0, 0.65
surrogate, 93, 39.0, 0.65
surrogate, 93, 39.0, 0.65
surrogate, 93, 34.0, 0.55
surrogate, 93, 34.0, 0.55
surrogate, 93, 34.0, 0.55
surrogate, 93, 34.0, 0.55
surrogate, 93, 34.0, 0.55
surrogate, 93, 34.0, 0.55
surrogate, 93, 34.0, 0.55
surrogate, 93, 34.0, 0.55
surrogate, 93, 34.0, 0.55
surrogate, 93, 34.0, 0.55
surrogate, 93, 34.0, 0.55
surrogate, 93, 33.0, 0.5
surrogate, 93, 33.0, 0.5
surrogate, 93, 33.0, 0.5
surrogate, 93, 33.0, 0.5
surrogate, 93, 33.0, 0.5
surrogate, 93, 33.0, 0.5
surrogate, 93, 33.0, 0.5
surrogate, 93, 33.0, 0.5
surrogate, 93, 33.0, 0.5
surrogate, 93, 33.0, 0.5
surrogate, 93, 33.0, 0.5
surrogate, 93, 33.0, 0.5
surrogate, 93, 33.0, 0.5
surrogate, 93, 33.0, 0.5
surrogate, 93, 33.0, 0.5
surrogate, 93, 33.0, 0.5
surrogate, 93, 33.0, 0.5
surrogate, 93, 33.0, 0.5
surrogate, 93, 33.0, 0.5
surrogate, 93, 33.0, 0.5
surrogate, 93, 33.0, 0.5
surrogate, 93, 33.0, 0.5
surrogate, 93, 33.0, 0.5
surrogate, 93, 33.0, 0.5
surrogate, 93, 33.0, 0.5
surrogate, 93, 32.0, 0.36666666666666664
surrogate, 93, 32.0, 0.36666666666666664
surrogate, 93, 32.0, 0.36666666666666664
surrogate, 93, 32.0, 0.36666666666666664
surrogate, 93, 32.0, 0.36666666666666664
surrogate, 93, 32.0, 0.36666666666666664
surrogate, 93, 32.0, 0.36666666666666664
surrogate, 93, 32.0, 0.36666666666666664
surrogate, 93, 32.0, 0.36666666666666664
surrogate, 93, 32.0, 0.36666666666666664
surrogate, 93, 32.0, 0.36666666666666664
surrogate, 93, 32.0, 0.36666666666666664
surrogate, 93, 32.0, 0.36666666666666664
surrogate, 93, 32.0, 0.36666666666666664
surrogate, 93, 32.0, 0.36666666666666664
surrogate, 93, 32.0, 0.36666666666666664
surrogate, 93, 32.0, 0.36666666666666664
surrogate, 93, 32.0, 0.36666666666666664
surrogate, 93, 32.0, 0.36666666666666664
surrogate, 93, 32.0, 0.36666666666666664
surrogate, 93, 32.0, 0.36666666666666664
surrogate, 93, 32.0, 0.36666666666666664
surrogate, 93, 32.0, 0.36666666666666664
surrogate, 93, 32.0, 0.36666666666666664
surrogate, 93, 32.0, 0.36666666666666664
surrogate, 93, 32.0, 0.36666666666666664
surrogate, 93, 32.0, 0.36666666666666664
surrogate, 93, 32.0, 0.36666666666666664
surrogate, 93, 32.0, 0.36666666666666664
surrogate, 93, 32.0, 0.36666666666666664
surrogate, 93, 32.0, 0.36666666666666664
surrogate, 93, 32.0, 0.36666666666666664
surrogate, 93, 32.0, 0.36666666666666664
surrogate, 93, 32.0, 0.36666666666666664
surrogate, 93, 32.0, 0.36666666666666664
surrogate, 93, 32.0, 0.36666666666666664
surrogate, 93, 32.0, 0.36666666666666664
surrogate, 93, 32.0, 0.36666666666666664
surrogate, 93, 32.0, 0.36666666666666664
surrogate, 93, 32.0, 0.36666666666666664
surrogate, 93, 32.0, 0.36666666666666664
surrogate, 93, 32.0, 0.36666666666666664
surrogate, 93, 32.0, 0.36666666666666664
surrogate, 93, 32.0, 0.36666666666666664
surrogate, 93, 32.0, 0.36666666666666664
surrogate, 93, 32.0, 0.36666666666666664
surrogate, 93, 32.0, 0.36666666666666664
surrogate, 93, 32.0, 0.36666666666666664
surrogate, 93, 32.0, 0.36666666666666664
surrogate, 93, 32.0, 0.36666666666666664
surrogate, 93, 32.0, 0.36666666666666664
surrogate, 93, 32.0, 0.36666666666666664
surrogate, 93, 32.0, 0.36666666666666664
surrogate, 93, 32.0, 0.36666666666666664
surrogate, 93, 32.0, 0.36666666666666664
surrogate, 93, 32.0, 0.36666666666666664
surrogate, 93, 32.0, 0.36666666666666664
surrogate, 93, 32.0, 0.36666666666666664
surrogate, 93, 32.0, 0.36666666666666664
surrogate, 93, 32.0, 0.36666666666666664
surrogate, 93, 32.0, 0.36666666666666664
surrogate, 93, 32.0, 0.36666666666666664
surrogate, 93, 32.0, 0.36666666666666664
surrogate, 93, 32.0, 0.36666666666666664
surrogate, 93, 32.0, 0.36666666666666664
surrogate, 93, 32.0, 0.36666666666666664
surrogate, 93, 32.0, 0.36666666666666664
surrogate, 93, 32.0, 0.36666666666666664
surrogate, 93, 32.0, 0.36666666666666664
surrogate, 93, 32.0, 0.36666666666666664
surrogate, 93, 32.0, 0.36666666666666664
surrogate, 93, 32.0, 0.36666666666666664
surrogate, 93, 32.0, 0.36666666666666664
surrogate, 93, 32.0, 0.36666666666666664
surrogate, 93, 32.0, 0.36666666666666664
surrogate, 93, 32.0, 0.36666666666666664
surrogate, 93, 30.0, 0.26666666666666666
surrogate, 93, 30.0, 0.26666666666666666
surrogate, 93, 30.0, 0.26666666666666666
surrogate, 93, 30.0, 0.26666666666666666
surrogate, 93, 30.0, 0.26666666666666666
surrogate, 93, 30.0, 0.26666666666666666
surrogate, 93, 30.0, 0.26666666666666666
surrogate, 93, 30.0, 0.26666666666666666
surrogate, 93, 30.0, 0.26666666666666666
surrogate, 93, 30.0, 0.26666666666666666
surrogate, 93, 30.0, 0.26666666666666666
surrogate, 93, 30.0, 0.26666666666666666
surrogate, 93, 30.0, 0.26666666666666666
surrogate, 93, 30.0, 0.26666666666666666
surrogate, 93, 30.0, 0.26666666666666666
surrogate, 93, 30.0, 0.26666666666666666
surrogate, 93, 30.0, 0.26666666666666666
surrogate, 93, 30.0, 0.26666666666666666
surrogate, 93, 30.0, 0.26666666666666666
surrogate, 93, 30.0, 0.26666666666666666
surrogate, 93, 30.0, 0.26666666666666666
surrogate, 93, 30.0, 0.26666666666666666
surrogate, 93, 30.0, 0.26666666666666666
surrogate, 93, 30.0, 0.26666666666666666
surrogate, 93, 30.0, 0.26666666666666666
surrogate, 93, 30.0, 0.26666666666666666
surrogate, 93, 30.0, 0.26666666666666666
surrogate, 93, 30.0, 0.26666666666666666
surrogate, 93, 30.0, 0.26666666666666666
surrogate, 93, 30.0, 0.26666666666666666
surrogate, 93, 30.0, 0.26666666666666666
surrogate, 93, 30.0, 0.26666666666666666
surrogate, 93, 30.0, 0.26666666666666666
surrogate, 93, 30.0, 0.26666666666666666
surrogate, 93, 30.0, 0.26666666666666666
surrogate, 93, 30.0, 0.26666666666666666
surrogate, 93, 30.0, 0.26666666666666666
surrogate, 93, 30.0, 0.26666666666666666
surrogate, 93, 30.0, 0.26666666666666666
surrogate, 93, 30.0, 0.26666666666666666
surrogate, 93, 30.0, 0.26666666666666666
surrogate, 93, 30.0, 0.26666666666666666
surrogate, 93, 30.0, 0.26666666666666666
surrogate, 93, 30.0, 0.26666666666666666
surrogate, 93, 30.0, 0.26666666666666666
surrogate, 93, 30.0, 0.26666666666666666
surrogate, 93, 30.0, 0.26666666666666666
surrogate, 93, 30.0, 0.26666666666666666
surrogate, 93, 30.0, 0.26666666666666666
surrogate, 93, 30.0, 0.26666666666666666
surrogate, 93, 30.0, 0.26666666666666666
surrogate, 93, 30.0, 0.26666666666666666
surrogate, 93, 30.0, 0.26666666666666666
surrogate, 93, 30.0, 0.26666666666666666
surrogate, 93, 30.0, 0.26666666666666666
surrogate, 93, 29.0, 0.06666666666666667
surrogate, 93, 29.0, 0.06666666666666667
surrogate, 93, 29.0, 0.06666666666666667
surrogate, 93, 29.0, 0.06666666666666667
surrogate, 93, 29.0, 0.06666666666666667
surrogate, 93, 29.0, 0.06666666666666667
surrogate, 93, 29.0, 0.06666666666666667
surrogate, 93, 29.0, 0.06666666666666667
surrogate, 93, 29.0, 0.06666666666666667
surrogate, 93, 29.0, 0.06666666666666667
surrogate, 93, 29.0, 0.06666666666666667
surrogate, 93, 29.0, 0.06666666666666667
surrogate, 93, 29.0, 0.06666666666666667
surrogate, 93, 29.0, 0.06666666666666667
surrogate, 93, 29.0, 0.06666666666666667
surrogate, 93, 29.0, 0.06666666666666667
surrogate, 93, 29.0, 0.06666666666666667
surrogate, 93, 29.0, 0.06666666666666667
surrogate, 93, 29.0, 0.06666666666666667
surrogate, 93, 29.0, 0.06666666666666667
surrogate, 93, 29.0, 0.06666666666666667
surrogate, 93, 29.0, 0.06666666666666667
surrogate, 93, 29.0, 0.06666666666666667
surrogate, 93, 29.0, 0.06666666666666667
surrogate, 93, 29.0, 0.06666666666666667
surrogate, 93, 29.0, 0.06666666666666667
surrogate, 93, 29.0, 0.06666666666666667
surrogate, 93, 29.0, 0.06666666666666667
surrogate, 93, 29.0, 0.06666666666666667
surrogate, 93, 29.0, 0.06666666666666667
surrogate, 93, 29.0, 0.06666666666666667
surrogate, 93, 29.0, 0.06666666666666667
surrogate, 93, 29.0, 0.06666666666666667
surrogate, 93, 29.0, 0.06666666666666667
surrogate, 93, 29.0, 0.06666666666666667
surrogate, 93, 29.0, 0.06666666666666667
surrogate, 93, 29.0, 0.06666666666666667
surrogate, 93, 29.0, 0.06666666666666667
surrogate, 93, 29.0, 0.06666666666666667
surrogate, 93, 29.0, 0.06666666666666667
surrogate, 93, 29.0, 0.06666666666666667
surrogate, 93, 29.0, 0.06666666666666667
surrogate, 93, 29.0, 0.06666666666666667
surrogate, 93, 29.0, 0.06666666666666667
surrogate, 93, 29.0, 0.06666666666666667
surrogate, 93, 29.0, 0.06666666666666667
surrogate, 93, 29.0, 0.06666666666666667
surrogate, 93, 29.0, 0.06666666666666667
surrogate, 93, 29.0, 0.06666666666666667
surrogate, 93, 29.0, 0.06666666666666667
surrogate, 93, 29.0, 0.06666666666666667
surrogate, 93, 29.0, 0.06666666666666667
surrogate, 93, 29.0, 0.06666666666666667
surrogate, 93, 29.0, 0.06666666666666667
surrogate, 93, 29.0, 0.06666666666666667
surrogate, 93, 29.0, 0.06666666666666667
surrogate, 93, 29.0, 0.06666666666666667
surrogate, 93, 29.0, 0.06666666666666667
surrogate, 93, 29.0, 0.06666666666666667
surrogate, 93, 29.0, 0.06666666666666667
surrogate, 93, 29.0, 0.06666666666666667
surrogate, 93, 29.0, 0.06666666666666667
surrogate, 93, 29.0, 0.06666666666666667
surrogate, 93, 29.0, 0.06666666666666667
surrogate, 93, 29.0, 0.06666666666666667
surrogate, 93, 29.0, 0.06666666666666667
surrogate, 93, 29.0, 0.06666666666666667
surrogate, 93, 29.0, 0.06666666666666667
surrogate, 93, 29.0, 0.06666666666666667
surrogate, 93, 29.0, 0.06666666666666667
surrogate, 93, 29.0, 0.06666666666666667
surrogate, 93, 29.0, 0.06666666666666667
surrogate, 93, 29.0, 0.06666666666666667
surrogate, 93, 29.0, 0.06666666666666667
surrogate, 93, 28.0, 0.05
surrogate, 93, 28.0, 0.05
surrogate, 93, 28.0, 0.05
surrogate, 93, 28.0, 0.05
surrogate, 93, 28.0, 0.05
surrogate, 93, 28.0, 0.05
surrogate, 93, 28.0, 0.05
surrogate, 93, 28.0, 0.05
surrogate, 93, 28.0, 0.05
surrogate, 93, 28.0, 0.05
surrogate, 93, 28.0, 0.05
surrogate, 93, 28.0, 0.05
surrogate, 93, 28.0, 0.05
surrogate, 93, 28.0, 0.05
surrogate, 93, 28.0, 0.05
surrogate, 93, 28.0, 0.05
surrogate, 93, 28.0, 0.05
surrogate, 93, 28.0, 0.05
surrogate, 93, 27.0, 0.03333333333333333
surrogate, 93, 27.0, 0.03333333333333333
surrogate, 93, 27.0, 0.03333333333333333
surrogate, 93, 27.0, 0.03333333333333333
surrogate, 93, 27.0, 0.03333333333333333
surrogate, 93, 27.0, 0.03333333333333333
surrogate, 93, 27.0, 0.03333333333333333
surrogate, 93, 27.0, 0.03333333333333333
surrogate, 93, 27.0, 0.03333333333333333
surrogate, 93, 27.0, 0.03333333333333333
surrogate, 93, 27.0, 0.03333333333333333
surrogate, 93, 27.0, 0.03333333333333333
surrogate, 93, 27.0, 0.03333333333333333
surrogate, 93, 27.0, 0.03333333333333333
surrogate, 93, 26.0, 0.016666666666666666
surrogate, 93, 26.0, 0.016666666666666666
surrogate, 93, 26.0, 0.016666666666666666
surrogate, 93, 26.0, 0.016666666666666666
surrogate, 93, 26.0, 0.016666666666666666
surrogate, 93, 26.0, 0.016666666666666666
surrogate, 93, 26.0, 0.016666666666666666
surrogate, 93, 26.0, 0.016666666666666666
surrogate, 93, 26.0, 0.016666666666666666
surrogate, 93, 26.0, 0.016666666666666666
surrogate, 93, 26.0, 0.016666666666666666
surrogate, 93, 26.0, 0.016666666666666666
surrogate, 93, 26.0, 0.016666666666666666
surrogate, 93, 26.0, 0.016666666666666666
surrogate, 93, 26.0, 0.016666666666666666
surrogate, 93, 26.0, 0.016666666666666666
surrogate, 93, 26.0, 0.016666666666666666
surrogate, 93, 26.0, 0.016666666666666666
surrogate, 93, 26.0, 0.016666666666666666
surrogate, 93, 26.0, 0.016666666666666666
surrogate, 93, 26.0, 0.016666666666666666
surrogate, 93, 26.0, 0.016666666666666666
surrogate, 93, 26.0, 0.016666666666666666
surrogate, 93, 26.0, 0.016666666666666666
surrogate, 93, 26.0, 0.016666666666666666
surrogate, 93, 26.0, 0.016666666666666666
surrogate, 93, 26.0, 0.016666666666666666
surrogate, 93, 26.0, 0.016666666666666666
surrogate, 93, 26.0, 0.016666666666666666
surrogate, 93, 26.0, 0.016666666666666666
surrogate, 93, 26.0, 0.016666666666666666
surrogate, 93, 26.0, 0.016666666666666666
surrogate, 93, 26.0, 0.016666666666666666
surrogate, 93, 26.0, 0.016666666666666666
surrogate, 93, 26.0, 0.016666666666666666
surrogate, 93, 26.0, 0.016666666666666666
surrogate, 93, 26.0, 0.016666666666666666
surrogate, 93, 26.0, 0.016666666666666666
surrogate, 93, 26.0, 0.016666666666666666
surrogate, 93, 26.0, 0.016666666666666666
surrogate, 93, 26.0, 0.016666666666666666
surrogate, 93, 26.0, 0.016666666666666666
surrogate, 93, 26.0, 0.016666666666666666
surrogate, 93, 26.0, 0.016666666666666666
surrogate, 93, 26.0, 0.016666666666666666
surrogate, 93, 26.0, 0.016666666666666666
surrogate, 93, 26.0, 0.016666666666666666
surrogate, 93, 26.0, 0.016666666666666666
surrogate, 93, 26.0, 0.016666666666666666
surrogate, 93, 26.0, 0.016666666666666666
surrogate, 93, 26.0, 0.016666666666666666
surrogate, 93, 26.0, 0.016666666666666666
surrogate, 93, 26.0, 0.016666666666666666
surrogate, 93, 26.0, 0.016666666666666666
surrogate, 93, 26.0, 0.016666666666666666
surrogate, 93, 26.0, 0.016666666666666666
surrogate, 93, 26.0, 0.016666666666666666
surrogate, 93, 26.0, 0.016666666666666666
surrogate, 93, 26.0, 0.016666666666666666
surrogate, 93, 26.0, 0.016666666666666666
surrogate, 93, 26.0, 0.016666666666666666
surrogate, 93, 26.0, 0.016666666666666666
surrogate, 93, 26.0, 0.016666666666666666
surrogate, 93, 26.0, 0.016666666666666666
surrogate, 93, 26.0, 0.016666666666666666
surrogate, 93, 26.0, 0.016666666666666666
surrogate, 93, 26.0, 0.016666666666666666
surrogate, 93, 26.0, 0.016666666666666666
surrogate, 93, 26.0, 0.016666666666666666
surrogate, 93, 26.0, 0.016666666666666666
surrogate, 93, 26.0, 0.016666666666666666
surrogate, 93, 26.0, 0.016666666666666666
surrogate, 93, 26.0, 0.016666666666666666
surrogate, 93, 26.0, 0.016666666666666666
surrogate, 93, 26.0, 0.016666666666666666
surrogate, 93, 26.0, 0.016666666666666666
surrogate, 93, 26.0, 0.016666666666666666
surrogate, 94, 363.0, 0.9333333333333333
surrogate, 94, 363.0, 0.9333333333333333
surrogate, 94, 231.0, 0.9
surrogate, 94, 231.0, 0.9
surrogate, 94, 231.0, 0.9
surrogate, 94, 231.0, 0.9
surrogate, 94, 231.0, 0.9
surrogate, 94, 189.0, 0.8833333333333333
surrogate, 94, 80.0, 0.8333333333333334
surrogate, 94, 80.0, 0.8333333333333334
surrogate, 94, 80.0, 0.8333333333333334
surrogate, 94, 66.0, 0.8
surrogate, 94, 66.0, 0.8
surrogate, 94, 66.0, 0.8
surrogate, 94, 66.0, 0.8
surrogate, 94, 66.0, 0.8
surrogate, 94, 66.0, 0.8
surrogate, 94, 66.0, 0.8
surrogate, 94, 57.0, 0.7666666666666667
surrogate, 94, 57.0, 0.7666666666666667
surrogate, 94, 53.0, 0.75
surrogate, 94, 53.0, 0.75
surrogate, 94, 46.0, 0.7166666666666667
surrogate, 94, 46.0, 0.7166666666666667
surrogate, 94, 43.0, 0.6833333333333333
surrogate, 94, 43.0, 0.6833333333333333
surrogate, 94, 43.0, 0.6833333333333333
surrogate, 94, 43.0, 0.6833333333333333
surrogate, 94, 43.0, 0.6833333333333333
surrogate, 94, 43.0, 0.6833333333333333
surrogate, 94, 43.0, 0.6833333333333333
surrogate, 94, 43.0, 0.6833333333333333
surrogate, 94, 43.0, 0.6833333333333333
surrogate, 94, 43.0, 0.6833333333333333
surrogate, 94, 43.0, 0.6833333333333333
surrogate, 94, 39.0, 0.65
surrogate, 94, 39.0, 0.65
surrogate, 94, 39.0, 0.65
surrogate, 94, 39.0, 0.65
surrogate, 94, 39.0, 0.65
surrogate, 94, 39.0, 0.65
surrogate, 94, 39.0, 0.65
surrogate, 94, 39.0, 0.65
surrogate, 94, 39.0, 0.65
surrogate, 94, 39.0, 0.65
surrogate, 94, 39.0, 0.65
surrogate, 94, 34.0, 0.55
surrogate, 94, 34.0, 0.55
surrogate, 94, 34.0, 0.55
surrogate, 94, 34.0, 0.55
surrogate, 94, 34.0, 0.55
surrogate, 94, 34.0, 0.55
surrogate, 94, 34.0, 0.55
surrogate, 94, 34.0, 0.55
surrogate, 94, 34.0, 0.55
surrogate, 94, 34.0, 0.55
surrogate, 94, 34.0, 0.55
surrogate, 94, 34.0, 0.55
surrogate, 94, 33.0, 0.5
surrogate, 94, 33.0, 0.5
surrogate, 94, 33.0, 0.5
surrogate, 94, 33.0, 0.5
surrogate, 94, 33.0, 0.5
surrogate, 94, 33.0, 0.5
surrogate, 94, 33.0, 0.5
surrogate, 94, 33.0, 0.5
surrogate, 94, 33.0, 0.5
surrogate, 94, 33.0, 0.5
surrogate, 94, 33.0, 0.5
surrogate, 94, 33.0, 0.5
surrogate, 94, 33.0, 0.5
surrogate, 94, 33.0, 0.5
surrogate, 94, 33.0, 0.5
surrogate, 94, 33.0, 0.5
surrogate, 94, 33.0, 0.5
surrogate, 94, 33.0, 0.5
surrogate, 94, 33.0, 0.5
surrogate, 94, 33.0, 0.5
surrogate, 94, 33.0, 0.5
surrogate, 94, 33.0, 0.5
surrogate, 94, 33.0, 0.5
surrogate, 94, 33.0, 0.5
surrogate, 94, 33.0, 0.5
surrogate, 94, 32.0, 0.36666666666666664
surrogate, 94, 32.0, 0.36666666666666664
surrogate, 94, 32.0, 0.36666666666666664
surrogate, 94, 32.0, 0.36666666666666664
surrogate, 94, 32.0, 0.36666666666666664
surrogate, 94, 32.0, 0.36666666666666664
surrogate, 94, 32.0, 0.36666666666666664
surrogate, 94, 32.0, 0.36666666666666664
surrogate, 94, 32.0, 0.36666666666666664
surrogate, 94, 32.0, 0.36666666666666664
surrogate, 94, 32.0, 0.36666666666666664
surrogate, 94, 32.0, 0.36666666666666664
surrogate, 94, 32.0, 0.36666666666666664
surrogate, 94, 32.0, 0.36666666666666664
surrogate, 94, 32.0, 0.36666666666666664
surrogate, 94, 32.0, 0.36666666666666664
surrogate, 94, 32.0, 0.36666666666666664
surrogate, 94, 32.0, 0.36666666666666664
surrogate, 94, 32.0, 0.36666666666666664
surrogate, 94, 32.0, 0.36666666666666664
surrogate, 94, 32.0, 0.36666666666666664
surrogate, 94, 32.0, 0.36666666666666664
surrogate, 94, 32.0, 0.36666666666666664
surrogate, 94, 32.0, 0.36666666666666664
surrogate, 94, 32.0, 0.36666666666666664
surrogate, 94, 32.0, 0.36666666666666664
surrogate, 94, 32.0, 0.36666666666666664
surrogate, 94, 32.0, 0.36666666666666664
surrogate, 94, 32.0, 0.36666666666666664
surrogate, 94, 32.0, 0.36666666666666664
surrogate, 94, 32.0, 0.36666666666666664
surrogate, 94, 32.0, 0.36666666666666664
surrogate, 94, 32.0, 0.36666666666666664
surrogate, 94, 32.0, 0.36666666666666664
surrogate, 94, 32.0, 0.36666666666666664
surrogate, 94, 32.0, 0.36666666666666664
surrogate, 94, 32.0, 0.36666666666666664
surrogate, 94, 32.0, 0.36666666666666664
surrogate, 94, 32.0, 0.36666666666666664
surrogate, 94, 32.0, 0.36666666666666664
surrogate, 94, 32.0, 0.36666666666666664
surrogate, 94, 32.0, 0.36666666666666664
surrogate, 94, 32.0, 0.36666666666666664
surrogate, 94, 32.0, 0.36666666666666664
surrogate, 94, 32.0, 0.36666666666666664
surrogate, 94, 32.0, 0.36666666666666664
surrogate, 94, 32.0, 0.36666666666666664
surrogate, 94, 32.0, 0.36666666666666664
surrogate, 94, 32.0, 0.36666666666666664
surrogate, 94, 32.0, 0.36666666666666664
surrogate, 94, 32.0, 0.36666666666666664
surrogate, 94, 32.0, 0.36666666666666664
surrogate, 94, 32.0, 0.36666666666666664
surrogate, 94, 32.0, 0.36666666666666664
surrogate, 94, 32.0, 0.36666666666666664
surrogate, 94, 32.0, 0.36666666666666664
surrogate, 94, 32.0, 0.36666666666666664
surrogate, 94, 32.0, 0.36666666666666664
surrogate, 94, 32.0, 0.36666666666666664
surrogate, 94, 32.0, 0.36666666666666664
surrogate, 94, 32.0, 0.36666666666666664
surrogate, 94, 32.0, 0.36666666666666664
surrogate, 94, 32.0, 0.36666666666666664
surrogate, 94, 32.0, 0.36666666666666664
surrogate, 94, 32.0, 0.36666666666666664
surrogate, 94, 32.0, 0.36666666666666664
surrogate, 94, 32.0, 0.36666666666666664
surrogate, 94, 32.0, 0.36666666666666664
surrogate, 94, 32.0, 0.36666666666666664
surrogate, 94, 32.0, 0.36666666666666664
surrogate, 94, 32.0, 0.36666666666666664
surrogate, 94, 32.0, 0.36666666666666664
surrogate, 94, 32.0, 0.36666666666666664
surrogate, 94, 32.0, 0.36666666666666664
surrogate, 94, 32.0, 0.36666666666666664
surrogate, 94, 32.0, 0.36666666666666664
surrogate, 94, 32.0, 0.36666666666666664
surrogate, 94, 30.0, 0.26666666666666666
surrogate, 94, 30.0, 0.26666666666666666
surrogate, 94, 30.0, 0.26666666666666666
surrogate, 94, 30.0, 0.26666666666666666
surrogate, 94, 30.0, 0.26666666666666666
surrogate, 94, 30.0, 0.26666666666666666
surrogate, 94, 30.0, 0.26666666666666666
surrogate, 94, 30.0, 0.26666666666666666
surrogate, 94, 30.0, 0.26666666666666666
surrogate, 94, 30.0, 0.26666666666666666
surrogate, 94, 30.0, 0.26666666666666666
surrogate, 94, 30.0, 0.26666666666666666
surrogate, 94, 30.0, 0.26666666666666666
surrogate, 94, 30.0, 0.26666666666666666
surrogate, 94, 30.0, 0.26666666666666666
surrogate, 94, 30.0, 0.26666666666666666
surrogate, 94, 30.0, 0.26666666666666666
surrogate, 94, 30.0, 0.26666666666666666
surrogate, 94, 30.0, 0.26666666666666666
surrogate, 94, 30.0, 0.26666666666666666
surrogate, 94, 30.0, 0.26666666666666666
surrogate, 94, 30.0, 0.26666666666666666
surrogate, 94, 30.0, 0.26666666666666666
surrogate, 94, 30.0, 0.26666666666666666
surrogate, 94, 30.0, 0.26666666666666666
surrogate, 94, 30.0, 0.26666666666666666
surrogate, 94, 30.0, 0.26666666666666666
surrogate, 94, 30.0, 0.26666666666666666
surrogate, 94, 30.0, 0.26666666666666666
surrogate, 94, 30.0, 0.26666666666666666
surrogate, 94, 30.0, 0.26666666666666666
surrogate, 94, 30.0, 0.26666666666666666
surrogate, 94, 30.0, 0.26666666666666666
surrogate, 94, 30.0, 0.26666666666666666
surrogate, 94, 30.0, 0.26666666666666666
surrogate, 94, 30.0, 0.26666666666666666
surrogate, 94, 30.0, 0.26666666666666666
surrogate, 94, 30.0, 0.26666666666666666
surrogate, 94, 30.0, 0.26666666666666666
surrogate, 94, 30.0, 0.26666666666666666
surrogate, 94, 30.0, 0.26666666666666666
surrogate, 94, 30.0, 0.26666666666666666
surrogate, 94, 30.0, 0.26666666666666666
surrogate, 94, 30.0, 0.26666666666666666
surrogate, 94, 30.0, 0.26666666666666666
surrogate, 94, 30.0, 0.26666666666666666
surrogate, 94, 30.0, 0.26666666666666666
surrogate, 94, 30.0, 0.26666666666666666
surrogate, 94, 30.0, 0.26666666666666666
surrogate, 94, 30.0, 0.26666666666666666
surrogate, 94, 30.0, 0.26666666666666666
surrogate, 94, 30.0, 0.26666666666666666
surrogate, 94, 30.0, 0.26666666666666666
surrogate, 94, 30.0, 0.26666666666666666
surrogate, 94, 30.0, 0.26666666666666666
surrogate, 94, 29.0, 0.06666666666666667
surrogate, 94, 29.0, 0.06666666666666667
surrogate, 94, 29.0, 0.06666666666666667
surrogate, 94, 29.0, 0.06666666666666667
surrogate, 94, 29.0, 0.06666666666666667
surrogate, 94, 29.0, 0.06666666666666667
surrogate, 94, 29.0, 0.06666666666666667
surrogate, 94, 29.0, 0.06666666666666667
surrogate, 94, 29.0, 0.06666666666666667
surrogate, 94, 29.0, 0.06666666666666667
surrogate, 94, 29.0, 0.06666666666666667
surrogate, 94, 29.0, 0.06666666666666667
surrogate, 94, 29.0, 0.06666666666666667
surrogate, 94, 29.0, 0.06666666666666667
surrogate, 94, 29.0, 0.06666666666666667
surrogate, 94, 29.0, 0.06666666666666667
surrogate, 94, 29.0, 0.06666666666666667
surrogate, 94, 29.0, 0.06666666666666667
surrogate, 94, 29.0, 0.06666666666666667
surrogate, 94, 29.0, 0.06666666666666667
surrogate, 94, 29.0, 0.06666666666666667
surrogate, 94, 29.0, 0.06666666666666667
surrogate, 94, 29.0, 0.06666666666666667
surrogate, 94, 29.0, 0.06666666666666667
surrogate, 94, 29.0, 0.06666666666666667
surrogate, 94, 29.0, 0.06666666666666667
surrogate, 94, 29.0, 0.06666666666666667
surrogate, 94, 29.0, 0.06666666666666667
surrogate, 94, 29.0, 0.06666666666666667
surrogate, 94, 29.0, 0.06666666666666667
surrogate, 94, 29.0, 0.06666666666666667
surrogate, 94, 29.0, 0.06666666666666667
surrogate, 94, 29.0, 0.06666666666666667
surrogate, 94, 29.0, 0.06666666666666667
surrogate, 94, 29.0, 0.06666666666666667
surrogate, 94, 29.0, 0.06666666666666667
surrogate, 94, 29.0, 0.06666666666666667
surrogate, 94, 29.0, 0.06666666666666667
surrogate, 94, 29.0, 0.06666666666666667
surrogate, 94, 29.0, 0.06666666666666667
surrogate, 94, 29.0, 0.06666666666666667
surrogate, 94, 29.0, 0.06666666666666667
surrogate, 94, 29.0, 0.06666666666666667
surrogate, 94, 29.0, 0.06666666666666667
surrogate, 94, 29.0, 0.06666666666666667
surrogate, 94, 29.0, 0.06666666666666667
surrogate, 94, 29.0, 0.06666666666666667
surrogate, 94, 29.0, 0.06666666666666667
surrogate, 94, 29.0, 0.06666666666666667
surrogate, 94, 29.0, 0.06666666666666667
surrogate, 94, 29.0, 0.06666666666666667
surrogate, 94, 29.0, 0.06666666666666667
surrogate, 94, 29.0, 0.06666666666666667
surrogate, 94, 29.0, 0.06666666666666667
surrogate, 94, 29.0, 0.06666666666666667
surrogate, 94, 29.0, 0.06666666666666667
surrogate, 94, 29.0, 0.06666666666666667
surrogate, 94, 29.0, 0.06666666666666667
surrogate, 94, 29.0, 0.06666666666666667
surrogate, 94, 29.0, 0.06666666666666667
surrogate, 94, 29.0, 0.06666666666666667
surrogate, 94, 29.0, 0.06666666666666667
surrogate, 94, 29.0, 0.06666666666666667
surrogate, 94, 29.0, 0.06666666666666667
surrogate, 94, 29.0, 0.06666666666666667
surrogate, 94, 29.0, 0.06666666666666667
surrogate, 94, 29.0, 0.06666666666666667
surrogate, 94, 29.0, 0.06666666666666667
surrogate, 94, 29.0, 0.06666666666666667
surrogate, 94, 29.0, 0.06666666666666667
surrogate, 94, 29.0, 0.06666666666666667
surrogate, 94, 29.0, 0.06666666666666667
surrogate, 94, 29.0, 0.06666666666666667
surrogate, 94, 29.0, 0.06666666666666667
surrogate, 94, 29.0, 0.06666666666666667
surrogate, 94, 28.0, 0.05
surrogate, 94, 28.0, 0.05
surrogate, 94, 28.0, 0.05
surrogate, 94, 28.0, 0.05
surrogate, 94, 28.0, 0.05
surrogate, 94, 28.0, 0.05
surrogate, 94, 28.0, 0.05
surrogate, 94, 28.0, 0.05
surrogate, 94, 28.0, 0.05
surrogate, 94, 28.0, 0.05
surrogate, 94, 28.0, 0.05
surrogate, 94, 28.0, 0.05
surrogate, 94, 28.0, 0.05
surrogate, 94, 28.0, 0.05
surrogate, 94, 28.0, 0.05
surrogate, 94, 28.0, 0.05
surrogate, 94, 28.0, 0.05
surrogate, 94, 28.0, 0.05
surrogate, 94, 27.0, 0.03333333333333333
surrogate, 94, 27.0, 0.03333333333333333
surrogate, 94, 27.0, 0.03333333333333333
surrogate, 94, 27.0, 0.03333333333333333
surrogate, 94, 27.0, 0.03333333333333333
surrogate, 94, 27.0, 0.03333333333333333
surrogate, 94, 27.0, 0.03333333333333333
surrogate, 94, 27.0, 0.03333333333333333
surrogate, 94, 27.0, 0.03333333333333333
surrogate, 94, 27.0, 0.03333333333333333
surrogate, 94, 27.0, 0.03333333333333333
surrogate, 94, 27.0, 0.03333333333333333
surrogate, 94, 27.0, 0.03333333333333333
surrogate, 94, 27.0, 0.03333333333333333
surrogate, 94, 26.0, 0.016666666666666666
surrogate, 94, 26.0, 0.016666666666666666
surrogate, 94, 26.0, 0.016666666666666666
surrogate, 94, 26.0, 0.016666666666666666
surrogate, 94, 26.0, 0.016666666666666666
surrogate, 94, 26.0, 0.016666666666666666
surrogate, 94, 26.0, 0.016666666666666666
surrogate, 94, 26.0, 0.016666666666666666
surrogate, 94, 26.0, 0.016666666666666666
surrogate, 94, 26.0, 0.016666666666666666
surrogate, 94, 26.0, 0.016666666666666666
surrogate, 94, 26.0, 0.016666666666666666
surrogate, 94, 26.0, 0.016666666666666666
surrogate, 94, 26.0, 0.016666666666666666
surrogate, 94, 26.0, 0.016666666666666666
surrogate, 94, 26.0, 0.016666666666666666
surrogate, 94, 26.0, 0.016666666666666666
surrogate, 94, 26.0, 0.016666666666666666
surrogate, 94, 26.0, 0.016666666666666666
surrogate, 94, 26.0, 0.016666666666666666
surrogate, 94, 26.0, 0.016666666666666666
surrogate, 94, 26.0, 0.016666666666666666
surrogate, 94, 26.0, 0.016666666666666666
surrogate, 94, 26.0, 0.016666666666666666
surrogate, 94, 26.0, 0.016666666666666666
surrogate, 94, 26.0, 0.016666666666666666
surrogate, 94, 26.0, 0.016666666666666666
surrogate, 94, 26.0, 0.016666666666666666
surrogate, 94, 26.0, 0.016666666666666666
surrogate, 94, 26.0, 0.016666666666666666
surrogate, 94, 26.0, 0.016666666666666666
surrogate, 94, 26.0, 0.016666666666666666
surrogate, 94, 26.0, 0.016666666666666666
surrogate, 94, 26.0, 0.016666666666666666
surrogate, 94, 26.0, 0.016666666666666666
surrogate, 94, 26.0, 0.016666666666666666
surrogate, 94, 26.0, 0.016666666666666666
surrogate, 94, 26.0, 0.016666666666666666
surrogate, 94, 26.0, 0.016666666666666666
surrogate, 94, 26.0, 0.016666666666666666
surrogate, 94, 26.0, 0.016666666666666666
surrogate, 94, 26.0, 0.016666666666666666
surrogate, 94, 26.0, 0.016666666666666666
surrogate, 94, 26.0, 0.016666666666666666
surrogate, 94, 26.0, 0.016666666666666666
surrogate, 94, 26.0, 0.016666666666666666
surrogate, 94, 26.0, 0.016666666666666666
surrogate, 94, 26.0, 0.016666666666666666
surrogate, 94, 26.0, 0.016666666666666666
surrogate, 94, 26.0, 0.016666666666666666
surrogate, 94, 26.0, 0.016666666666666666
surrogate, 94, 26.0, 0.016666666666666666
surrogate, 94, 26.0, 0.016666666666666666
surrogate, 94, 26.0, 0.016666666666666666
surrogate, 94, 26.0, 0.016666666666666666
surrogate, 94, 26.0, 0.016666666666666666
surrogate, 94, 26.0, 0.016666666666666666
surrogate, 94, 26.0, 0.016666666666666666
surrogate, 94, 26.0, 0.016666666666666666
surrogate, 94, 26.0, 0.016666666666666666
surrogate, 94, 26.0, 0.016666666666666666
surrogate, 94, 26.0, 0.016666666666666666
surrogate, 94, 26.0, 0.016666666666666666
surrogate, 94, 26.0, 0.016666666666666666
surrogate, 94, 26.0, 0.016666666666666666
surrogate, 94, 26.0, 0.016666666666666666
surrogate, 94, 26.0, 0.016666666666666666
surrogate, 94, 26.0, 0.016666666666666666
surrogate, 94, 26.0, 0.016666666666666666
surrogate, 94, 26.0, 0.016666666666666666
surrogate, 94, 26.0, 0.016666666666666666
surrogate, 94, 26.0, 0.016666666666666666
surrogate, 94, 26.0, 0.016666666666666666
surrogate, 94, 26.0, 0.016666666666666666
surrogate, 94, 26.0, 0.016666666666666666
surrogate, 94, 26.0, 0.016666666666666666
surrogate, 94, 26.0, 0.016666666666666666
surrogate, 95, 363.0, 0.9333333333333333
surrogate, 95, 363.0, 0.9333333333333333
surrogate, 95, 231.0, 0.9
surrogate, 95, 231.0, 0.9
surrogate, 95, 231.0, 0.9
surrogate, 95, 231.0, 0.9
surrogate, 95, 231.0, 0.9
surrogate, 95, 189.0, 0.8833333333333333
surrogate, 95, 80.0, 0.8333333333333334
surrogate, 95, 80.0, 0.8333333333333334
surrogate, 95, 80.0, 0.8333333333333334
surrogate, 95, 66.0, 0.8
surrogate, 95, 66.0, 0.8
surrogate, 95, 66.0, 0.8
surrogate, 95, 66.0, 0.8
surrogate, 95, 66.0, 0.8
surrogate, 95, 66.0, 0.8
surrogate, 95, 66.0, 0.8
surrogate, 95, 57.0, 0.7666666666666667
surrogate, 95, 57.0, 0.7666666666666667
surrogate, 95, 53.0, 0.75
surrogate, 95, 53.0, 0.75
surrogate, 95, 46.0, 0.7166666666666667
surrogate, 95, 46.0, 0.7166666666666667
surrogate, 95, 43.0, 0.6833333333333333
surrogate, 95, 43.0, 0.6833333333333333
surrogate, 95, 43.0, 0.6833333333333333
surrogate, 95, 43.0, 0.6833333333333333
surrogate, 95, 43.0, 0.6833333333333333
surrogate, 95, 43.0, 0.6833333333333333
surrogate, 95, 43.0, 0.6833333333333333
surrogate, 95, 43.0, 0.6833333333333333
surrogate, 95, 43.0, 0.6833333333333333
surrogate, 95, 43.0, 0.6833333333333333
surrogate, 95, 43.0, 0.6833333333333333
surrogate, 95, 39.0, 0.65
surrogate, 95, 39.0, 0.65
surrogate, 95, 39.0, 0.65
surrogate, 95, 39.0, 0.65
surrogate, 95, 39.0, 0.65
surrogate, 95, 39.0, 0.65
surrogate, 95, 39.0, 0.65
surrogate, 95, 39.0, 0.65
surrogate, 95, 39.0, 0.65
surrogate, 95, 39.0, 0.65
surrogate, 95, 39.0, 0.65
surrogate, 95, 39.0, 0.65
surrogate, 95, 34.0, 0.55
surrogate, 95, 34.0, 0.55
surrogate, 95, 34.0, 0.55
surrogate, 95, 34.0, 0.55
surrogate, 95, 34.0, 0.55
surrogate, 95, 34.0, 0.55
surrogate, 95, 34.0, 0.55
surrogate, 95, 34.0, 0.55
surrogate, 95, 34.0, 0.55
surrogate, 95, 34.0, 0.55
surrogate, 95, 34.0, 0.55
surrogate, 95, 34.0, 0.55
surrogate, 95, 33.0, 0.5
surrogate, 95, 33.0, 0.5
surrogate, 95, 33.0, 0.5
surrogate, 95, 33.0, 0.5
surrogate, 95, 33.0, 0.5
surrogate, 95, 33.0, 0.5
surrogate, 95, 33.0, 0.5
surrogate, 95, 33.0, 0.5
surrogate, 95, 33.0, 0.5
surrogate, 95, 33.0, 0.5
surrogate, 95, 33.0, 0.5
surrogate, 95, 33.0, 0.5
surrogate, 95, 33.0, 0.5
surrogate, 95, 33.0, 0.5
surrogate, 95, 33.0, 0.5
surrogate, 95, 33.0, 0.5
surrogate, 95, 33.0, 0.5
surrogate, 95, 33.0, 0.5
surrogate, 95, 33.0, 0.5
surrogate, 95, 33.0, 0.5
surrogate, 95, 33.0, 0.5
surrogate, 95, 33.0, 0.5
surrogate, 95, 33.0, 0.5
surrogate, 95, 33.0, 0.5
surrogate, 95, 33.0, 0.5
surrogate, 95, 32.0, 0.36666666666666664
surrogate, 95, 32.0, 0.36666666666666664
surrogate, 95, 32.0, 0.36666666666666664
surrogate, 95, 32.0, 0.36666666666666664
surrogate, 95, 32.0, 0.36666666666666664
surrogate, 95, 32.0, 0.36666666666666664
surrogate, 95, 32.0, 0.36666666666666664
surrogate, 95, 32.0, 0.36666666666666664
surrogate, 95, 32.0, 0.36666666666666664
surrogate, 95, 32.0, 0.36666666666666664
surrogate, 95, 32.0, 0.36666666666666664
surrogate, 95, 32.0, 0.36666666666666664
surrogate, 95, 32.0, 0.36666666666666664
surrogate, 95, 32.0, 0.36666666666666664
surrogate, 95, 32.0, 0.36666666666666664
surrogate, 95, 32.0, 0.36666666666666664
surrogate, 95, 32.0, 0.36666666666666664
surrogate, 95, 32.0, 0.36666666666666664
surrogate, 95, 32.0, 0.36666666666666664
surrogate, 95, 32.0, 0.36666666666666664
surrogate, 95, 32.0, 0.36666666666666664
surrogate, 95, 32.0, 0.36666666666666664
surrogate, 95, 32.0, 0.36666666666666664
surrogate, 95, 32.0, 0.36666666666666664
surrogate, 95, 32.0, 0.36666666666666664
surrogate, 95, 32.0, 0.36666666666666664
surrogate, 95, 32.0, 0.36666666666666664
surrogate, 95, 32.0, 0.36666666666666664
surrogate, 95, 32.0, 0.36666666666666664
surrogate, 95, 32.0, 0.36666666666666664
surrogate, 95, 32.0, 0.36666666666666664
surrogate, 95, 32.0, 0.36666666666666664
surrogate, 95, 32.0, 0.36666666666666664
surrogate, 95, 32.0, 0.36666666666666664
surrogate, 95, 32.0, 0.36666666666666664
surrogate, 95, 32.0, 0.36666666666666664
surrogate, 95, 32.0, 0.36666666666666664
surrogate, 95, 32.0, 0.36666666666666664
surrogate, 95, 32.0, 0.36666666666666664
surrogate, 95, 32.0, 0.36666666666666664
surrogate, 95, 32.0, 0.36666666666666664
surrogate, 95, 32.0, 0.36666666666666664
surrogate, 95, 32.0, 0.36666666666666664
surrogate, 95, 32.0, 0.36666666666666664
surrogate, 95, 32.0, 0.36666666666666664
surrogate, 95, 32.0, 0.36666666666666664
surrogate, 95, 32.0, 0.36666666666666664
surrogate, 95, 32.0, 0.36666666666666664
surrogate, 95, 32.0, 0.36666666666666664
surrogate, 95, 32.0, 0.36666666666666664
surrogate, 95, 32.0, 0.36666666666666664
surrogate, 95, 32.0, 0.36666666666666664
surrogate, 95, 32.0, 0.36666666666666664
surrogate, 95, 32.0, 0.36666666666666664
surrogate, 95, 32.0, 0.36666666666666664
surrogate, 95, 32.0, 0.36666666666666664
surrogate, 95, 32.0, 0.36666666666666664
surrogate, 95, 32.0, 0.36666666666666664
surrogate, 95, 32.0, 0.36666666666666664
surrogate, 95, 32.0, 0.36666666666666664
surrogate, 95, 32.0, 0.36666666666666664
surrogate, 95, 32.0, 0.36666666666666664
surrogate, 95, 32.0, 0.36666666666666664
surrogate, 95, 32.0, 0.36666666666666664
surrogate, 95, 32.0, 0.36666666666666664
surrogate, 95, 32.0, 0.36666666666666664
surrogate, 95, 32.0, 0.36666666666666664
surrogate, 95, 32.0, 0.36666666666666664
surrogate, 95, 32.0, 0.36666666666666664
surrogate, 95, 32.0, 0.36666666666666664
surrogate, 95, 32.0, 0.36666666666666664
surrogate, 95, 32.0, 0.36666666666666664
surrogate, 95, 32.0, 0.36666666666666664
surrogate, 95, 32.0, 0.36666666666666664
surrogate, 95, 32.0, 0.36666666666666664
surrogate, 95, 32.0, 0.36666666666666664
surrogate, 95, 32.0, 0.36666666666666664
surrogate, 95, 32.0, 0.36666666666666664
surrogate, 95, 30.0, 0.26666666666666666
surrogate, 95, 30.0, 0.26666666666666666
surrogate, 95, 30.0, 0.26666666666666666
surrogate, 95, 30.0, 0.26666666666666666
surrogate, 95, 30.0, 0.26666666666666666
surrogate, 95, 30.0, 0.26666666666666666
surrogate, 95, 30.0, 0.26666666666666666
surrogate, 95, 30.0, 0.26666666666666666
surrogate, 95, 30.0, 0.26666666666666666
surrogate, 95, 30.0, 0.26666666666666666
surrogate, 95, 30.0, 0.26666666666666666
surrogate, 95, 30.0, 0.26666666666666666
surrogate, 95, 30.0, 0.26666666666666666
surrogate, 95, 30.0, 0.26666666666666666
surrogate, 95, 30.0, 0.26666666666666666
surrogate, 95, 30.0, 0.26666666666666666
surrogate, 95, 30.0, 0.26666666666666666
surrogate, 95, 30.0, 0.26666666666666666
surrogate, 95, 30.0, 0.26666666666666666
surrogate, 95, 30.0, 0.26666666666666666
surrogate, 95, 30.0, 0.26666666666666666
surrogate, 95, 30.0, 0.26666666666666666
surrogate, 95, 30.0, 0.26666666666666666
surrogate, 95, 30.0, 0.26666666666666666
surrogate, 95, 30.0, 0.26666666666666666
surrogate, 95, 30.0, 0.26666666666666666
surrogate, 95, 30.0, 0.26666666666666666
surrogate, 95, 30.0, 0.26666666666666666
surrogate, 95, 30.0, 0.26666666666666666
surrogate, 95, 30.0, 0.26666666666666666
surrogate, 95, 30.0, 0.26666666666666666
surrogate, 95, 30.0, 0.26666666666666666
surrogate, 95, 30.0, 0.26666666666666666
surrogate, 95, 30.0, 0.26666666666666666
surrogate, 95, 30.0, 0.26666666666666666
surrogate, 95, 30.0, 0.26666666666666666
surrogate, 95, 30.0, 0.26666666666666666
surrogate, 95, 30.0, 0.26666666666666666
surrogate, 95, 30.0, 0.26666666666666666
surrogate, 95, 30.0, 0.26666666666666666
surrogate, 95, 30.0, 0.26666666666666666
surrogate, 95, 30.0, 0.26666666666666666
surrogate, 95, 30.0, 0.26666666666666666
surrogate, 95, 30.0, 0.26666666666666666
surrogate, 95, 30.0, 0.26666666666666666
surrogate, 95, 30.0, 0.26666666666666666
surrogate, 95, 30.0, 0.26666666666666666
surrogate, 95, 30.0, 0.26666666666666666
surrogate, 95, 30.0, 0.26666666666666666
surrogate, 95, 30.0, 0.26666666666666666
surrogate, 95, 30.0, 0.26666666666666666
surrogate, 95, 30.0, 0.26666666666666666
surrogate, 95, 30.0, 0.26666666666666666
surrogate, 95, 30.0, 0.26666666666666666
surrogate, 95, 30.0, 0.26666666666666666
surrogate, 95, 30.0, 0.26666666666666666
surrogate, 95, 29.0, 0.06666666666666667
surrogate, 95, 29.0, 0.06666666666666667
surrogate, 95, 29.0, 0.06666666666666667
surrogate, 95, 29.0, 0.06666666666666667
surrogate, 95, 29.0, 0.06666666666666667
surrogate, 95, 29.0, 0.06666666666666667
surrogate, 95, 29.0, 0.06666666666666667
surrogate, 95, 29.0, 0.06666666666666667
surrogate, 95, 29.0, 0.06666666666666667
surrogate, 95, 29.0, 0.06666666666666667
surrogate, 95, 29.0, 0.06666666666666667
surrogate, 95, 29.0, 0.06666666666666667
surrogate, 95, 29.0, 0.06666666666666667
surrogate, 95, 29.0, 0.06666666666666667
surrogate, 95, 29.0, 0.06666666666666667
surrogate, 95, 29.0, 0.06666666666666667
surrogate, 95, 29.0, 0.06666666666666667
surrogate, 95, 29.0, 0.06666666666666667
surrogate, 95, 29.0, 0.06666666666666667
surrogate, 95, 29.0, 0.06666666666666667
surrogate, 95, 29.0, 0.06666666666666667
surrogate, 95, 29.0, 0.06666666666666667
surrogate, 95, 29.0, 0.06666666666666667
surrogate, 95, 29.0, 0.06666666666666667
surrogate, 95, 29.0, 0.06666666666666667
surrogate, 95, 29.0, 0.06666666666666667
surrogate, 95, 29.0, 0.06666666666666667
surrogate, 95, 29.0, 0.06666666666666667
surrogate, 95, 29.0, 0.06666666666666667
surrogate, 95, 29.0, 0.06666666666666667
surrogate, 95, 29.0, 0.06666666666666667
surrogate, 95, 29.0, 0.06666666666666667
surrogate, 95, 29.0, 0.06666666666666667
surrogate, 95, 29.0, 0.06666666666666667
surrogate, 95, 29.0, 0.06666666666666667
surrogate, 95, 29.0, 0.06666666666666667
surrogate, 95, 29.0, 0.06666666666666667
surrogate, 95, 29.0, 0.06666666666666667
surrogate, 95, 29.0, 0.06666666666666667
surrogate, 95, 29.0, 0.06666666666666667
surrogate, 95, 29.0, 0.06666666666666667
surrogate, 95, 29.0, 0.06666666666666667
surrogate, 95, 29.0, 0.06666666666666667
surrogate, 95, 29.0, 0.06666666666666667
surrogate, 95, 29.0, 0.06666666666666667
surrogate, 95, 29.0, 0.06666666666666667
surrogate, 95, 29.0, 0.06666666666666667
surrogate, 95, 29.0, 0.06666666666666667
surrogate, 95, 29.0, 0.06666666666666667
surrogate, 95, 29.0, 0.06666666666666667
surrogate, 95, 29.0, 0.06666666666666667
surrogate, 95, 29.0, 0.06666666666666667
surrogate, 95, 29.0, 0.06666666666666667
surrogate, 95, 29.0, 0.06666666666666667
surrogate, 95, 29.0, 0.06666666666666667
surrogate, 95, 29.0, 0.06666666666666667
surrogate, 95, 29.0, 0.06666666666666667
surrogate, 95, 29.0, 0.06666666666666667
surrogate, 95, 29.0, 0.06666666666666667
surrogate, 95, 29.0, 0.06666666666666667
surrogate, 95, 29.0, 0.06666666666666667
surrogate, 95, 29.0, 0.06666666666666667
surrogate, 95, 29.0, 0.06666666666666667
surrogate, 95, 29.0, 0.06666666666666667
surrogate, 95, 29.0, 0.06666666666666667
surrogate, 95, 29.0, 0.06666666666666667
surrogate, 95, 29.0, 0.06666666666666667
surrogate, 95, 29.0, 0.06666666666666667
surrogate, 95, 29.0, 0.06666666666666667
surrogate, 95, 29.0, 0.06666666666666667
surrogate, 95, 29.0, 0.06666666666666667
surrogate, 95, 29.0, 0.06666666666666667
surrogate, 95, 29.0, 0.06666666666666667
surrogate, 95, 29.0, 0.06666666666666667
surrogate, 95, 29.0, 0.06666666666666667
surrogate, 95, 28.0, 0.05
surrogate, 95, 28.0, 0.05
surrogate, 95, 28.0, 0.05
surrogate, 95, 28.0, 0.05
surrogate, 95, 28.0, 0.05
surrogate, 95, 28.0, 0.05
surrogate, 95, 28.0, 0.05
surrogate, 95, 28.0, 0.05
surrogate, 95, 28.0, 0.05
surrogate, 95, 28.0, 0.05
surrogate, 95, 28.0, 0.05
surrogate, 95, 28.0, 0.05
surrogate, 95, 28.0, 0.05
surrogate, 95, 28.0, 0.05
surrogate, 95, 28.0, 0.05
surrogate, 95, 28.0, 0.05
surrogate, 95, 28.0, 0.05
surrogate, 95, 28.0, 0.05
surrogate, 95, 27.0, 0.03333333333333333
surrogate, 95, 27.0, 0.03333333333333333
surrogate, 95, 27.0, 0.03333333333333333
surrogate, 95, 27.0, 0.03333333333333333
surrogate, 95, 27.0, 0.03333333333333333
surrogate, 95, 27.0, 0.03333333333333333
surrogate, 95, 27.0, 0.03333333333333333
surrogate, 95, 27.0, 0.03333333333333333
surrogate, 95, 27.0, 0.03333333333333333
surrogate, 95, 27.0, 0.03333333333333333
surrogate, 95, 27.0, 0.03333333333333333
surrogate, 95, 27.0, 0.03333333333333333
surrogate, 95, 27.0, 0.03333333333333333
surrogate, 95, 27.0, 0.03333333333333333
surrogate, 95, 26.0, 0.016666666666666666
surrogate, 95, 26.0, 0.016666666666666666
surrogate, 95, 26.0, 0.016666666666666666
surrogate, 95, 26.0, 0.016666666666666666
surrogate, 95, 26.0, 0.016666666666666666
surrogate, 95, 26.0, 0.016666666666666666
surrogate, 95, 26.0, 0.016666666666666666
surrogate, 95, 26.0, 0.016666666666666666
surrogate, 95, 26.0, 0.016666666666666666
surrogate, 95, 26.0, 0.016666666666666666
surrogate, 95, 26.0, 0.016666666666666666
surrogate, 95, 26.0, 0.016666666666666666
surrogate, 95, 26.0, 0.016666666666666666
surrogate, 95, 26.0, 0.016666666666666666
surrogate, 95, 26.0, 0.016666666666666666
surrogate, 95, 26.0, 0.016666666666666666
surrogate, 95, 26.0, 0.016666666666666666
surrogate, 95, 26.0, 0.016666666666666666
surrogate, 95, 26.0, 0.016666666666666666
surrogate, 95, 26.0, 0.016666666666666666
surrogate, 95, 26.0, 0.016666666666666666
surrogate, 95, 26.0, 0.016666666666666666
surrogate, 95, 26.0, 0.016666666666666666
surrogate, 95, 26.0, 0.016666666666666666
surrogate, 95, 26.0, 0.016666666666666666
surrogate, 95, 26.0, 0.016666666666666666
surrogate, 95, 26.0, 0.016666666666666666
surrogate, 95, 26.0, 0.016666666666666666
surrogate, 95, 26.0, 0.016666666666666666
surrogate, 95, 26.0, 0.016666666666666666
surrogate, 95, 26.0, 0.016666666666666666
surrogate, 95, 26.0, 0.016666666666666666
surrogate, 95, 26.0, 0.016666666666666666
surrogate, 95, 26.0, 0.016666666666666666
surrogate, 95, 26.0, 0.016666666666666666
surrogate, 95, 26.0, 0.016666666666666666
surrogate, 95, 26.0, 0.016666666666666666
surrogate, 95, 26.0, 0.016666666666666666
surrogate, 95, 26.0, 0.016666666666666666
surrogate, 95, 26.0, 0.016666666666666666
surrogate, 95, 26.0, 0.016666666666666666
surrogate, 95, 26.0, 0.016666666666666666
surrogate, 95, 26.0, 0.016666666666666666
surrogate, 95, 26.0, 0.016666666666666666
surrogate, 95, 26.0, 0.016666666666666666
surrogate, 95, 26.0, 0.016666666666666666
surrogate, 95, 26.0, 0.016666666666666666
surrogate, 95, 26.0, 0.016666666666666666
surrogate, 95, 26.0, 0.016666666666666666
surrogate, 95, 26.0, 0.016666666666666666
surrogate, 95, 26.0, 0.016666666666666666
surrogate, 95, 26.0, 0.016666666666666666
surrogate, 95, 26.0, 0.016666666666666666
surrogate, 95, 26.0, 0.016666666666666666
surrogate, 95, 26.0, 0.016666666666666666
surrogate, 95, 26.0, 0.016666666666666666
surrogate, 95, 26.0, 0.016666666666666666
surrogate, 95, 26.0, 0.016666666666666666
surrogate, 95, 26.0, 0.016666666666666666
surrogate, 95, 26.0, 0.016666666666666666
surrogate, 95, 26.0, 0.016666666666666666
surrogate, 95, 26.0, 0.016666666666666666
surrogate, 95, 26.0, 0.016666666666666666
surrogate, 95, 26.0, 0.016666666666666666
surrogate, 95, 26.0, 0.016666666666666666
surrogate, 95, 26.0, 0.016666666666666666
surrogate, 95, 26.0, 0.016666666666666666
surrogate, 95, 26.0, 0.016666666666666666
surrogate, 95, 26.0, 0.016666666666666666
surrogate, 95, 26.0, 0.016666666666666666
surrogate, 95, 26.0, 0.016666666666666666
surrogate, 95, 26.0, 0.016666666666666666
surrogate, 95, 26.0, 0.016666666666666666
surrogate, 95, 26.0, 0.016666666666666666
surrogate, 95, 26.0, 0.016666666666666666
surrogate, 95, 26.0, 0.016666666666666666
surrogate, 95, 26.0, 0.016666666666666666
surrogate, 96, 1071.0, 1.0
surrogate, 96, 363.0, 0.9333333333333333
surrogate, 96, 363.0, 0.9333333333333333
surrogate, 96, 231.0, 0.9
surrogate, 96, 231.0, 0.9
surrogate, 96, 231.0, 0.9
surrogate, 96, 231.0, 0.9
surrogate, 96, 231.0, 0.9
surrogate, 96, 189.0, 0.8833333333333333
surrogate, 96, 80.0, 0.8333333333333334
surrogate, 96, 80.0, 0.8333333333333334
surrogate, 96, 80.0, 0.8333333333333334
surrogate, 96, 66.0, 0.8
surrogate, 96, 66.0, 0.8
surrogate, 96, 66.0, 0.8
surrogate, 96, 66.0, 0.8
surrogate, 96, 66.0, 0.8
surrogate, 96, 66.0, 0.8
surrogate, 96, 66.0, 0.8
surrogate, 96, 57.0, 0.7666666666666667
surrogate, 96, 57.0, 0.7666666666666667
surrogate, 96, 53.0, 0.75
surrogate, 96, 53.0, 0.75
surrogate, 96, 53.0, 0.75
surrogate, 96, 46.0, 0.7166666666666667
surrogate, 96, 46.0, 0.7166666666666667
surrogate, 96, 43.0, 0.6833333333333333
surrogate, 96, 43.0, 0.6833333333333333
surrogate, 96, 43.0, 0.6833333333333333
surrogate, 96, 43.0, 0.6833333333333333
surrogate, 96, 43.0, 0.6833333333333333
surrogate, 96, 43.0, 0.6833333333333333
surrogate, 96, 43.0, 0.6833333333333333
surrogate, 96, 43.0, 0.6833333333333333
surrogate, 96, 43.0, 0.6833333333333333
surrogate, 96, 43.0, 0.6833333333333333
surrogate, 96, 43.0, 0.6833333333333333
surrogate, 96, 39.0, 0.65
surrogate, 96, 39.0, 0.65
surrogate, 96, 39.0, 0.65
surrogate, 96, 39.0, 0.65
surrogate, 96, 39.0, 0.65
surrogate, 96, 39.0, 0.65
surrogate, 96, 39.0, 0.65
surrogate, 96, 39.0, 0.65
surrogate, 96, 39.0, 0.65
surrogate, 96, 39.0, 0.65
surrogate, 96, 39.0, 0.65
surrogate, 96, 39.0, 0.65
surrogate, 96, 34.0, 0.55
surrogate, 96, 34.0, 0.55
surrogate, 96, 34.0, 0.55
surrogate, 96, 34.0, 0.55
surrogate, 96, 34.0, 0.55
surrogate, 96, 34.0, 0.55
surrogate, 96, 34.0, 0.55
surrogate, 96, 34.0, 0.55
surrogate, 96, 34.0, 0.55
surrogate, 96, 34.0, 0.55
surrogate, 96, 34.0, 0.55
surrogate, 96, 34.0, 0.55
surrogate, 96, 34.0, 0.55
surrogate, 96, 33.0, 0.5
surrogate, 96, 33.0, 0.5
surrogate, 96, 33.0, 0.5
surrogate, 96, 33.0, 0.5
surrogate, 96, 33.0, 0.5
surrogate, 96, 33.0, 0.5
surrogate, 96, 33.0, 0.5
surrogate, 96, 33.0, 0.5
surrogate, 96, 33.0, 0.5
surrogate, 96, 33.0, 0.5
surrogate, 96, 33.0, 0.5
surrogate, 96, 33.0, 0.5
surrogate, 96, 33.0, 0.5
surrogate, 96, 33.0, 0.5
surrogate, 96, 33.0, 0.5
surrogate, 96, 33.0, 0.5
surrogate, 96, 33.0, 0.5
surrogate, 96, 33.0, 0.5
surrogate, 96, 33.0, 0.5
surrogate, 96, 33.0, 0.5
surrogate, 96, 33.0, 0.5
surrogate, 96, 33.0, 0.5
surrogate, 96, 33.0, 0.5
surrogate, 96, 33.0, 0.5
surrogate, 96, 33.0, 0.5
surrogate, 96, 32.0, 0.36666666666666664
surrogate, 96, 32.0, 0.36666666666666664
surrogate, 96, 32.0, 0.36666666666666664
surrogate, 96, 32.0, 0.36666666666666664
surrogate, 96, 32.0, 0.36666666666666664
surrogate, 96, 32.0, 0.36666666666666664
surrogate, 96, 32.0, 0.36666666666666664
surrogate, 96, 32.0, 0.36666666666666664
surrogate, 96, 32.0, 0.36666666666666664
surrogate, 96, 32.0, 0.36666666666666664
surrogate, 96, 32.0, 0.36666666666666664
surrogate, 96, 32.0, 0.36666666666666664
surrogate, 96, 32.0, 0.36666666666666664
surrogate, 96, 32.0, 0.36666666666666664
surrogate, 96, 32.0, 0.36666666666666664
surrogate, 96, 32.0, 0.36666666666666664
surrogate, 96, 32.0, 0.36666666666666664
surrogate, 96, 32.0, 0.36666666666666664
surrogate, 96, 32.0, 0.36666666666666664
surrogate, 96, 32.0, 0.36666666666666664
surrogate, 96, 32.0, 0.36666666666666664
surrogate, 96, 32.0, 0.36666666666666664
surrogate, 96, 32.0, 0.36666666666666664
surrogate, 96, 32.0, 0.36666666666666664
surrogate, 96, 32.0, 0.36666666666666664
surrogate, 96, 32.0, 0.36666666666666664
surrogate, 96, 32.0, 0.36666666666666664
surrogate, 96, 32.0, 0.36666666666666664
surrogate, 96, 32.0, 0.36666666666666664
surrogate, 96, 32.0, 0.36666666666666664
surrogate, 96, 32.0, 0.36666666666666664
surrogate, 96, 32.0, 0.36666666666666664
surrogate, 96, 32.0, 0.36666666666666664
surrogate, 96, 32.0, 0.36666666666666664
surrogate, 96, 32.0, 0.36666666666666664
surrogate, 96, 32.0, 0.36666666666666664
surrogate, 96, 32.0, 0.36666666666666664
surrogate, 96, 32.0, 0.36666666666666664
surrogate, 96, 32.0, 0.36666666666666664
surrogate, 96, 32.0, 0.36666666666666664
surrogate, 96, 32.0, 0.36666666666666664
surrogate, 96, 32.0, 0.36666666666666664
surrogate, 96, 32.0, 0.36666666666666664
surrogate, 96, 32.0, 0.36666666666666664
surrogate, 96, 32.0, 0.36666666666666664
surrogate, 96, 32.0, 0.36666666666666664
surrogate, 96, 32.0, 0.36666666666666664
surrogate, 96, 32.0, 0.36666666666666664
surrogate, 96, 32.0, 0.36666666666666664
surrogate, 96, 32.0, 0.36666666666666664
surrogate, 96, 32.0, 0.36666666666666664
surrogate, 96, 32.0, 0.36666666666666664
surrogate, 96, 32.0, 0.36666666666666664
surrogate, 96, 32.0, 0.36666666666666664
surrogate, 96, 32.0, 0.36666666666666664
surrogate, 96, 32.0, 0.36666666666666664
surrogate, 96, 32.0, 0.36666666666666664
surrogate, 96, 32.0, 0.36666666666666664
surrogate, 96, 32.0, 0.36666666666666664
surrogate, 96, 32.0, 0.36666666666666664
surrogate, 96, 32.0, 0.36666666666666664
surrogate, 96, 32.0, 0.36666666666666664
surrogate, 96, 32.0, 0.36666666666666664
surrogate, 96, 32.0, 0.36666666666666664
surrogate, 96, 32.0, 0.36666666666666664
surrogate, 96, 32.0, 0.36666666666666664
surrogate, 96, 32.0, 0.36666666666666664
surrogate, 96, 32.0, 0.36666666666666664
surrogate, 96, 32.0, 0.36666666666666664
surrogate, 96, 32.0, 0.36666666666666664
surrogate, 96, 32.0, 0.36666666666666664
surrogate, 96, 32.0, 0.36666666666666664
surrogate, 96, 32.0, 0.36666666666666664
surrogate, 96, 32.0, 0.36666666666666664
surrogate, 96, 32.0, 0.36666666666666664
surrogate, 96, 32.0, 0.36666666666666664
surrogate, 96, 32.0, 0.36666666666666664
surrogate, 96, 32.0, 0.36666666666666664
surrogate, 96, 32.0, 0.36666666666666664
surrogate, 96, 30.0, 0.26666666666666666
surrogate, 96, 30.0, 0.26666666666666666
surrogate, 96, 30.0, 0.26666666666666666
surrogate, 96, 30.0, 0.26666666666666666
surrogate, 96, 30.0, 0.26666666666666666
surrogate, 96, 30.0, 0.26666666666666666
surrogate, 96, 30.0, 0.26666666666666666
surrogate, 96, 30.0, 0.26666666666666666
surrogate, 96, 30.0, 0.26666666666666666
surrogate, 96, 30.0, 0.26666666666666666
surrogate, 96, 30.0, 0.26666666666666666
surrogate, 96, 30.0, 0.26666666666666666
surrogate, 96, 30.0, 0.26666666666666666
surrogate, 96, 30.0, 0.26666666666666666
surrogate, 96, 30.0, 0.26666666666666666
surrogate, 96, 30.0, 0.26666666666666666
surrogate, 96, 30.0, 0.26666666666666666
surrogate, 96, 30.0, 0.26666666666666666
surrogate, 96, 30.0, 0.26666666666666666
surrogate, 96, 30.0, 0.26666666666666666
surrogate, 96, 30.0, 0.26666666666666666
surrogate, 96, 30.0, 0.26666666666666666
surrogate, 96, 30.0, 0.26666666666666666
surrogate, 96, 30.0, 0.26666666666666666
surrogate, 96, 30.0, 0.26666666666666666
surrogate, 96, 30.0, 0.26666666666666666
surrogate, 96, 30.0, 0.26666666666666666
surrogate, 96, 30.0, 0.26666666666666666
surrogate, 96, 30.0, 0.26666666666666666
surrogate, 96, 30.0, 0.26666666666666666
surrogate, 96, 30.0, 0.26666666666666666
surrogate, 96, 30.0, 0.26666666666666666
surrogate, 96, 30.0, 0.26666666666666666
surrogate, 96, 30.0, 0.26666666666666666
surrogate, 96, 30.0, 0.26666666666666666
surrogate, 96, 30.0, 0.26666666666666666
surrogate, 96, 30.0, 0.26666666666666666
surrogate, 96, 30.0, 0.26666666666666666
surrogate, 96, 30.0, 0.26666666666666666
surrogate, 96, 30.0, 0.26666666666666666
surrogate, 96, 30.0, 0.26666666666666666
surrogate, 96, 30.0, 0.26666666666666666
surrogate, 96, 30.0, 0.26666666666666666
surrogate, 96, 30.0, 0.26666666666666666
surrogate, 96, 30.0, 0.26666666666666666
surrogate, 96, 30.0, 0.26666666666666666
surrogate, 96, 30.0, 0.26666666666666666
surrogate, 96, 30.0, 0.26666666666666666
surrogate, 96, 30.0, 0.26666666666666666
surrogate, 96, 30.0, 0.26666666666666666
surrogate, 96, 30.0, 0.26666666666666666
surrogate, 96, 30.0, 0.26666666666666666
surrogate, 96, 30.0, 0.26666666666666666
surrogate, 96, 30.0, 0.26666666666666666
surrogate, 96, 30.0, 0.26666666666666666
surrogate, 96, 30.0, 0.26666666666666666
surrogate, 96, 30.0, 0.26666666666666666
surrogate, 96, 29.0, 0.06666666666666667
surrogate, 96, 29.0, 0.06666666666666667
surrogate, 96, 29.0, 0.06666666666666667
surrogate, 96, 29.0, 0.06666666666666667
surrogate, 96, 29.0, 0.06666666666666667
surrogate, 96, 29.0, 0.06666666666666667
surrogate, 96, 29.0, 0.06666666666666667
surrogate, 96, 29.0, 0.06666666666666667
surrogate, 96, 29.0, 0.06666666666666667
surrogate, 96, 29.0, 0.06666666666666667
surrogate, 96, 29.0, 0.06666666666666667
surrogate, 96, 29.0, 0.06666666666666667
surrogate, 96, 29.0, 0.06666666666666667
surrogate, 96, 29.0, 0.06666666666666667
surrogate, 96, 29.0, 0.06666666666666667
surrogate, 96, 29.0, 0.06666666666666667
surrogate, 96, 29.0, 0.06666666666666667
surrogate, 96, 29.0, 0.06666666666666667
surrogate, 96, 29.0, 0.06666666666666667
surrogate, 96, 29.0, 0.06666666666666667
surrogate, 96, 29.0, 0.06666666666666667
surrogate, 96, 29.0, 0.06666666666666667
surrogate, 96, 29.0, 0.06666666666666667
surrogate, 96, 29.0, 0.06666666666666667
surrogate, 96, 29.0, 0.06666666666666667
surrogate, 96, 29.0, 0.06666666666666667
surrogate, 96, 29.0, 0.06666666666666667
surrogate, 96, 29.0, 0.06666666666666667
surrogate, 96, 29.0, 0.06666666666666667
surrogate, 96, 29.0, 0.06666666666666667
surrogate, 96, 29.0, 0.06666666666666667
surrogate, 96, 29.0, 0.06666666666666667
surrogate, 96, 29.0, 0.06666666666666667
surrogate, 96, 29.0, 0.06666666666666667
surrogate, 96, 29.0, 0.06666666666666667
surrogate, 96, 29.0, 0.06666666666666667
surrogate, 96, 29.0, 0.06666666666666667
surrogate, 96, 29.0, 0.06666666666666667
surrogate, 96, 29.0, 0.06666666666666667
surrogate, 96, 29.0, 0.06666666666666667
surrogate, 96, 29.0, 0.06666666666666667
surrogate, 96, 29.0, 0.06666666666666667
surrogate, 96, 29.0, 0.06666666666666667
surrogate, 96, 29.0, 0.06666666666666667
surrogate, 96, 29.0, 0.06666666666666667
surrogate, 96, 29.0, 0.06666666666666667
surrogate, 96, 29.0, 0.06666666666666667
surrogate, 96, 29.0, 0.06666666666666667
surrogate, 96, 29.0, 0.06666666666666667
surrogate, 96, 29.0, 0.06666666666666667
surrogate, 96, 29.0, 0.06666666666666667
surrogate, 96, 29.0, 0.06666666666666667
surrogate, 96, 29.0, 0.06666666666666667
surrogate, 96, 29.0, 0.06666666666666667
surrogate, 96, 29.0, 0.06666666666666667
surrogate, 96, 29.0, 0.06666666666666667
surrogate, 96, 29.0, 0.06666666666666667
surrogate, 96, 29.0, 0.06666666666666667
surrogate, 96, 29.0, 0.06666666666666667
surrogate, 96, 29.0, 0.06666666666666667
surrogate, 96, 29.0, 0.06666666666666667
surrogate, 96, 29.0, 0.06666666666666667
surrogate, 96, 29.0, 0.06666666666666667
surrogate, 96, 29.0, 0.06666666666666667
surrogate, 96, 29.0, 0.06666666666666667
surrogate, 96, 29.0, 0.06666666666666667
surrogate, 96, 29.0, 0.06666666666666667
surrogate, 96, 29.0, 0.06666666666666667
surrogate, 96, 29.0, 0.06666666666666667
surrogate, 96, 29.0, 0.06666666666666667
surrogate, 96, 29.0, 0.06666666666666667
surrogate, 96, 29.0, 0.06666666666666667
surrogate, 96, 29.0, 0.06666666666666667
surrogate, 96, 29.0, 0.06666666666666667
surrogate, 96, 29.0, 0.06666666666666667
surrogate, 96, 29.0, 0.06666666666666667
surrogate, 96, 28.0, 0.05
surrogate, 96, 28.0, 0.05
surrogate, 96, 28.0, 0.05
surrogate, 96, 28.0, 0.05
surrogate, 96, 28.0, 0.05
surrogate, 96, 28.0, 0.05
surrogate, 96, 28.0, 0.05
surrogate, 96, 28.0, 0.05
surrogate, 96, 28.0, 0.05
surrogate, 96, 28.0, 0.05
surrogate, 96, 28.0, 0.05
surrogate, 96, 28.0, 0.05
surrogate, 96, 28.0, 0.05
surrogate, 96, 28.0, 0.05
surrogate, 96, 28.0, 0.05
surrogate, 96, 28.0, 0.05
surrogate, 96, 28.0, 0.05
surrogate, 96, 28.0, 0.05
surrogate, 96, 27.0, 0.03333333333333333
surrogate, 96, 27.0, 0.03333333333333333
surrogate, 96, 27.0, 0.03333333333333333
surrogate, 96, 27.0, 0.03333333333333333
surrogate, 96, 27.0, 0.03333333333333333
surrogate, 96, 27.0, 0.03333333333333333
surrogate, 96, 27.0, 0.03333333333333333
surrogate, 96, 27.0, 0.03333333333333333
surrogate, 96, 27.0, 0.03333333333333333
surrogate, 96, 27.0, 0.03333333333333333
surrogate, 96, 27.0, 0.03333333333333333
surrogate, 96, 27.0, 0.03333333333333333
surrogate, 96, 27.0, 0.03333333333333333
surrogate, 96, 27.0, 0.03333333333333333
surrogate, 96, 26.0, 0.016666666666666666
surrogate, 96, 26.0, 0.016666666666666666
surrogate, 96, 26.0, 0.016666666666666666
surrogate, 96, 26.0, 0.016666666666666666
surrogate, 96, 26.0, 0.016666666666666666
surrogate, 96, 26.0, 0.016666666666666666
surrogate, 96, 26.0, 0.016666666666666666
surrogate, 96, 26.0, 0.016666666666666666
surrogate, 96, 26.0, 0.016666666666666666
surrogate, 96, 26.0, 0.016666666666666666
surrogate, 96, 26.0, 0.016666666666666666
surrogate, 96, 26.0, 0.016666666666666666
surrogate, 96, 26.0, 0.016666666666666666
surrogate, 96, 26.0, 0.016666666666666666
surrogate, 96, 26.0, 0.016666666666666666
surrogate, 96, 26.0, 0.016666666666666666
surrogate, 96, 26.0, 0.016666666666666666
surrogate, 96, 26.0, 0.016666666666666666
surrogate, 96, 26.0, 0.016666666666666666
surrogate, 96, 26.0, 0.016666666666666666
surrogate, 96, 26.0, 0.016666666666666666
surrogate, 96, 26.0, 0.016666666666666666
surrogate, 96, 26.0, 0.016666666666666666
surrogate, 96, 26.0, 0.016666666666666666
surrogate, 96, 26.0, 0.016666666666666666
surrogate, 96, 26.0, 0.016666666666666666
surrogate, 96, 26.0, 0.016666666666666666
surrogate, 96, 26.0, 0.016666666666666666
surrogate, 96, 26.0, 0.016666666666666666
surrogate, 96, 26.0, 0.016666666666666666
surrogate, 96, 26.0, 0.016666666666666666
surrogate, 96, 26.0, 0.016666666666666666
surrogate, 96, 26.0, 0.016666666666666666
surrogate, 96, 26.0, 0.016666666666666666
surrogate, 96, 26.0, 0.016666666666666666
surrogate, 96, 26.0, 0.016666666666666666
surrogate, 96, 26.0, 0.016666666666666666
surrogate, 96, 26.0, 0.016666666666666666
surrogate, 96, 26.0, 0.016666666666666666
surrogate, 96, 26.0, 0.016666666666666666
surrogate, 96, 26.0, 0.016666666666666666
surrogate, 96, 26.0, 0.016666666666666666
surrogate, 96, 26.0, 0.016666666666666666
surrogate, 96, 26.0, 0.016666666666666666
surrogate, 96, 26.0, 0.016666666666666666
surrogate, 96, 26.0, 0.016666666666666666
surrogate, 96, 26.0, 0.016666666666666666
surrogate, 96, 26.0, 0.016666666666666666
surrogate, 96, 26.0, 0.016666666666666666
surrogate, 96, 26.0, 0.016666666666666666
surrogate, 96, 26.0, 0.016666666666666666
surrogate, 96, 26.0, 0.016666666666666666
surrogate, 96, 26.0, 0.016666666666666666
surrogate, 96, 26.0, 0.016666666666666666
surrogate, 96, 26.0, 0.016666666666666666
surrogate, 96, 26.0, 0.016666666666666666
surrogate, 96, 26.0, 0.016666666666666666
surrogate, 96, 26.0, 0.016666666666666666
surrogate, 96, 26.0, 0.016666666666666666
surrogate, 96, 26.0, 0.016666666666666666
surrogate, 96, 26.0, 0.016666666666666666
surrogate, 96, 26.0, 0.016666666666666666
surrogate, 96, 26.0, 0.016666666666666666
surrogate, 96, 26.0, 0.016666666666666666
surrogate, 96, 26.0, 0.016666666666666666
surrogate, 96, 26.0, 0.016666666666666666
surrogate, 96, 26.0, 0.016666666666666666
surrogate, 96, 26.0, 0.016666666666666666
surrogate, 96, 26.0, 0.016666666666666666
surrogate, 96, 26.0, 0.016666666666666666
surrogate, 96, 26.0, 0.016666666666666666
surrogate, 96, 26.0, 0.016666666666666666
surrogate, 96, 26.0, 0.016666666666666666
surrogate, 96, 26.0, 0.016666666666666666
surrogate, 96, 26.0, 0.016666666666666666
surrogate, 96, 26.0, 0.016666666666666666
surrogate, 96, 26.0, 0.016666666666666666
surrogate, 97, 1071.0, 1.0
surrogate, 97, 363.0, 0.9333333333333333
surrogate, 97, 363.0, 0.9333333333333333
surrogate, 97, 231.0, 0.9
surrogate, 97, 231.0, 0.9
surrogate, 97, 231.0, 0.9
surrogate, 97, 231.0, 0.9
surrogate, 97, 231.0, 0.9
surrogate, 97, 189.0, 0.8833333333333333
surrogate, 97, 80.0, 0.8333333333333334
surrogate, 97, 80.0, 0.8333333333333334
surrogate, 97, 80.0, 0.8333333333333334
surrogate, 97, 66.0, 0.8
surrogate, 97, 66.0, 0.8
surrogate, 97, 66.0, 0.8
surrogate, 97, 66.0, 0.8
surrogate, 97, 66.0, 0.8
surrogate, 97, 66.0, 0.8
surrogate, 97, 66.0, 0.8
surrogate, 97, 57.0, 0.7666666666666667
surrogate, 97, 57.0, 0.7666666666666667
surrogate, 97, 53.0, 0.75
surrogate, 97, 53.0, 0.75
surrogate, 97, 53.0, 0.75
surrogate, 97, 46.0, 0.7166666666666667
surrogate, 97, 46.0, 0.7166666666666667
surrogate, 97, 43.0, 0.6833333333333333
surrogate, 97, 43.0, 0.6833333333333333
surrogate, 97, 43.0, 0.6833333333333333
surrogate, 97, 43.0, 0.6833333333333333
surrogate, 97, 43.0, 0.6833333333333333
surrogate, 97, 43.0, 0.6833333333333333
surrogate, 97, 43.0, 0.6833333333333333
surrogate, 97, 43.0, 0.6833333333333333
surrogate, 97, 43.0, 0.6833333333333333
surrogate, 97, 43.0, 0.6833333333333333
surrogate, 97, 43.0, 0.6833333333333333
surrogate, 97, 39.0, 0.65
surrogate, 97, 39.0, 0.65
surrogate, 97, 39.0, 0.65
surrogate, 97, 39.0, 0.65
surrogate, 97, 39.0, 0.65
surrogate, 97, 39.0, 0.65
surrogate, 97, 39.0, 0.65
surrogate, 97, 39.0, 0.65
surrogate, 97, 39.0, 0.65
surrogate, 97, 39.0, 0.65
surrogate, 97, 39.0, 0.65
surrogate, 97, 39.0, 0.65
surrogate, 97, 39.0, 0.65
surrogate, 97, 34.0, 0.55
surrogate, 97, 34.0, 0.55
surrogate, 97, 34.0, 0.55
surrogate, 97, 34.0, 0.55
surrogate, 97, 34.0, 0.55
surrogate, 97, 34.0, 0.55
surrogate, 97, 34.0, 0.55
surrogate, 97, 34.0, 0.55
surrogate, 97, 34.0, 0.55
surrogate, 97, 34.0, 0.55
surrogate, 97, 34.0, 0.55
surrogate, 97, 34.0, 0.55
surrogate, 97, 34.0, 0.55
surrogate, 97, 34.0, 0.55
surrogate, 97, 33.0, 0.5
surrogate, 97, 33.0, 0.5
surrogate, 97, 33.0, 0.5
surrogate, 97, 33.0, 0.5
surrogate, 97, 33.0, 0.5
surrogate, 97, 33.0, 0.5
surrogate, 97, 33.0, 0.5
surrogate, 97, 33.0, 0.5
surrogate, 97, 33.0, 0.5
surrogate, 97, 33.0, 0.5
surrogate, 97, 33.0, 0.5
surrogate, 97, 33.0, 0.5
surrogate, 97, 33.0, 0.5
surrogate, 97, 33.0, 0.5
surrogate, 97, 33.0, 0.5
surrogate, 97, 33.0, 0.5
surrogate, 97, 33.0, 0.5
surrogate, 97, 33.0, 0.5
surrogate, 97, 33.0, 0.5
surrogate, 97, 33.0, 0.5
surrogate, 97, 33.0, 0.5
surrogate, 97, 33.0, 0.5
surrogate, 97, 33.0, 0.5
surrogate, 97, 33.0, 0.5
surrogate, 97, 33.0, 0.5
surrogate, 97, 32.0, 0.36666666666666664
surrogate, 97, 32.0, 0.36666666666666664
surrogate, 97, 32.0, 0.36666666666666664
surrogate, 97, 32.0, 0.36666666666666664
surrogate, 97, 32.0, 0.36666666666666664
surrogate, 97, 32.0, 0.36666666666666664
surrogate, 97, 32.0, 0.36666666666666664
surrogate, 97, 32.0, 0.36666666666666664
surrogate, 97, 32.0, 0.36666666666666664
surrogate, 97, 32.0, 0.36666666666666664
surrogate, 97, 32.0, 0.36666666666666664
surrogate, 97, 32.0, 0.36666666666666664
surrogate, 97, 32.0, 0.36666666666666664
surrogate, 97, 32.0, 0.36666666666666664
surrogate, 97, 32.0, 0.36666666666666664
surrogate, 97, 32.0, 0.36666666666666664
surrogate, 97, 32.0, 0.36666666666666664
surrogate, 97, 32.0, 0.36666666666666664
surrogate, 97, 32.0, 0.36666666666666664
surrogate, 97, 32.0, 0.36666666666666664
surrogate, 97, 32.0, 0.36666666666666664
surrogate, 97, 32.0, 0.36666666666666664
surrogate, 97, 32.0, 0.36666666666666664
surrogate, 97, 32.0, 0.36666666666666664
surrogate, 97, 32.0, 0.36666666666666664
surrogate, 97, 32.0, 0.36666666666666664
surrogate, 97, 32.0, 0.36666666666666664
surrogate, 97, 32.0, 0.36666666666666664
surrogate, 97, 32.0, 0.36666666666666664
surrogate, 97, 32.0, 0.36666666666666664
surrogate, 97, 32.0, 0.36666666666666664
surrogate, 97, 32.0, 0.36666666666666664
surrogate, 97, 32.0, 0.36666666666666664
surrogate, 97, 32.0, 0.36666666666666664
surrogate, 97, 32.0, 0.36666666666666664
surrogate, 97, 32.0, 0.36666666666666664
surrogate, 97, 32.0, 0.36666666666666664
surrogate, 97, 32.0, 0.36666666666666664
surrogate, 97, 32.0, 0.36666666666666664
surrogate, 97, 32.0, 0.36666666666666664
surrogate, 97, 32.0, 0.36666666666666664
surrogate, 97, 32.0, 0.36666666666666664
surrogate, 97, 32.0, 0.36666666666666664
surrogate, 97, 32.0, 0.36666666666666664
surrogate, 97, 32.0, 0.36666666666666664
surrogate, 97, 32.0, 0.36666666666666664
surrogate, 97, 32.0, 0.36666666666666664
surrogate, 97, 32.0, 0.36666666666666664
surrogate, 97, 32.0, 0.36666666666666664
surrogate, 97, 32.0, 0.36666666666666664
surrogate, 97, 32.0, 0.36666666666666664
surrogate, 97, 32.0, 0.36666666666666664
surrogate, 97, 32.0, 0.36666666666666664
surrogate, 97, 32.0, 0.36666666666666664
surrogate, 97, 32.0, 0.36666666666666664
surrogate, 97, 32.0, 0.36666666666666664
surrogate, 97, 32.0, 0.36666666666666664
surrogate, 97, 32.0, 0.36666666666666664
surrogate, 97, 32.0, 0.36666666666666664
surrogate, 97, 32.0, 0.36666666666666664
surrogate, 97, 32.0, 0.36666666666666664
surrogate, 97, 32.0, 0.36666666666666664
surrogate, 97, 32.0, 0.36666666666666664
surrogate, 97, 32.0, 0.36666666666666664
surrogate, 97, 32.0, 0.36666666666666664
surrogate, 97, 32.0, 0.36666666666666664
surrogate, 97, 32.0, 0.36666666666666664
surrogate, 97, 32.0, 0.36666666666666664
surrogate, 97, 32.0, 0.36666666666666664
surrogate, 97, 32.0, 0.36666666666666664
surrogate, 97, 32.0, 0.36666666666666664
surrogate, 97, 32.0, 0.36666666666666664
surrogate, 97, 32.0, 0.36666666666666664
surrogate, 97, 32.0, 0.36666666666666664
surrogate, 97, 32.0, 0.36666666666666664
surrogate, 97, 32.0, 0.36666666666666664
surrogate, 97, 32.0, 0.36666666666666664
surrogate, 97, 32.0, 0.36666666666666664
surrogate, 97, 32.0, 0.36666666666666664
surrogate, 97, 30.0, 0.26666666666666666
surrogate, 97, 30.0, 0.26666666666666666
surrogate, 97, 30.0, 0.26666666666666666
surrogate, 97, 30.0, 0.26666666666666666
surrogate, 97, 30.0, 0.26666666666666666
surrogate, 97, 30.0, 0.26666666666666666
surrogate, 97, 30.0, 0.26666666666666666
surrogate, 97, 30.0, 0.26666666666666666
surrogate, 97, 30.0, 0.26666666666666666
surrogate, 97, 30.0, 0.26666666666666666
surrogate, 97, 30.0, 0.26666666666666666
surrogate, 97, 30.0, 0.26666666666666666
surrogate, 97, 30.0, 0.26666666666666666
surrogate, 97, 30.0, 0.26666666666666666
surrogate, 97, 30.0, 0.26666666666666666
surrogate, 97, 30.0, 0.26666666666666666
surrogate, 97, 30.0, 0.26666666666666666
surrogate, 97, 30.0, 0.26666666666666666
surrogate, 97, 30.0, 0.26666666666666666
surrogate, 97, 30.0, 0.26666666666666666
surrogate, 97, 30.0, 0.26666666666666666
surrogate, 97, 30.0, 0.26666666666666666
surrogate, 97, 30.0, 0.26666666666666666
surrogate, 97, 30.0, 0.26666666666666666
surrogate, 97, 30.0, 0.26666666666666666
surrogate, 97, 30.0, 0.26666666666666666
surrogate, 97, 30.0, 0.26666666666666666
surrogate, 97, 30.0, 0.26666666666666666
surrogate, 97, 30.0, 0.26666666666666666
surrogate, 97, 30.0, 0.26666666666666666
surrogate, 97, 30.0, 0.26666666666666666
surrogate, 97, 30.0, 0.26666666666666666
surrogate, 97, 30.0, 0.26666666666666666
surrogate, 97, 30.0, 0.26666666666666666
surrogate, 97, 30.0, 0.26666666666666666
surrogate, 97, 30.0, 0.26666666666666666
surrogate, 97, 30.0, 0.26666666666666666
surrogate, 97, 30.0, 0.26666666666666666
surrogate, 97, 30.0, 0.26666666666666666
surrogate, 97, 30.0, 0.26666666666666666
surrogate, 97, 30.0, 0.26666666666666666
surrogate, 97, 30.0, 0.26666666666666666
surrogate, 97, 30.0, 0.26666666666666666
surrogate, 97, 30.0, 0.26666666666666666
surrogate, 97, 30.0, 0.26666666666666666
surrogate, 97, 30.0, 0.26666666666666666
surrogate, 97, 30.0, 0.26666666666666666
surrogate, 97, 30.0, 0.26666666666666666
surrogate, 97, 30.0, 0.26666666666666666
surrogate, 97, 30.0, 0.26666666666666666
surrogate, 97, 30.0, 0.26666666666666666
surrogate, 97, 30.0, 0.26666666666666666
surrogate, 97, 30.0, 0.26666666666666666
surrogate, 97, 30.0, 0.26666666666666666
surrogate, 97, 30.0, 0.26666666666666666
surrogate, 97, 30.0, 0.26666666666666666
surrogate, 97, 30.0, 0.26666666666666666
surrogate, 97, 30.0, 0.26666666666666666
surrogate, 97, 29.0, 0.06666666666666667
surrogate, 97, 29.0, 0.06666666666666667
surrogate, 97, 29.0, 0.06666666666666667
surrogate, 97, 29.0, 0.06666666666666667
surrogate, 97, 29.0, 0.06666666666666667
surrogate, 97, 29.0, 0.06666666666666667
surrogate, 97, 29.0, 0.06666666666666667
surrogate, 97, 29.0, 0.06666666666666667
surrogate, 97, 29.0, 0.06666666666666667
surrogate, 97, 29.0, 0.06666666666666667
surrogate, 97, 29.0, 0.06666666666666667
surrogate, 97, 29.0, 0.06666666666666667
surrogate, 97, 29.0, 0.06666666666666667
surrogate, 97, 29.0, 0.06666666666666667
surrogate, 97, 29.0, 0.06666666666666667
surrogate, 97, 29.0, 0.06666666666666667
surrogate, 97, 29.0, 0.06666666666666667
surrogate, 97, 29.0, 0.06666666666666667
surrogate, 97, 29.0, 0.06666666666666667
surrogate, 97, 29.0, 0.06666666666666667
surrogate, 97, 29.0, 0.06666666666666667
surrogate, 97, 29.0, 0.06666666666666667
surrogate, 97, 29.0, 0.06666666666666667
surrogate, 97, 29.0, 0.06666666666666667
surrogate, 97, 29.0, 0.06666666666666667
surrogate, 97, 29.0, 0.06666666666666667
surrogate, 97, 29.0, 0.06666666666666667
surrogate, 97, 29.0, 0.06666666666666667
surrogate, 97, 29.0, 0.06666666666666667
surrogate, 97, 29.0, 0.06666666666666667
surrogate, 97, 29.0, 0.06666666666666667
surrogate, 97, 29.0, 0.06666666666666667
surrogate, 97, 29.0, 0.06666666666666667
surrogate, 97, 29.0, 0.06666666666666667
surrogate, 97, 29.0, 0.06666666666666667
surrogate, 97, 29.0, 0.06666666666666667
surrogate, 97, 29.0, 0.06666666666666667
surrogate, 97, 29.0, 0.06666666666666667
surrogate, 97, 29.0, 0.06666666666666667
surrogate, 97, 29.0, 0.06666666666666667
surrogate, 97, 29.0, 0.06666666666666667
surrogate, 97, 29.0, 0.06666666666666667
surrogate, 97, 29.0, 0.06666666666666667
surrogate, 97, 29.0, 0.06666666666666667
surrogate, 97, 29.0, 0.06666666666666667
surrogate, 97, 29.0, 0.06666666666666667
surrogate, 97, 29.0, 0.06666666666666667
surrogate, 97, 29.0, 0.06666666666666667
surrogate, 97, 29.0, 0.06666666666666667
surrogate, 97, 29.0, 0.06666666666666667
surrogate, 97, 29.0, 0.06666666666666667
surrogate, 97, 29.0, 0.06666666666666667
surrogate, 97, 29.0, 0.06666666666666667
surrogate, 97, 29.0, 0.06666666666666667
surrogate, 97, 29.0, 0.06666666666666667
surrogate, 97, 29.0, 0.06666666666666667
surrogate, 97, 29.0, 0.06666666666666667
surrogate, 97, 29.0, 0.06666666666666667
surrogate, 97, 29.0, 0.06666666666666667
surrogate, 97, 29.0, 0.06666666666666667
surrogate, 97, 29.0, 0.06666666666666667
surrogate, 97, 29.0, 0.06666666666666667
surrogate, 97, 29.0, 0.06666666666666667
surrogate, 97, 29.0, 0.06666666666666667
surrogate, 97, 29.0, 0.06666666666666667
surrogate, 97, 29.0, 0.06666666666666667
surrogate, 97, 29.0, 0.06666666666666667
surrogate, 97, 29.0, 0.06666666666666667
surrogate, 97, 29.0, 0.06666666666666667
surrogate, 97, 29.0, 0.06666666666666667
surrogate, 97, 29.0, 0.06666666666666667
surrogate, 97, 29.0, 0.06666666666666667
surrogate, 97, 29.0, 0.06666666666666667
surrogate, 97, 29.0, 0.06666666666666667
surrogate, 97, 29.0, 0.06666666666666667
surrogate, 97, 29.0, 0.06666666666666667
surrogate, 97, 29.0, 0.06666666666666667
surrogate, 97, 28.0, 0.05
surrogate, 97, 28.0, 0.05
surrogate, 97, 28.0, 0.05
surrogate, 97, 28.0, 0.05
surrogate, 97, 28.0, 0.05
surrogate, 97, 28.0, 0.05
surrogate, 97, 28.0, 0.05
surrogate, 97, 28.0, 0.05
surrogate, 97, 28.0, 0.05
surrogate, 97, 28.0, 0.05
surrogate, 97, 28.0, 0.05
surrogate, 97, 28.0, 0.05
surrogate, 97, 28.0, 0.05
surrogate, 97, 28.0, 0.05
surrogate, 97, 28.0, 0.05
surrogate, 97, 28.0, 0.05
surrogate, 97, 28.0, 0.05
surrogate, 97, 28.0, 0.05
surrogate, 97, 27.0, 0.03333333333333333
surrogate, 97, 27.0, 0.03333333333333333
surrogate, 97, 27.0, 0.03333333333333333
surrogate, 97, 27.0, 0.03333333333333333
surrogate, 97, 27.0, 0.03333333333333333
surrogate, 97, 27.0, 0.03333333333333333
surrogate, 97, 27.0, 0.03333333333333333
surrogate, 97, 27.0, 0.03333333333333333
surrogate, 97, 27.0, 0.03333333333333333
surrogate, 97, 27.0, 0.03333333333333333
surrogate, 97, 27.0, 0.03333333333333333
surrogate, 97, 27.0, 0.03333333333333333
surrogate, 97, 27.0, 0.03333333333333333
surrogate, 97, 27.0, 0.03333333333333333
surrogate, 97, 26.0, 0.016666666666666666
surrogate, 97, 26.0, 0.016666666666666666
surrogate, 97, 26.0, 0.016666666666666666
surrogate, 97, 26.0, 0.016666666666666666
surrogate, 97, 26.0, 0.016666666666666666
surrogate, 97, 26.0, 0.016666666666666666
surrogate, 97, 26.0, 0.016666666666666666
surrogate, 97, 26.0, 0.016666666666666666
surrogate, 97, 26.0, 0.016666666666666666
surrogate, 97, 26.0, 0.016666666666666666
surrogate, 97, 26.0, 0.016666666666666666
surrogate, 97, 26.0, 0.016666666666666666
surrogate, 97, 26.0, 0.016666666666666666
surrogate, 97, 26.0, 0.016666666666666666
surrogate, 97, 26.0, 0.016666666666666666
surrogate, 97, 26.0, 0.016666666666666666
surrogate, 97, 26.0, 0.016666666666666666
surrogate, 97, 26.0, 0.016666666666666666
surrogate, 97, 26.0, 0.016666666666666666
surrogate, 97, 26.0, 0.016666666666666666
surrogate, 97, 26.0, 0.016666666666666666
surrogate, 97, 26.0, 0.016666666666666666
surrogate, 97, 26.0, 0.016666666666666666
surrogate, 97, 26.0, 0.016666666666666666
surrogate, 97, 26.0, 0.016666666666666666
surrogate, 97, 26.0, 0.016666666666666666
surrogate, 97, 26.0, 0.016666666666666666
surrogate, 97, 26.0, 0.016666666666666666
surrogate, 97, 26.0, 0.016666666666666666
surrogate, 97, 26.0, 0.016666666666666666
surrogate, 97, 26.0, 0.016666666666666666
surrogate, 97, 26.0, 0.016666666666666666
surrogate, 97, 26.0, 0.016666666666666666
surrogate, 97, 26.0, 0.016666666666666666
surrogate, 97, 26.0, 0.016666666666666666
surrogate, 97, 26.0, 0.016666666666666666
surrogate, 97, 26.0, 0.016666666666666666
surrogate, 97, 26.0, 0.016666666666666666
surrogate, 97, 26.0, 0.016666666666666666
surrogate, 97, 26.0, 0.016666666666666666
surrogate, 97, 26.0, 0.016666666666666666
surrogate, 97, 26.0, 0.016666666666666666
surrogate, 97, 26.0, 0.016666666666666666
surrogate, 97, 26.0, 0.016666666666666666
surrogate, 97, 26.0, 0.016666666666666666
surrogate, 97, 26.0, 0.016666666666666666
surrogate, 97, 26.0, 0.016666666666666666
surrogate, 97, 26.0, 0.016666666666666666
surrogate, 97, 26.0, 0.016666666666666666
surrogate, 97, 26.0, 0.016666666666666666
surrogate, 97, 26.0, 0.016666666666666666
surrogate, 97, 26.0, 0.016666666666666666
surrogate, 97, 26.0, 0.016666666666666666
surrogate, 97, 26.0, 0.016666666666666666
surrogate, 97, 26.0, 0.016666666666666666
surrogate, 97, 26.0, 0.016666666666666666
surrogate, 97, 26.0, 0.016666666666666666
surrogate, 97, 26.0, 0.016666666666666666
surrogate, 97, 26.0, 0.016666666666666666
surrogate, 97, 26.0, 0.016666666666666666
surrogate, 97, 26.0, 0.016666666666666666
surrogate, 97, 26.0, 0.016666666666666666
surrogate, 97, 26.0, 0.016666666666666666
surrogate, 97, 26.0, 0.016666666666666666
surrogate, 97, 26.0, 0.016666666666666666
surrogate, 97, 26.0, 0.016666666666666666
surrogate, 97, 26.0, 0.016666666666666666
surrogate, 97, 26.0, 0.016666666666666666
surrogate, 97, 26.0, 0.016666666666666666
surrogate, 97, 26.0, 0.016666666666666666
surrogate, 97, 26.0, 0.016666666666666666
surrogate, 97, 26.0, 0.016666666666666666
surrogate, 97, 26.0, 0.016666666666666666
surrogate, 97, 26.0, 0.016666666666666666
surrogate, 97, 26.0, 0.016666666666666666
surrogate, 97, 26.0, 0.016666666666666666
surrogate, 97, 26.0, 0.016666666666666666
surrogate, 98, 1071.0, 1.0
surrogate, 98, 363.0, 0.9333333333333333
surrogate, 98, 363.0, 0.9333333333333333
surrogate, 98, 231.0, 0.9
surrogate, 98, 231.0, 0.9
surrogate, 98, 231.0, 0.9
surrogate, 98, 231.0, 0.9
surrogate, 98, 231.0, 0.9
surrogate, 98, 189.0, 0.8833333333333333
surrogate, 98, 80.0, 0.8333333333333334
surrogate, 98, 80.0, 0.8333333333333334
surrogate, 98, 80.0, 0.8333333333333334
surrogate, 98, 66.0, 0.8
surrogate, 98, 66.0, 0.8
surrogate, 98, 66.0, 0.8
surrogate, 98, 66.0, 0.8
surrogate, 98, 66.0, 0.8
surrogate, 98, 66.0, 0.8
surrogate, 98, 66.0, 0.8
surrogate, 98, 57.0, 0.7666666666666667
surrogate, 98, 57.0, 0.7666666666666667
surrogate, 98, 53.0, 0.75
surrogate, 98, 53.0, 0.75
surrogate, 98, 53.0, 0.75
surrogate, 98, 53.0, 0.75
surrogate, 98, 46.0, 0.7166666666666667
surrogate, 98, 46.0, 0.7166666666666667
surrogate, 98, 43.0, 0.6833333333333333
surrogate, 98, 43.0, 0.6833333333333333
surrogate, 98, 43.0, 0.6833333333333333
surrogate, 98, 43.0, 0.6833333333333333
surrogate, 98, 43.0, 0.6833333333333333
surrogate, 98, 43.0, 0.6833333333333333
surrogate, 98, 43.0, 0.6833333333333333
surrogate, 98, 43.0, 0.6833333333333333
surrogate, 98, 43.0, 0.6833333333333333
surrogate, 98, 43.0, 0.6833333333333333
surrogate, 98, 43.0, 0.6833333333333333
surrogate, 98, 39.0, 0.65
surrogate, 98, 39.0, 0.65
surrogate, 98, 39.0, 0.65
surrogate, 98, 39.0, 0.65
surrogate, 98, 39.0, 0.65
surrogate, 98, 39.0, 0.65
surrogate, 98, 39.0, 0.65
surrogate, 98, 39.0, 0.65
surrogate, 98, 39.0, 0.65
surrogate, 98, 39.0, 0.65
surrogate, 98, 39.0, 0.65
surrogate, 98, 39.0, 0.65
surrogate, 98, 39.0, 0.65
surrogate, 98, 39.0, 0.65
surrogate, 98, 34.0, 0.55
surrogate, 98, 34.0, 0.55
surrogate, 98, 34.0, 0.55
surrogate, 98, 34.0, 0.55
surrogate, 98, 34.0, 0.55
surrogate, 98, 34.0, 0.55
surrogate, 98, 34.0, 0.55
surrogate, 98, 34.0, 0.55
surrogate, 98, 34.0, 0.55
surrogate, 98, 34.0, 0.55
surrogate, 98, 34.0, 0.55
surrogate, 98, 34.0, 0.55
surrogate, 98, 34.0, 0.55
surrogate, 98, 34.0, 0.55
surrogate, 98, 33.0, 0.5
surrogate, 98, 33.0, 0.5
surrogate, 98, 33.0, 0.5
surrogate, 98, 33.0, 0.5
surrogate, 98, 33.0, 0.5
surrogate, 98, 33.0, 0.5
surrogate, 98, 33.0, 0.5
surrogate, 98, 33.0, 0.5
surrogate, 98, 33.0, 0.5
surrogate, 98, 33.0, 0.5
surrogate, 98, 33.0, 0.5
surrogate, 98, 33.0, 0.5
surrogate, 98, 33.0, 0.5
surrogate, 98, 33.0, 0.5
surrogate, 98, 33.0, 0.5
surrogate, 98, 33.0, 0.5
surrogate, 98, 33.0, 0.5
surrogate, 98, 33.0, 0.5
surrogate, 98, 33.0, 0.5
surrogate, 98, 33.0, 0.5
surrogate, 98, 33.0, 0.5
surrogate, 98, 33.0, 0.5
surrogate, 98, 33.0, 0.5
surrogate, 98, 33.0, 0.5
surrogate, 98, 33.0, 0.5
surrogate, 98, 32.0, 0.36666666666666664
surrogate, 98, 32.0, 0.36666666666666664
surrogate, 98, 32.0, 0.36666666666666664
surrogate, 98, 32.0, 0.36666666666666664
surrogate, 98, 32.0, 0.36666666666666664
surrogate, 98, 32.0, 0.36666666666666664
surrogate, 98, 32.0, 0.36666666666666664
surrogate, 98, 32.0, 0.36666666666666664
surrogate, 98, 32.0, 0.36666666666666664
surrogate, 98, 32.0, 0.36666666666666664
surrogate, 98, 32.0, 0.36666666666666664
surrogate, 98, 32.0, 0.36666666666666664
surrogate, 98, 32.0, 0.36666666666666664
surrogate, 98, 32.0, 0.36666666666666664
surrogate, 98, 32.0, 0.36666666666666664
surrogate, 98, 32.0, 0.36666666666666664
surrogate, 98, 32.0, 0.36666666666666664
surrogate, 98, 32.0, 0.36666666666666664
surrogate, 98, 32.0, 0.36666666666666664
surrogate, 98, 32.0, 0.36666666666666664
surrogate, 98, 32.0, 0.36666666666666664
surrogate, 98, 32.0, 0.36666666666666664
surrogate, 98, 32.0, 0.36666666666666664
surrogate, 98, 32.0, 0.36666666666666664
surrogate, 98, 32.0, 0.36666666666666664
surrogate, 98, 32.0, 0.36666666666666664
surrogate, 98, 32.0, 0.36666666666666664
surrogate, 98, 32.0, 0.36666666666666664
surrogate, 98, 32.0, 0.36666666666666664
surrogate, 98, 32.0, 0.36666666666666664
surrogate, 98, 32.0, 0.36666666666666664
surrogate, 98, 32.0, 0.36666666666666664
surrogate, 98, 32.0, 0.36666666666666664
surrogate, 98, 32.0, 0.36666666666666664
surrogate, 98, 32.0, 0.36666666666666664
surrogate, 98, 32.0, 0.36666666666666664
surrogate, 98, 32.0, 0.36666666666666664
surrogate, 98, 32.0, 0.36666666666666664
surrogate, 98, 32.0, 0.36666666666666664
surrogate, 98, 32.0, 0.36666666666666664
surrogate, 98, 32.0, 0.36666666666666664
surrogate, 98, 32.0, 0.36666666666666664
surrogate, 98, 32.0, 0.36666666666666664
surrogate, 98, 32.0, 0.36666666666666664
surrogate, 98, 32.0, 0.36666666666666664
surrogate, 98, 32.0, 0.36666666666666664
surrogate, 98, 32.0, 0.36666666666666664
surrogate, 98, 32.0, 0.36666666666666664
surrogate, 98, 32.0, 0.36666666666666664
surrogate, 98, 32.0, 0.36666666666666664
surrogate, 98, 32.0, 0.36666666666666664
surrogate, 98, 32.0, 0.36666666666666664
surrogate, 98, 32.0, 0.36666666666666664
surrogate, 98, 32.0, 0.36666666666666664
surrogate, 98, 32.0, 0.36666666666666664
surrogate, 98, 32.0, 0.36666666666666664
surrogate, 98, 32.0, 0.36666666666666664
surrogate, 98, 32.0, 0.36666666666666664
surrogate, 98, 32.0, 0.36666666666666664
surrogate, 98, 32.0, 0.36666666666666664
surrogate, 98, 32.0, 0.36666666666666664
surrogate, 98, 32.0, 0.36666666666666664
surrogate, 98, 32.0, 0.36666666666666664
surrogate, 98, 32.0, 0.36666666666666664
surrogate, 98, 32.0, 0.36666666666666664
surrogate, 98, 32.0, 0.36666666666666664
surrogate, 98, 32.0, 0.36666666666666664
surrogate, 98, 32.0, 0.36666666666666664
surrogate, 98, 32.0, 0.36666666666666664
surrogate, 98, 32.0, 0.36666666666666664
surrogate, 98, 32.0, 0.36666666666666664
surrogate, 98, 32.0, 0.36666666666666664
surrogate, 98, 32.0, 0.36666666666666664
surrogate, 98, 32.0, 0.36666666666666664
surrogate, 98, 32.0, 0.36666666666666664
surrogate, 98, 32.0, 0.36666666666666664
surrogate, 98, 32.0, 0.36666666666666664
surrogate, 98, 32.0, 0.36666666666666664
surrogate, 98, 32.0, 0.36666666666666664
surrogate, 98, 30.0, 0.26666666666666666
surrogate, 98, 30.0, 0.26666666666666666
surrogate, 98, 30.0, 0.26666666666666666
surrogate, 98, 30.0, 0.26666666666666666
surrogate, 98, 30.0, 0.26666666666666666
surrogate, 98, 30.0, 0.26666666666666666
surrogate, 98, 30.0, 0.26666666666666666
surrogate, 98, 30.0, 0.26666666666666666
surrogate, 98, 30.0, 0.26666666666666666
surrogate, 98, 30.0, 0.26666666666666666
surrogate, 98, 30.0, 0.26666666666666666
surrogate, 98, 30.0, 0.26666666666666666
surrogate, 98, 30.0, 0.26666666666666666
surrogate, 98, 30.0, 0.26666666666666666
surrogate, 98, 30.0, 0.26666666666666666
surrogate, 98, 30.0, 0.26666666666666666
surrogate, 98, 30.0, 0.26666666666666666
surrogate, 98, 30.0, 0.26666666666666666
surrogate, 98, 30.0, 0.26666666666666666
surrogate, 98, 30.0, 0.26666666666666666
surrogate, 98, 30.0, 0.26666666666666666
surrogate, 98, 30.0, 0.26666666666666666
surrogate, 98, 30.0, 0.26666666666666666
surrogate, 98, 30.0, 0.26666666666666666
surrogate, 98, 30.0, 0.26666666666666666
surrogate, 98, 30.0, 0.26666666666666666
surrogate, 98, 30.0, 0.26666666666666666
surrogate, 98, 30.0, 0.26666666666666666
surrogate, 98, 30.0, 0.26666666666666666
surrogate, 98, 30.0, 0.26666666666666666
surrogate, 98, 30.0, 0.26666666666666666
surrogate, 98, 30.0, 0.26666666666666666
surrogate, 98, 30.0, 0.26666666666666666
surrogate, 98, 30.0, 0.26666666666666666
surrogate, 98, 30.0, 0.26666666666666666
surrogate, 98, 30.0, 0.26666666666666666
surrogate, 98, 30.0, 0.26666666666666666
surrogate, 98, 30.0, 0.26666666666666666
surrogate, 98, 30.0, 0.26666666666666666
surrogate, 98, 30.0, 0.26666666666666666
surrogate, 98, 30.0, 0.26666666666666666
surrogate, 98, 30.0, 0.26666666666666666
surrogate, 98, 30.0, 0.26666666666666666
surrogate, 98, 30.0, 0.26666666666666666
surrogate, 98, 30.0, 0.26666666666666666
surrogate, 98, 30.0, 0.26666666666666666
surrogate, 98, 30.0, 0.26666666666666666
surrogate, 98, 30.0, 0.26666666666666666
surrogate, 98, 30.0, 0.26666666666666666
surrogate, 98, 30.0, 0.26666666666666666
surrogate, 98, 30.0, 0.26666666666666666
surrogate, 98, 30.0, 0.26666666666666666
surrogate, 98, 30.0, 0.26666666666666666
surrogate, 98, 30.0, 0.26666666666666666
surrogate, 98, 30.0, 0.26666666666666666
surrogate, 98, 30.0, 0.26666666666666666
surrogate, 98, 30.0, 0.26666666666666666
surrogate, 98, 30.0, 0.26666666666666666
surrogate, 98, 30.0, 0.26666666666666666
surrogate, 98, 29.0, 0.06666666666666667
surrogate, 98, 29.0, 0.06666666666666667
surrogate, 98, 29.0, 0.06666666666666667
surrogate, 98, 29.0, 0.06666666666666667
surrogate, 98, 29.0, 0.06666666666666667
surrogate, 98, 29.0, 0.06666666666666667
surrogate, 98, 29.0, 0.06666666666666667
surrogate, 98, 29.0, 0.06666666666666667
surrogate, 98, 29.0, 0.06666666666666667
surrogate, 98, 29.0, 0.06666666666666667
surrogate, 98, 29.0, 0.06666666666666667
surrogate, 98, 29.0, 0.06666666666666667
surrogate, 98, 29.0, 0.06666666666666667
surrogate, 98, 29.0, 0.06666666666666667
surrogate, 98, 29.0, 0.06666666666666667
surrogate, 98, 29.0, 0.06666666666666667
surrogate, 98, 29.0, 0.06666666666666667
surrogate, 98, 29.0, 0.06666666666666667
surrogate, 98, 29.0, 0.06666666666666667
surrogate, 98, 29.0, 0.06666666666666667
surrogate, 98, 29.0, 0.06666666666666667
surrogate, 98, 29.0, 0.06666666666666667
surrogate, 98, 29.0, 0.06666666666666667
surrogate, 98, 29.0, 0.06666666666666667
surrogate, 98, 29.0, 0.06666666666666667
surrogate, 98, 29.0, 0.06666666666666667
surrogate, 98, 29.0, 0.06666666666666667
surrogate, 98, 29.0, 0.06666666666666667
surrogate, 98, 29.0, 0.06666666666666667
surrogate, 98, 29.0, 0.06666666666666667
surrogate, 98, 29.0, 0.06666666666666667
surrogate, 98, 29.0, 0.06666666666666667
surrogate, 98, 29.0, 0.06666666666666667
surrogate, 98, 29.0, 0.06666666666666667
surrogate, 98, 29.0, 0.06666666666666667
surrogate, 98, 29.0, 0.06666666666666667
surrogate, 98, 29.0, 0.06666666666666667
surrogate, 98, 29.0, 0.06666666666666667
surrogate, 98, 29.0, 0.06666666666666667
surrogate, 98, 29.0, 0.06666666666666667
surrogate, 98, 29.0, 0.06666666666666667
surrogate, 98, 29.0, 0.06666666666666667
surrogate, 98, 29.0, 0.06666666666666667
surrogate, 98, 29.0, 0.06666666666666667
surrogate, 98, 29.0, 0.06666666666666667
surrogate, 98, 29.0, 0.06666666666666667
surrogate, 98, 29.0, 0.06666666666666667
surrogate, 98, 29.0, 0.06666666666666667
surrogate, 98, 29.0, 0.06666666666666667
surrogate, 98, 29.0, 0.06666666666666667
surrogate, 98, 29.0, 0.06666666666666667
surrogate, 98, 29.0, 0.06666666666666667
surrogate, 98, 29.0, 0.06666666666666667
surrogate, 98, 29.0, 0.06666666666666667
surrogate, 98, 29.0, 0.06666666666666667
surrogate, 98, 29.0, 0.06666666666666667
surrogate, 98, 29.0, 0.06666666666666667
surrogate, 98, 29.0, 0.06666666666666667
surrogate, 98, 29.0, 0.06666666666666667
surrogate, 98, 29.0, 0.06666666666666667
surrogate, 98, 29.0, 0.06666666666666667
surrogate, 98, 29.0, 0.06666666666666667
surrogate, 98, 29.0, 0.06666666666666667
surrogate, 98, 29.0, 0.06666666666666667
surrogate, 98, 29.0, 0.06666666666666667
surrogate, 98, 29.0, 0.06666666666666667
surrogate, 98, 29.0, 0.06666666666666667
surrogate, 98, 29.0, 0.06666666666666667
surrogate, 98, 29.0, 0.06666666666666667
surrogate, 98, 29.0, 0.06666666666666667
surrogate, 98, 29.0, 0.06666666666666667
surrogate, 98, 29.0, 0.06666666666666667
surrogate, 98, 29.0, 0.06666666666666667
surrogate, 98, 29.0, 0.06666666666666667
surrogate, 98, 29.0, 0.06666666666666667
surrogate, 98, 29.0, 0.06666666666666667
surrogate, 98, 29.0, 0.06666666666666667
surrogate, 98, 28.0, 0.05
surrogate, 98, 28.0, 0.05
surrogate, 98, 28.0, 0.05
surrogate, 98, 28.0, 0.05
surrogate, 98, 28.0, 0.05
surrogate, 98, 28.0, 0.05
surrogate, 98, 28.0, 0.05
surrogate, 98, 28.0, 0.05
surrogate, 98, 28.0, 0.05
surrogate, 98, 28.0, 0.05
surrogate, 98, 28.0, 0.05
surrogate, 98, 28.0, 0.05
surrogate, 98, 28.0, 0.05
surrogate, 98, 28.0, 0.05
surrogate, 98, 28.0, 0.05
surrogate, 98, 28.0, 0.05
surrogate, 98, 28.0, 0.05
surrogate, 98, 28.0, 0.05
surrogate, 98, 27.0, 0.03333333333333333
surrogate, 98, 27.0, 0.03333333333333333
surrogate, 98, 27.0, 0.03333333333333333
surrogate, 98, 27.0, 0.03333333333333333
surrogate, 98, 27.0, 0.03333333333333333
surrogate, 98, 27.0, 0.03333333333333333
surrogate, 98, 27.0, 0.03333333333333333
surrogate, 98, 27.0, 0.03333333333333333
surrogate, 98, 27.0, 0.03333333333333333
surrogate, 98, 27.0, 0.03333333333333333
surrogate, 98, 27.0, 0.03333333333333333
surrogate, 98, 27.0, 0.03333333333333333
surrogate, 98, 27.0, 0.03333333333333333
surrogate, 98, 27.0, 0.03333333333333333
surrogate, 98, 26.0, 0.016666666666666666
surrogate, 98, 26.0, 0.016666666666666666
surrogate, 98, 26.0, 0.016666666666666666
surrogate, 98, 26.0, 0.016666666666666666
surrogate, 98, 26.0, 0.016666666666666666
surrogate, 98, 26.0, 0.016666666666666666
surrogate, 98, 26.0, 0.016666666666666666
surrogate, 98, 26.0, 0.016666666666666666
surrogate, 98, 26.0, 0.016666666666666666
surrogate, 98, 26.0, 0.016666666666666666
surrogate, 98, 26.0, 0.016666666666666666
surrogate, 98, 26.0, 0.016666666666666666
surrogate, 98, 26.0, 0.016666666666666666
surrogate, 98, 26.0, 0.016666666666666666
surrogate, 98, 26.0, 0.016666666666666666
surrogate, 98, 26.0, 0.016666666666666666
surrogate, 98, 26.0, 0.016666666666666666
surrogate, 98, 26.0, 0.016666666666666666
surrogate, 98, 26.0, 0.016666666666666666
surrogate, 98, 26.0, 0.016666666666666666
surrogate, 98, 26.0, 0.016666666666666666
surrogate, 98, 26.0, 0.016666666666666666
surrogate, 98, 26.0, 0.016666666666666666
surrogate, 98, 26.0, 0.016666666666666666
surrogate, 98, 26.0, 0.016666666666666666
surrogate, 98, 26.0, 0.016666666666666666
surrogate, 98, 26.0, 0.016666666666666666
surrogate, 98, 26.0, 0.016666666666666666
surrogate, 98, 26.0, 0.016666666666666666
surrogate, 98, 26.0, 0.016666666666666666
surrogate, 98, 26.0, 0.016666666666666666
surrogate, 98, 26.0, 0.016666666666666666
surrogate, 98, 26.0, 0.016666666666666666
surrogate, 98, 26.0, 0.016666666666666666
surrogate, 98, 26.0, 0.016666666666666666
surrogate, 98, 26.0, 0.016666666666666666
surrogate, 98, 26.0, 0.016666666666666666
surrogate, 98, 26.0, 0.016666666666666666
surrogate, 98, 26.0, 0.016666666666666666
surrogate, 98, 26.0, 0.016666666666666666
surrogate, 98, 26.0, 0.016666666666666666
surrogate, 98, 26.0, 0.016666666666666666
surrogate, 98, 26.0, 0.016666666666666666
surrogate, 98, 26.0, 0.016666666666666666
surrogate, 98, 26.0, 0.016666666666666666
surrogate, 98, 26.0, 0.016666666666666666
surrogate, 98, 26.0, 0.016666666666666666
surrogate, 98, 26.0, 0.016666666666666666
surrogate, 98, 26.0, 0.016666666666666666
surrogate, 98, 26.0, 0.016666666666666666
surrogate, 98, 26.0, 0.016666666666666666
surrogate, 98, 26.0, 0.016666666666666666
surrogate, 98, 26.0, 0.016666666666666666
surrogate, 98, 26.0, 0.016666666666666666
surrogate, 98, 26.0, 0.016666666666666666
surrogate, 98, 26.0, 0.016666666666666666
surrogate, 98, 26.0, 0.016666666666666666
surrogate, 98, 26.0, 0.016666666666666666
surrogate, 98, 26.0, 0.016666666666666666
surrogate, 98, 26.0, 0.016666666666666666
surrogate, 98, 26.0, 0.016666666666666666
surrogate, 98, 26.0, 0.016666666666666666
surrogate, 98, 26.0, 0.016666666666666666
surrogate, 98, 26.0, 0.016666666666666666
surrogate, 98, 26.0, 0.016666666666666666
surrogate, 98, 26.0, 0.016666666666666666
surrogate, 98, 26.0, 0.016666666666666666
surrogate, 98, 26.0, 0.016666666666666666
surrogate, 98, 26.0, 0.016666666666666666
surrogate, 98, 26.0, 0.016666666666666666
surrogate, 98, 26.0, 0.016666666666666666
surrogate, 98, 26.0, 0.016666666666666666
surrogate, 98, 26.0, 0.016666666666666666
surrogate, 98, 26.0, 0.016666666666666666
surrogate, 98, 26.0, 0.016666666666666666
surrogate, 98, 26.0, 0.016666666666666666
surrogate, 98, 26.0, 0.016666666666666666
surrogate, 99, 1071.0, 1.0
surrogate, 99, 363.0, 0.9333333333333333
surrogate, 99, 363.0, 0.9333333333333333
surrogate, 99, 228.0, 0.9166666666666666
surrogate, 99, 189.0, 0.8833333333333333
surrogate, 99, 189.0, 0.8833333333333333
surrogate, 99, 80.0, 0.8333333333333334
surrogate, 99, 80.0, 0.8333333333333334
surrogate, 99, 80.0, 0.8333333333333334
surrogate, 99, 80.0, 0.8333333333333334
surrogate, 99, 66.0, 0.8
surrogate, 99, 66.0, 0.8
surrogate, 99, 66.0, 0.8
surrogate, 99, 66.0, 0.8
surrogate, 99, 66.0, 0.8
surrogate, 99, 66.0, 0.8
surrogate, 99, 66.0, 0.8
surrogate, 99, 57.0, 0.7666666666666667
surrogate, 99, 57.0, 0.7666666666666667
surrogate, 99, 53.0, 0.75
surrogate, 99, 53.0, 0.75
surrogate, 99, 53.0, 0.75
surrogate, 99, 53.0, 0.75
surrogate, 99, 46.0, 0.7166666666666667
surrogate, 99, 46.0, 0.7166666666666667
surrogate, 99, 43.0, 0.6833333333333333
surrogate, 99, 43.0, 0.6833333333333333
surrogate, 99, 43.0, 0.6833333333333333
surrogate, 99, 43.0, 0.6833333333333333
surrogate, 99, 43.0, 0.6833333333333333
surrogate, 99, 43.0, 0.6833333333333333
surrogate, 99, 43.0, 0.6833333333333333
surrogate, 99, 43.0, 0.6833333333333333
surrogate, 99, 43.0, 0.6833333333333333
surrogate, 99, 43.0, 0.6833333333333333
surrogate, 99, 43.0, 0.6833333333333333
surrogate, 99, 39.0, 0.65
surrogate, 99, 39.0, 0.65
surrogate, 99, 39.0, 0.65
surrogate, 99, 39.0, 0.65
surrogate, 99, 39.0, 0.65
surrogate, 99, 39.0, 0.65
surrogate, 99, 39.0, 0.65
surrogate, 99, 39.0, 0.65
surrogate, 99, 39.0, 0.65
surrogate, 99, 39.0, 0.65
surrogate, 99, 39.0, 0.65
surrogate, 99, 39.0, 0.65
surrogate, 99, 39.0, 0.65
surrogate, 99, 39.0, 0.65
surrogate, 99, 39.0, 0.65
surrogate, 99, 34.0, 0.55
surrogate, 99, 34.0, 0.55
surrogate, 99, 34.0, 0.55
surrogate, 99, 34.0, 0.55
surrogate, 99, 34.0, 0.55
surrogate, 99, 34.0, 0.55
surrogate, 99, 34.0, 0.55
surrogate, 99, 34.0, 0.55
surrogate, 99, 34.0, 0.55
surrogate, 99, 34.0, 0.55
surrogate, 99, 34.0, 0.55
surrogate, 99, 34.0, 0.55
surrogate, 99, 34.0, 0.55
surrogate, 99, 34.0, 0.55
surrogate, 99, 34.0, 0.55
surrogate, 99, 33.0, 0.5
surrogate, 99, 33.0, 0.5
surrogate, 99, 33.0, 0.5
surrogate, 99, 33.0, 0.5
surrogate, 99, 33.0, 0.5
surrogate, 99, 33.0, 0.5
surrogate, 99, 33.0, 0.5
surrogate, 99, 33.0, 0.5
surrogate, 99, 33.0, 0.5
surrogate, 99, 33.0, 0.5
surrogate, 99, 33.0, 0.5
surrogate, 99, 33.0, 0.5
surrogate, 99, 33.0, 0.5
surrogate, 99, 33.0, 0.5
surrogate, 99, 33.0, 0.5
surrogate, 99, 33.0, 0.5
surrogate, 99, 33.0, 0.5
surrogate, 99, 33.0, 0.5
surrogate, 99, 33.0, 0.5
surrogate, 99, 33.0, 0.5
surrogate, 99, 33.0, 0.5
surrogate, 99, 33.0, 0.5
surrogate, 99, 33.0, 0.5
surrogate, 99, 33.0, 0.5
surrogate, 99, 33.0, 0.5
surrogate, 99, 32.0, 0.36666666666666664
surrogate, 99, 32.0, 0.36666666666666664
surrogate, 99, 32.0, 0.36666666666666664
surrogate, 99, 32.0, 0.36666666666666664
surrogate, 99, 32.0, 0.36666666666666664
surrogate, 99, 32.0, 0.36666666666666664
surrogate, 99, 32.0, 0.36666666666666664
surrogate, 99, 32.0, 0.36666666666666664
surrogate, 99, 32.0, 0.36666666666666664
surrogate, 99, 32.0, 0.36666666666666664
surrogate, 99, 32.0, 0.36666666666666664
surrogate, 99, 32.0, 0.36666666666666664
surrogate, 99, 32.0, 0.36666666666666664
surrogate, 99, 32.0, 0.36666666666666664
surrogate, 99, 32.0, 0.36666666666666664
surrogate, 99, 32.0, 0.36666666666666664
surrogate, 99, 32.0, 0.36666666666666664
surrogate, 99, 32.0, 0.36666666666666664
surrogate, 99, 32.0, 0.36666666666666664
surrogate, 99, 32.0, 0.36666666666666664
surrogate, 99, 32.0, 0.36666666666666664
surrogate, 99, 32.0, 0.36666666666666664
surrogate, 99, 32.0, 0.36666666666666664
surrogate, 99, 32.0, 0.36666666666666664
surrogate, 99, 32.0, 0.36666666666666664
surrogate, 99, 32.0, 0.36666666666666664
surrogate, 99, 32.0, 0.36666666666666664
surrogate, 99, 32.0, 0.36666666666666664
surrogate, 99, 32.0, 0.36666666666666664
surrogate, 99, 32.0, 0.36666666666666664
surrogate, 99, 32.0, 0.36666666666666664
surrogate, 99, 32.0, 0.36666666666666664
surrogate, 99, 32.0, 0.36666666666666664
surrogate, 99, 32.0, 0.36666666666666664
surrogate, 99, 32.0, 0.36666666666666664
surrogate, 99, 32.0, 0.36666666666666664
surrogate, 99, 32.0, 0.36666666666666664
surrogate, 99, 32.0, 0.36666666666666664
surrogate, 99, 32.0, 0.36666666666666664
surrogate, 99, 32.0, 0.36666666666666664
surrogate, 99, 32.0, 0.36666666666666664
surrogate, 99, 32.0, 0.36666666666666664
surrogate, 99, 32.0, 0.36666666666666664
surrogate, 99, 32.0, 0.36666666666666664
surrogate, 99, 32.0, 0.36666666666666664
surrogate, 99, 32.0, 0.36666666666666664
surrogate, 99, 32.0, 0.36666666666666664
surrogate, 99, 32.0, 0.36666666666666664
surrogate, 99, 32.0, 0.36666666666666664
surrogate, 99, 32.0, 0.36666666666666664
surrogate, 99, 32.0, 0.36666666666666664
surrogate, 99, 32.0, 0.36666666666666664
surrogate, 99, 32.0, 0.36666666666666664
surrogate, 99, 32.0, 0.36666666666666664
surrogate, 99, 32.0, 0.36666666666666664
surrogate, 99, 32.0, 0.36666666666666664
surrogate, 99, 32.0, 0.36666666666666664
surrogate, 99, 32.0, 0.36666666666666664
surrogate, 99, 32.0, 0.36666666666666664
surrogate, 99, 32.0, 0.36666666666666664
surrogate, 99, 32.0, 0.36666666666666664
surrogate, 99, 32.0, 0.36666666666666664
surrogate, 99, 32.0, 0.36666666666666664
surrogate, 99, 32.0, 0.36666666666666664
surrogate, 99, 32.0, 0.36666666666666664
surrogate, 99, 32.0, 0.36666666666666664
surrogate, 99, 32.0, 0.36666666666666664
surrogate, 99, 32.0, 0.36666666666666664
surrogate, 99, 32.0, 0.36666666666666664
surrogate, 99, 32.0, 0.36666666666666664
surrogate, 99, 32.0, 0.36666666666666664
surrogate, 99, 32.0, 0.36666666666666664
surrogate, 99, 32.0, 0.36666666666666664
surrogate, 99, 32.0, 0.36666666666666664
surrogate, 99, 32.0, 0.36666666666666664
surrogate, 99, 32.0, 0.36666666666666664
surrogate, 99, 32.0, 0.36666666666666664
surrogate, 99, 32.0, 0.36666666666666664
surrogate, 99, 32.0, 0.36666666666666664
surrogate, 99, 32.0, 0.36666666666666664
surrogate, 99, 30.0, 0.26666666666666666
surrogate, 99, 30.0, 0.26666666666666666
surrogate, 99, 30.0, 0.26666666666666666
surrogate, 99, 30.0, 0.26666666666666666
surrogate, 99, 30.0, 0.26666666666666666
surrogate, 99, 30.0, 0.26666666666666666
surrogate, 99, 30.0, 0.26666666666666666
surrogate, 99, 30.0, 0.26666666666666666
surrogate, 99, 30.0, 0.26666666666666666
surrogate, 99, 30.0, 0.26666666666666666
surrogate, 99, 30.0, 0.26666666666666666
surrogate, 99, 30.0, 0.26666666666666666
surrogate, 99, 30.0, 0.26666666666666666
surrogate, 99, 30.0, 0.26666666666666666
surrogate, 99, 30.0, 0.26666666666666666
surrogate, 99, 30.0, 0.26666666666666666
surrogate, 99, 30.0, 0.26666666666666666
surrogate, 99, 30.0, 0.26666666666666666
surrogate, 99, 30.0, 0.26666666666666666
surrogate, 99, 30.0, 0.26666666666666666
surrogate, 99, 30.0, 0.26666666666666666
surrogate, 99, 30.0, 0.26666666666666666
surrogate, 99, 30.0, 0.26666666666666666
surrogate, 99, 30.0, 0.26666666666666666
surrogate, 99, 30.0, 0.26666666666666666
surrogate, 99, 30.0, 0.26666666666666666
surrogate, 99, 30.0, 0.26666666666666666
surrogate, 99, 30.0, 0.26666666666666666
surrogate, 99, 30.0, 0.26666666666666666
surrogate, 99, 30.0, 0.26666666666666666
surrogate, 99, 30.0, 0.26666666666666666
surrogate, 99, 30.0, 0.26666666666666666
surrogate, 99, 30.0, 0.26666666666666666
surrogate, 99, 30.0, 0.26666666666666666
surrogate, 99, 30.0, 0.26666666666666666
surrogate, 99, 30.0, 0.26666666666666666
surrogate, 99, 30.0, 0.26666666666666666
surrogate, 99, 30.0, 0.26666666666666666
surrogate, 99, 30.0, 0.26666666666666666
surrogate, 99, 30.0, 0.26666666666666666
surrogate, 99, 30.0, 0.26666666666666666
surrogate, 99, 30.0, 0.26666666666666666
surrogate, 99, 30.0, 0.26666666666666666
surrogate, 99, 30.0, 0.26666666666666666
surrogate, 99, 30.0, 0.26666666666666666
surrogate, 99, 30.0, 0.26666666666666666
surrogate, 99, 30.0, 0.26666666666666666
surrogate, 99, 30.0, 0.26666666666666666
surrogate, 99, 30.0, 0.26666666666666666
surrogate, 99, 30.0, 0.26666666666666666
surrogate, 99, 30.0, 0.26666666666666666
surrogate, 99, 30.0, 0.26666666666666666
surrogate, 99, 30.0, 0.26666666666666666
surrogate, 99, 30.0, 0.26666666666666666
surrogate, 99, 30.0, 0.26666666666666666
surrogate, 99, 30.0, 0.26666666666666666
surrogate, 99, 30.0, 0.26666666666666666
surrogate, 99, 30.0, 0.26666666666666666
surrogate, 99, 30.0, 0.26666666666666666
surrogate, 99, 30.0, 0.26666666666666666
surrogate, 99, 29.0, 0.06666666666666667
surrogate, 99, 29.0, 0.06666666666666667
surrogate, 99, 29.0, 0.06666666666666667
surrogate, 99, 29.0, 0.06666666666666667
surrogate, 99, 29.0, 0.06666666666666667
surrogate, 99, 29.0, 0.06666666666666667
surrogate, 99, 29.0, 0.06666666666666667
surrogate, 99, 29.0, 0.06666666666666667
surrogate, 99, 29.0, 0.06666666666666667
surrogate, 99, 29.0, 0.06666666666666667
surrogate, 99, 29.0, 0.06666666666666667
surrogate, 99, 29.0, 0.06666666666666667
surrogate, 99, 29.0, 0.06666666666666667
surrogate, 99, 29.0, 0.06666666666666667
surrogate, 99, 29.0, 0.06666666666666667
surrogate, 99, 29.0, 0.06666666666666667
surrogate, 99, 29.0, 0.06666666666666667
surrogate, 99, 29.0, 0.06666666666666667
surrogate, 99, 29.0, 0.06666666666666667
surrogate, 99, 29.0, 0.06666666666666667
surrogate, 99, 29.0, 0.06666666666666667
surrogate, 99, 29.0, 0.06666666666666667
surrogate, 99, 29.0, 0.06666666666666667
surrogate, 99, 29.0, 0.06666666666666667
surrogate, 99, 29.0, 0.06666666666666667
surrogate, 99, 29.0, 0.06666666666666667
surrogate, 99, 29.0, 0.06666666666666667
surrogate, 99, 29.0, 0.06666666666666667
surrogate, 99, 29.0, 0.06666666666666667
surrogate, 99, 29.0, 0.06666666666666667
surrogate, 99, 29.0, 0.06666666666666667
surrogate, 99, 29.0, 0.06666666666666667
surrogate, 99, 29.0, 0.06666666666666667
surrogate, 99, 29.0, 0.06666666666666667
surrogate, 99, 29.0, 0.06666666666666667
surrogate, 99, 29.0, 0.06666666666666667
surrogate, 99, 29.0, 0.06666666666666667
surrogate, 99, 29.0, 0.06666666666666667
surrogate, 99, 29.0, 0.06666666666666667
surrogate, 99, 29.0, 0.06666666666666667
surrogate, 99, 29.0, 0.06666666666666667
surrogate, 99, 29.0, 0.06666666666666667
surrogate, 99, 29.0, 0.06666666666666667
surrogate, 99, 29.0, 0.06666666666666667
surrogate, 99, 29.0, 0.06666666666666667
surrogate, 99, 29.0, 0.06666666666666667
surrogate, 99, 29.0, 0.06666666666666667
surrogate, 99, 29.0, 0.06666666666666667
surrogate, 99, 29.0, 0.06666666666666667
surrogate, 99, 29.0, 0.06666666666666667
surrogate, 99, 29.0, 0.06666666666666667
surrogate, 99, 29.0, 0.06666666666666667
surrogate, 99, 29.0, 0.06666666666666667
surrogate, 99, 29.0, 0.06666666666666667
surrogate, 99, 29.0, 0.06666666666666667
surrogate, 99, 29.0, 0.06666666666666667
surrogate, 99, 29.0, 0.06666666666666667
surrogate, 99, 29.0, 0.06666666666666667
surrogate, 99, 29.0, 0.06666666666666667
surrogate, 99, 29.0, 0.06666666666666667
surrogate, 99, 29.0, 0.06666666666666667
surrogate, 99, 29.0, 0.06666666666666667
surrogate, 99, 29.0, 0.06666666666666667
surrogate, 99, 29.0, 0.06666666666666667
surrogate, 99, 29.0, 0.06666666666666667
surrogate, 99, 29.0, 0.06666666666666667
surrogate, 99, 29.0, 0.06666666666666667
surrogate, 99, 29.0, 0.06666666666666667
surrogate, 99, 29.0, 0.06666666666666667
surrogate, 99, 29.0, 0.06666666666666667
surrogate, 99, 29.0, 0.06666666666666667
surrogate, 99, 29.0, 0.06666666666666667
surrogate, 99, 29.0, 0.06666666666666667
surrogate, 99, 29.0, 0.06666666666666667
surrogate, 99, 29.0, 0.06666666666666667
surrogate, 99, 29.0, 0.06666666666666667
surrogate, 99, 29.0, 0.06666666666666667
surrogate, 99, 28.0, 0.05
surrogate, 99, 28.0, 0.05
surrogate, 99, 28.0, 0.05
surrogate, 99, 28.0, 0.05
surrogate, 99, 28.0, 0.05
surrogate, 99, 28.0, 0.05
surrogate, 99, 28.0, 0.05
surrogate, 99, 28.0, 0.05
surrogate, 99, 28.0, 0.05
surrogate, 99, 28.0, 0.05
surrogate, 99, 28.0, 0.05
surrogate, 99, 28.0, 0.05
surrogate, 99, 28.0, 0.05
surrogate, 99, 28.0, 0.05
surrogate, 99, 28.0, 0.05
surrogate, 99, 28.0, 0.05
surrogate, 99, 28.0, 0.05
surrogate, 99, 28.0, 0.05
surrogate, 99, 27.0, 0.03333333333333333
surrogate, 99, 27.0, 0.03333333333333333
surrogate, 99, 27.0, 0.03333333333333333
surrogate, 99, 27.0, 0.03333333333333333
surrogate, 99, 27.0, 0.03333333333333333
surrogate, 99, 27.0, 0.03333333333333333
surrogate, 99, 27.0, 0.03333333333333333
surrogate, 99, 27.0, 0.03333333333333333
surrogate, 99, 27.0, 0.03333333333333333
surrogate, 99, 27.0, 0.03333333333333333
surrogate, 99, 27.0, 0.03333333333333333
surrogate, 99, 27.0, 0.03333333333333333
surrogate, 99, 27.0, 0.03333333333333333
surrogate, 99, 27.0, 0.03333333333333333
surrogate, 99, 26.0, 0.016666666666666666
surrogate, 99, 26.0, 0.016666666666666666
surrogate, 99, 26.0, 0.016666666666666666
surrogate, 99, 26.0, 0.016666666666666666
surrogate, 99, 26.0, 0.016666666666666666
surrogate, 99, 26.0, 0.016666666666666666
surrogate, 99, 26.0, 0.016666666666666666
surrogate, 99, 26.0, 0.016666666666666666
surrogate, 99, 26.0, 0.016666666666666666
surrogate, 99, 26.0, 0.016666666666666666
surrogate, 99, 26.0, 0.016666666666666666
surrogate, 99, 26.0, 0.016666666666666666
surrogate, 99, 26.0, 0.016666666666666666
surrogate, 99, 26.0, 0.016666666666666666
surrogate, 99, 26.0, 0.016666666666666666
surrogate, 99, 26.0, 0.016666666666666666
surrogate, 99, 26.0, 0.016666666666666666
surrogate, 99, 26.0, 0.016666666666666666
surrogate, 99, 26.0, 0.016666666666666666
surrogate, 99, 26.0, 0.016666666666666666
surrogate, 99, 26.0, 0.016666666666666666
surrogate, 99, 26.0, 0.016666666666666666
surrogate, 99, 26.0, 0.016666666666666666
surrogate, 99, 26.0, 0.016666666666666666
surrogate, 99, 26.0, 0.016666666666666666
surrogate, 99, 26.0, 0.016666666666666666
surrogate, 99, 26.0, 0.016666666666666666
surrogate, 99, 26.0, 0.016666666666666666
surrogate, 99, 26.0, 0.016666666666666666
surrogate, 99, 26.0, 0.016666666666666666
surrogate, 99, 26.0, 0.016666666666666666
surrogate, 99, 26.0, 0.016666666666666666
surrogate, 99, 26.0, 0.016666666666666666
surrogate, 99, 26.0, 0.016666666666666666
surrogate, 99, 26.0, 0.016666666666666666
surrogate, 99, 26.0, 0.016666666666666666
surrogate, 99, 26.0, 0.016666666666666666
surrogate, 99, 26.0, 0.016666666666666666
surrogate, 99, 26.0, 0.016666666666666666
surrogate, 99, 26.0, 0.016666666666666666
surrogate, 99, 26.0, 0.016666666666666666
surrogate, 99, 26.0, 0.016666666666666666
surrogate, 99, 26.0, 0.016666666666666666
surrogate, 99, 26.0, 0.016666666666666666
surrogate, 99, 26.0, 0.016666666666666666
surrogate, 99, 26.0, 0.016666666666666666
surrogate, 99, 26.0, 0.016666666666666666
surrogate, 99, 26.0, 0.016666666666666666
surrogate, 99, 26.0, 0.016666666666666666
surrogate, 99, 26.0, 0.016666666666666666
surrogate, 99, 26.0, 0.016666666666666666
surrogate, 99, 26.0, 0.016666666666666666
surrogate, 99, 26.0, 0.016666666666666666
surrogate, 99, 26.0, 0.016666666666666666
surrogate, 99, 26.0, 0.016666666666666666
surrogate, 99, 26.0, 0.016666666666666666
surrogate, 99, 26.0, 0.016666666666666666
surrogate, 99, 26.0, 0.016666666666666666
surrogate, 99, 26.0, 0.016666666666666666
surrogate, 99, 26.0, 0.016666666666666666
surrogate, 99, 26.0, 0.016666666666666666
surrogate, 99, 26.0, 0.016666666666666666
surrogate, 99, 26.0, 0.016666666666666666
surrogate, 99, 26.0, 0.016666666666666666
surrogate, 99, 26.0, 0.016666666666666666
surrogate, 99, 26.0, 0.016666666666666666
surrogate, 99, 26.0, 0.016666666666666666
surrogate, 99, 26.0, 0.016666666666666666
surrogate, 99, 26.0, 0.016666666666666666
surrogate, 99, 26.0, 0.016666666666666666
surrogate, 99, 26.0, 0.016666666666666666
surrogate, 99, 26.0, 0.016666666666666666
surrogate, 99, 26.0, 0.016666666666666666
surrogate, 99, 26.0, 0.016666666666666666
surrogate, 99, 26.0, 0.016666666666666666
surrogate, 99, 26.0, 0.016666666666666666
surrogate, 99, 26.0, 0.016666666666666666
surrogate, 100, 1071.0, 1.0
surrogate, 100, 363.0, 0.9333333333333333
surrogate, 100, 363.0, 0.9333333333333333
surrogate, 100, 228.0, 0.9166666666666666
surrogate, 100, 189.0, 0.8833333333333333
surrogate, 100, 189.0, 0.8833333333333333
surrogate, 100, 80.0, 0.8333333333333334
surrogate, 100, 80.0, 0.8333333333333334
surrogate, 100, 80.0, 0.8333333333333334
surrogate, 100, 80.0, 0.8333333333333334
surrogate, 100, 66.0, 0.8
surrogate, 100, 66.0, 0.8
surrogate, 100, 66.0, 0.8
surrogate, 100, 66.0, 0.8
surrogate, 100, 66.0, 0.8
surrogate, 100, 66.0, 0.8
surrogate, 100, 66.0, 0.8
surrogate, 100, 57.0, 0.7666666666666667
surrogate, 100, 57.0, 0.7666666666666667
surrogate, 100, 53.0, 0.75
surrogate, 100, 53.0, 0.75
surrogate, 100, 53.0, 0.75
surrogate, 100, 53.0, 0.75
surrogate, 100, 46.0, 0.7166666666666667
surrogate, 100, 46.0, 0.7166666666666667
surrogate, 100, 43.0, 0.6833333333333333
surrogate, 100, 43.0, 0.6833333333333333
surrogate, 100, 43.0, 0.6833333333333333
surrogate, 100, 43.0, 0.6833333333333333
surrogate, 100, 43.0, 0.6833333333333333
surrogate, 100, 43.0, 0.6833333333333333
surrogate, 100, 43.0, 0.6833333333333333
surrogate, 100, 43.0, 0.6833333333333333
surrogate, 100, 43.0, 0.6833333333333333
surrogate, 100, 43.0, 0.6833333333333333
surrogate, 100, 43.0, 0.6833333333333333
surrogate, 100, 39.0, 0.65
surrogate, 100, 39.0, 0.65
surrogate, 100, 39.0, 0.65
surrogate, 100, 39.0, 0.65
surrogate, 100, 39.0, 0.65
surrogate, 100, 39.0, 0.65
surrogate, 100, 39.0, 0.65
surrogate, 100, 39.0, 0.65
surrogate, 100, 39.0, 0.65
surrogate, 100, 39.0, 0.65
surrogate, 100, 39.0, 0.65
surrogate, 100, 39.0, 0.65
surrogate, 100, 39.0, 0.65
surrogate, 100, 39.0, 0.65
surrogate, 100, 39.0, 0.65
surrogate, 100, 39.0, 0.65
surrogate, 100, 34.0, 0.55
surrogate, 100, 34.0, 0.55
surrogate, 100, 34.0, 0.55
surrogate, 100, 34.0, 0.55
surrogate, 100, 34.0, 0.55
surrogate, 100, 34.0, 0.55
surrogate, 100, 34.0, 0.55
surrogate, 100, 34.0, 0.55
surrogate, 100, 34.0, 0.55
surrogate, 100, 34.0, 0.55
surrogate, 100, 34.0, 0.55
surrogate, 100, 34.0, 0.55
surrogate, 100, 34.0, 0.55
surrogate, 100, 34.0, 0.55
surrogate, 100, 34.0, 0.55
surrogate, 100, 34.0, 0.55
surrogate, 100, 33.0, 0.5
surrogate, 100, 33.0, 0.5
surrogate, 100, 33.0, 0.5
surrogate, 100, 33.0, 0.5
surrogate, 100, 33.0, 0.5
surrogate, 100, 33.0, 0.5
surrogate, 100, 33.0, 0.5
surrogate, 100, 33.0, 0.5
surrogate, 100, 33.0, 0.5
surrogate, 100, 33.0, 0.5
surrogate, 100, 33.0, 0.5
surrogate, 100, 33.0, 0.5
surrogate, 100, 33.0, 0.5
surrogate, 100, 33.0, 0.5
surrogate, 100, 33.0, 0.5
surrogate, 100, 33.0, 0.5
surrogate, 100, 33.0, 0.5
surrogate, 100, 33.0, 0.5
surrogate, 100, 33.0, 0.5
surrogate, 100, 33.0, 0.5
surrogate, 100, 33.0, 0.5
surrogate, 100, 33.0, 0.5
surrogate, 100, 33.0, 0.5
surrogate, 100, 33.0, 0.5
surrogate, 100, 33.0, 0.5
surrogate, 100, 32.0, 0.36666666666666664
surrogate, 100, 32.0, 0.36666666666666664
surrogate, 100, 32.0, 0.36666666666666664
surrogate, 100, 32.0, 0.36666666666666664
surrogate, 100, 32.0, 0.36666666666666664
surrogate, 100, 32.0, 0.36666666666666664
surrogate, 100, 32.0, 0.36666666666666664
surrogate, 100, 32.0, 0.36666666666666664
surrogate, 100, 32.0, 0.36666666666666664
surrogate, 100, 32.0, 0.36666666666666664
surrogate, 100, 32.0, 0.36666666666666664
surrogate, 100, 32.0, 0.36666666666666664
surrogate, 100, 32.0, 0.36666666666666664
surrogate, 100, 32.0, 0.36666666666666664
surrogate, 100, 32.0, 0.36666666666666664
surrogate, 100, 32.0, 0.36666666666666664
surrogate, 100, 32.0, 0.36666666666666664
surrogate, 100, 32.0, 0.36666666666666664
surrogate, 100, 32.0, 0.36666666666666664
surrogate, 100, 32.0, 0.36666666666666664
surrogate, 100, 32.0, 0.36666666666666664
surrogate, 100, 32.0, 0.36666666666666664
surrogate, 100, 32.0, 0.36666666666666664
surrogate, 100, 32.0, 0.36666666666666664
surrogate, 100, 32.0, 0.36666666666666664
surrogate, 100, 32.0, 0.36666666666666664
surrogate, 100, 32.0, 0.36666666666666664
surrogate, 100, 32.0, 0.36666666666666664
surrogate, 100, 32.0, 0.36666666666666664
surrogate, 100, 32.0, 0.36666666666666664
surrogate, 100, 32.0, 0.36666666666666664
surrogate, 100, 32.0, 0.36666666666666664
surrogate, 100, 32.0, 0.36666666666666664
surrogate, 100, 32.0, 0.36666666666666664
surrogate, 100, 32.0, 0.36666666666666664
surrogate, 100, 32.0, 0.36666666666666664
surrogate, 100, 32.0, 0.36666666666666664
surrogate, 100, 32.0, 0.36666666666666664
surrogate, 100, 32.0, 0.36666666666666664
surrogate, 100, 32.0, 0.36666666666666664
surrogate, 100, 32.0, 0.36666666666666664
surrogate, 100, 32.0, 0.36666666666666664
surrogate, 100, 32.0, 0.36666666666666664
surrogate, 100, 32.0, 0.36666666666666664
surrogate, 100, 32.0, 0.36666666666666664
surrogate, 100, 32.0, 0.36666666666666664
surrogate, 100, 32.0, 0.36666666666666664
surrogate, 100, 32.0, 0.36666666666666664
surrogate, 100, 32.0, 0.36666666666666664
surrogate, 100, 32.0, 0.36666666666666664
surrogate, 100, 32.0, 0.36666666666666664
surrogate, 100, 32.0, 0.36666666666666664
surrogate, 100, 32.0, 0.36666666666666664
surrogate, 100, 32.0, 0.36666666666666664
surrogate, 100, 32.0, 0.36666666666666664
surrogate, 100, 32.0, 0.36666666666666664
surrogate, 100, 32.0, 0.36666666666666664
surrogate, 100, 32.0, 0.36666666666666664
surrogate, 100, 32.0, 0.36666666666666664
surrogate, 100, 32.0, 0.36666666666666664
surrogate, 100, 32.0, 0.36666666666666664
surrogate, 100, 32.0, 0.36666666666666664
surrogate, 100, 32.0, 0.36666666666666664
surrogate, 100, 32.0, 0.36666666666666664
surrogate, 100, 32.0, 0.36666666666666664
surrogate, 100, 32.0, 0.36666666666666664
surrogate, 100, 32.0, 0.36666666666666664
surrogate, 100, 32.0, 0.36666666666666664
surrogate, 100, 32.0, 0.36666666666666664
surrogate, 100, 32.0, 0.36666666666666664
surrogate, 100, 32.0, 0.36666666666666664
surrogate, 100, 32.0, 0.36666666666666664
surrogate, 100, 32.0, 0.36666666666666664
surrogate, 100, 32.0, 0.36666666666666664
surrogate, 100, 32.0, 0.36666666666666664
surrogate, 100, 32.0, 0.36666666666666664
surrogate, 100, 32.0, 0.36666666666666664
surrogate, 100, 32.0, 0.36666666666666664
surrogate, 100, 32.0, 0.36666666666666664
surrogate, 100, 32.0, 0.36666666666666664
surrogate, 100, 30.0, 0.26666666666666666
surrogate, 100, 30.0, 0.26666666666666666
surrogate, 100, 30.0, 0.26666666666666666
surrogate, 100, 30.0, 0.26666666666666666
surrogate, 100, 30.0, 0.26666666666666666
surrogate, 100, 30.0, 0.26666666666666666
surrogate, 100, 30.0, 0.26666666666666666
surrogate, 100, 30.0, 0.26666666666666666
surrogate, 100, 30.0, 0.26666666666666666
surrogate, 100, 30.0, 0.26666666666666666
surrogate, 100, 30.0, 0.26666666666666666
surrogate, 100, 30.0, 0.26666666666666666
surrogate, 100, 30.0, 0.26666666666666666
surrogate, 100, 30.0, 0.26666666666666666
surrogate, 100, 30.0, 0.26666666666666666
surrogate, 100, 30.0, 0.26666666666666666
surrogate, 100, 30.0, 0.26666666666666666
surrogate, 100, 30.0, 0.26666666666666666
surrogate, 100, 30.0, 0.26666666666666666
surrogate, 100, 30.0, 0.26666666666666666
surrogate, 100, 30.0, 0.26666666666666666
surrogate, 100, 30.0, 0.26666666666666666
surrogate, 100, 30.0, 0.26666666666666666
surrogate, 100, 30.0, 0.26666666666666666
surrogate, 100, 30.0, 0.26666666666666666
surrogate, 100, 30.0, 0.26666666666666666
surrogate, 100, 30.0, 0.26666666666666666
surrogate, 100, 30.0, 0.26666666666666666
surrogate, 100, 30.0, 0.26666666666666666
surrogate, 100, 30.0, 0.26666666666666666
surrogate, 100, 30.0, 0.26666666666666666
surrogate, 100, 30.0, 0.26666666666666666
surrogate, 100, 30.0, 0.26666666666666666
surrogate, 100, 30.0, 0.26666666666666666
surrogate, 100, 30.0, 0.26666666666666666
surrogate, 100, 30.0, 0.26666666666666666
surrogate, 100, 30.0, 0.26666666666666666
surrogate, 100, 30.0, 0.26666666666666666
surrogate, 100, 30.0, 0.26666666666666666
surrogate, 100, 30.0, 0.26666666666666666
surrogate, 100, 30.0, 0.26666666666666666
surrogate, 100, 30.0, 0.26666666666666666
surrogate, 100, 30.0, 0.26666666666666666
surrogate, 100, 30.0, 0.26666666666666666
surrogate, 100, 30.0, 0.26666666666666666
surrogate, 100, 30.0, 0.26666666666666666
surrogate, 100, 30.0, 0.26666666666666666
surrogate, 100, 30.0, 0.26666666666666666
surrogate, 100, 30.0, 0.26666666666666666
surrogate, 100, 30.0, 0.26666666666666666
surrogate, 100, 30.0, 0.26666666666666666
surrogate, 100, 30.0, 0.26666666666666666
surrogate, 100, 30.0, 0.26666666666666666
surrogate, 100, 30.0, 0.26666666666666666
surrogate, 100, 30.0, 0.26666666666666666
surrogate, 100, 30.0, 0.26666666666666666
surrogate, 100, 30.0, 0.26666666666666666
surrogate, 100, 30.0, 0.26666666666666666
surrogate, 100, 30.0, 0.26666666666666666
surrogate, 100, 30.0, 0.26666666666666666
surrogate, 100, 30.0, 0.26666666666666666
surrogate, 100, 29.0, 0.06666666666666667
surrogate, 100, 29.0, 0.06666666666666667
surrogate, 100, 29.0, 0.06666666666666667
surrogate, 100, 29.0, 0.06666666666666667
surrogate, 100, 29.0, 0.06666666666666667
surrogate, 100, 29.0, 0.06666666666666667
surrogate, 100, 29.0, 0.06666666666666667
surrogate, 100, 29.0, 0.06666666666666667
surrogate, 100, 29.0, 0.06666666666666667
surrogate, 100, 29.0, 0.06666666666666667
surrogate, 100, 29.0, 0.06666666666666667
surrogate, 100, 29.0, 0.06666666666666667
surrogate, 100, 29.0, 0.06666666666666667
surrogate, 100, 29.0, 0.06666666666666667
surrogate, 100, 29.0, 0.06666666666666667
surrogate, 100, 29.0, 0.06666666666666667
surrogate, 100, 29.0, 0.06666666666666667
surrogate, 100, 29.0, 0.06666666666666667
surrogate, 100, 29.0, 0.06666666666666667
surrogate, 100, 29.0, 0.06666666666666667
surrogate, 100, 29.0, 0.06666666666666667
surrogate, 100, 29.0, 0.06666666666666667
surrogate, 100, 29.0, 0.06666666666666667
surrogate, 100, 29.0, 0.06666666666666667
surrogate, 100, 29.0, 0.06666666666666667
surrogate, 100, 29.0, 0.06666666666666667
surrogate, 100, 29.0, 0.06666666666666667
surrogate, 100, 29.0, 0.06666666666666667
surrogate, 100, 29.0, 0.06666666666666667
surrogate, 100, 29.0, 0.06666666666666667
surrogate, 100, 29.0, 0.06666666666666667
surrogate, 100, 29.0, 0.06666666666666667
surrogate, 100, 29.0, 0.06666666666666667
surrogate, 100, 29.0, 0.06666666666666667
surrogate, 100, 29.0, 0.06666666666666667
surrogate, 100, 29.0, 0.06666666666666667
surrogate, 100, 29.0, 0.06666666666666667
surrogate, 100, 29.0, 0.06666666666666667
surrogate, 100, 29.0, 0.06666666666666667
surrogate, 100, 29.0, 0.06666666666666667
surrogate, 100, 29.0, 0.06666666666666667
surrogate, 100, 29.0, 0.06666666666666667
surrogate, 100, 29.0, 0.06666666666666667
surrogate, 100, 29.0, 0.06666666666666667
surrogate, 100, 29.0, 0.06666666666666667
surrogate, 100, 29.0, 0.06666666666666667
surrogate, 100, 29.0, 0.06666666666666667
surrogate, 100, 29.0, 0.06666666666666667
surrogate, 100, 29.0, 0.06666666666666667
surrogate, 100, 29.0, 0.06666666666666667
surrogate, 100, 29.0, 0.06666666666666667
surrogate, 100, 29.0, 0.06666666666666667
surrogate, 100, 29.0, 0.06666666666666667
surrogate, 100, 29.0, 0.06666666666666667
surrogate, 100, 29.0, 0.06666666666666667
surrogate, 100, 29.0, 0.06666666666666667
surrogate, 100, 29.0, 0.06666666666666667
surrogate, 100, 29.0, 0.06666666666666667
surrogate, 100, 29.0, 0.06666666666666667
surrogate, 100, 29.0, 0.06666666666666667
surrogate, 100, 29.0, 0.06666666666666667
surrogate, 100, 29.0, 0.06666666666666667
surrogate, 100, 29.0, 0.06666666666666667
surrogate, 100, 29.0, 0.06666666666666667
surrogate, 100, 29.0, 0.06666666666666667
surrogate, 100, 29.0, 0.06666666666666667
surrogate, 100, 29.0, 0.06666666666666667
surrogate, 100, 29.0, 0.06666666666666667
surrogate, 100, 29.0, 0.06666666666666667
surrogate, 100, 29.0, 0.06666666666666667
surrogate, 100, 29.0, 0.06666666666666667
surrogate, 100, 29.0, 0.06666666666666667
surrogate, 100, 29.0, 0.06666666666666667
surrogate, 100, 29.0, 0.06666666666666667
surrogate, 100, 29.0, 0.06666666666666667
surrogate, 100, 29.0, 0.06666666666666667
surrogate, 100, 29.0, 0.06666666666666667
surrogate, 100, 29.0, 0.06666666666666667
surrogate, 100, 28.0, 0.05
surrogate, 100, 28.0, 0.05
surrogate, 100, 28.0, 0.05
surrogate, 100, 28.0, 0.05
surrogate, 100, 28.0, 0.05
surrogate, 100, 28.0, 0.05
surrogate, 100, 28.0, 0.05
surrogate, 100, 28.0, 0.05
surrogate, 100, 28.0, 0.05
surrogate, 100, 28.0, 0.05
surrogate, 100, 28.0, 0.05
surrogate, 100, 28.0, 0.05
surrogate, 100, 28.0, 0.05
surrogate, 100, 28.0, 0.05
surrogate, 100, 28.0, 0.05
surrogate, 100, 28.0, 0.05
surrogate, 100, 28.0, 0.05
surrogate, 100, 28.0, 0.05
surrogate, 100, 27.0, 0.03333333333333333
surrogate, 100, 27.0, 0.03333333333333333
surrogate, 100, 27.0, 0.03333333333333333
surrogate, 100, 27.0, 0.03333333333333333
surrogate, 100, 27.0, 0.03333333333333333
surrogate, 100, 27.0, 0.03333333333333333
surrogate, 100, 27.0, 0.03333333333333333
surrogate, 100, 27.0, 0.03333333333333333
surrogate, 100, 27.0, 0.03333333333333333
surrogate, 100, 27.0, 0.03333333333333333
surrogate, 100, 27.0, 0.03333333333333333
surrogate, 100, 27.0, 0.03333333333333333
surrogate, 100, 27.0, 0.03333333333333333
surrogate, 100, 27.0, 0.03333333333333333
surrogate, 100, 26.0, 0.016666666666666666
surrogate, 100, 26.0, 0.016666666666666666
surrogate, 100, 26.0, 0.016666666666666666
surrogate, 100, 26.0, 0.016666666666666666
surrogate, 100, 26.0, 0.016666666666666666
surrogate, 100, 26.0, 0.016666666666666666
surrogate, 100, 26.0, 0.016666666666666666
surrogate, 100, 26.0, 0.016666666666666666
surrogate, 100, 26.0, 0.016666666666666666
surrogate, 100, 26.0, 0.016666666666666666
surrogate, 100, 26.0, 0.016666666666666666
surrogate, 100, 26.0, 0.016666666666666666
surrogate, 100, 26.0, 0.016666666666666666
surrogate, 100, 26.0, 0.016666666666666666
surrogate, 100, 26.0, 0.016666666666666666
surrogate, 100, 26.0, 0.016666666666666666
surrogate, 100, 26.0, 0.016666666666666666
surrogate, 100, 26.0, 0.016666666666666666
surrogate, 100, 26.0, 0.016666666666666666
surrogate, 100, 26.0, 0.016666666666666666
surrogate, 100, 26.0, 0.016666666666666666
surrogate, 100, 26.0, 0.016666666666666666
surrogate, 100, 26.0, 0.016666666666666666
surrogate, 100, 26.0, 0.016666666666666666
surrogate, 100, 26.0, 0.016666666666666666
surrogate, 100, 26.0, 0.016666666666666666
surrogate, 100, 26.0, 0.016666666666666666
surrogate, 100, 26.0, 0.016666666666666666
surrogate, 100, 26.0, 0.016666666666666666
surrogate, 100, 26.0, 0.016666666666666666
surrogate, 100, 26.0, 0.016666666666666666
surrogate, 100, 26.0, 0.016666666666666666
surrogate, 100, 26.0, 0.016666666666666666
surrogate, 100, 26.0, 0.016666666666666666
surrogate, 100, 26.0, 0.016666666666666666
surrogate, 100, 26.0, 0.016666666666666666
surrogate, 100, 26.0, 0.016666666666666666
surrogate, 100, 26.0, 0.016666666666666666
surrogate, 100, 26.0, 0.016666666666666666
surrogate, 100, 26.0, 0.016666666666666666
surrogate, 100, 26.0, 0.016666666666666666
surrogate, 100, 26.0, 0.016666666666666666
surrogate, 100, 26.0, 0.016666666666666666
surrogate, 100, 26.0, 0.016666666666666666
surrogate, 100, 26.0, 0.016666666666666666
surrogate, 100, 26.0, 0.016666666666666666
surrogate, 100, 26.0, 0.016666666666666666
surrogate, 100, 26.0, 0.016666666666666666
surrogate, 100, 26.0, 0.016666666666666666
surrogate, 100, 26.0, 0.016666666666666666
surrogate, 100, 26.0, 0.016666666666666666
surrogate, 100, 26.0, 0.016666666666666666
surrogate, 100, 26.0, 0.016666666666666666
surrogate, 100, 26.0, 0.016666666666666666
surrogate, 100, 26.0, 0.016666666666666666
surrogate, 100, 26.0, 0.016666666666666666
surrogate, 100, 26.0, 0.016666666666666666
surrogate, 100, 26.0, 0.016666666666666666
surrogate, 100, 26.0, 0.016666666666666666
surrogate, 100, 26.0, 0.016666666666666666
surrogate, 100, 26.0, 0.016666666666666666
surrogate, 100, 26.0, 0.016666666666666666
surrogate, 100, 26.0, 0.016666666666666666
surrogate, 100, 26.0, 0.016666666666666666
surrogate, 100, 26.0, 0.016666666666666666
surrogate, 100, 26.0, 0.016666666666666666
surrogate, 100, 26.0, 0.016666666666666666
surrogate, 100, 26.0, 0.016666666666666666
surrogate, 100, 26.0, 0.016666666666666666
surrogate, 100, 26.0, 0.016666666666666666
surrogate, 100, 26.0, 0.016666666666666666
surrogate, 100, 26.0, 0.016666666666666666
surrogate, 100, 26.0, 0.016666666666666666
surrogate, 100, 26.0, 0.016666666666666666
surrogate, 100, 26.0, 0.016666666666666666
surrogate, 100, 26.0, 0.016666666666666666
surrogate, 100, 26.0, 0.016666666666666666
