# generation,individual,mean_max_link,mean_total_link,mean_total_delay,mean_cpu,latency
60.00,10.00,112.92,762.34,25.31,0.24,7.40
60.00,5.00,112.92,750.83,24.81,0.23,19.48
60.00,15.00,112.92,758.47,25.25,0.24,7.32
60.00,12.00,112.92,752.91,25.06,0.23,12.48
60.00,6.00,114.77,775.71,25.56,0.24,7.04
60.00,1.00,114.77,775.36,25.75,0.24,7.25
60.00,11.00,112.92,762.34,25.31,0.24,7.40
60.00,0.00,114.77,769.63,25.69,0.24,7.14
60.00,9.00,114.77,775.88,25.50,0.24,10.79
60.00,4.00,114.77,780.57,25.81,0.26,40.18
60.00,14.00,114.77,776.63,25.56,0.24,7.11
60.00,2.00,112.92,762.34,25.31,0.24,7.40
60.00,3.00,116.63,807.23,26.30,0.26,36.99
60.00,7.00,114.77,775.71,25.56,0.24,7.04
60.00,13.00,116.62,772.41,25.56,0.25,19.87
60.00,8.00,114.77,785.95,25.75,0.25,17.38
60.00,28.00,114.77,775.07,26.00,0.24,7.48
60.00,26.00,112.92,763.10,25.31,0.24,7.46
60.00,25.00,111.07,767.14,25.69,0.24,13.24
60.00,16.00,114.77,774.90,25.75,0.24,7.26
60.00,20.00,109.22,748.86,24.81,0.24,11.13
60.00,24.00,118.48,782.48,26.06,0.24,19.97
60.00,31.00,114.77,772.41,25.69,0.24,7.13
60.00,22.00,114.77,763.50,25.19,0.24,7.08
60.00,18.00,112.92,762.34,25.31,0.24,7.40
60.00,29.00,114.77,772.99,25.81,0.24,7.28
60.00,32.00,114.77,772.99,25.81,0.24,7.28
60.00,17.00,114.77,775.07,26.00,0.24,7.48
60.00,19.00,114.77,783.40,25.88,0.24,7.38
60.00,30.00,112.92,762.34,25.31,0.24,7.40
60.00,37.00,114.77,777.85,25.75,0.24,7.31
60.00,35.00,114.77,775.71,25.56,0.24,7.04
60.00,21.00,118.48,778.77,25.81,0.25,14.76
60.00,38.00,112.92,763.21,25.12,0.24,7.43
60.00,23.00,114.77,775.07,26.00,0.24,7.48
60.00,39.00,114.77,772.99,25.81,0.24,7.28
60.00,44.00,114.77,775.36,25.75,0.24,7.25
60.00,27.00,112.92,762.34,25.31,0.24,7.40
60.00,33.00,112.92,762.34,25.31,0.24,7.40
60.00,36.00,112.92,762.34,25.31,0.24,7.40
60.00,34.00,142.54,1070.42,26.42,0.39,206.15
60.00,42.00,118.48,782.48,26.06,0.24,19.97
60.00,41.00,112.92,764.89,25.69,0.24,11.81
60.00,53.00,114.77,783.40,25.88,0.24,7.38
60.00,47.00,114.77,765.35,25.38,0.24,6.82
60.00,40.00,116.62,777.44,25.62,0.25,27.22
60.00,45.00,112.92,760.84,25.25,0.24,7.36
60.00,49.00,111.07,766.10,25.44,0.24,10.72
60.00,52.00,112.92,762.34,25.31,0.24,7.40
60.00,43.00,109.22,772.84,24.97,0.24,11.10
60.00,48.00,116.63,798.09,25.82,0.25,11.96
60.00,59.00,114.77,775.36,25.75,0.24,7.25
60.00,56.00,111.07,765.06,25.50,0.25,15.56
60.00,60.00,114.77,774.90,25.75,0.24,7.26
60.00,50.00,114.77,774.61,25.56,0.24,7.04
60.00,46.00,114.77,781.43,25.88,0.25,14.72
60.00,61.00,112.92,762.34,25.31,0.24,7.40
60.00,55.00,114.77,764.95,25.75,0.24,7.24
60.00,58.00,114.77,777.79,25.94,0.24,7.38
60.00,51.00,114.77,774.90,25.75,0.24,7.26
60.00,54.00,112.92,766.34,25.12,0.24,7.20
60.00,65.00,114.77,775.36,25.75,0.24,7.25
60.00,71.00,112.92,772.12,25.56,0.24,9.04
60.00,69.00,120.33,787.86,26.00,0.26,41.15
60.00,73.00,112.92,754.36,25.06,0.24,7.42
60.00,70.00,114.77,785.41,25.21,0.24,6.91
60.00,67.00,116.62,787.28,25.69,0.27,51.91
60.00,62.00,112.92,782.07,25.75,0.24,9.62
60.00,68.00,109.22,765.06,25.38,0.24,12.37
60.00,63.00,116.62,776.23,25.44,0.28,54.49
60.00,57.00,118.48,782.48,26.06,0.24,19.97
60.00,66.00,112.92,771.89,25.62,0.24,7.71
60.00,64.00,114.77,780.91,26.06,0.24,8.93
60.00,72.00,112.92,763.62,25.25,0.24,7.35
60.00,76.00,112.92,759.34,25.25,0.24,7.36
60.00,82.00,112.92,758.47,25.25,0.24,7.32
60.00,74.00,114.77,773.62,26.00,0.23,48.69
60.00,78.00,114.77,774.90,25.75,0.24,7.26
60.00,83.00,114.77,772.99,25.81,0.24,7.28
60.00,75.00,114.77,770.04,25.00,0.26,40.21
60.00,77.00,114.77,774.90,25.75,0.24,7.26
60.00,80.00,114.77,781.32,25.56,0.24,7.14
60.00,81.00,114.77,775.71,25.56,0.24,7.04
60.00,79.00,114.77,774.90,25.75,0.24,7.26
60.00,90.00,116.62,762.52,25.38,0.24,7.50
60.00,91.00,112.92,762.34,25.31,0.24,7.40
60.00,92.00,114.77,776.63,25.56,0.24,7.11
60.00,89.00,112.92,760.90,25.38,0.24,10.89
60.00,87.00,114.77,774.14,25.75,0.24,14.40
60.00,86.00,114.77,775.76,25.81,0.25,22.60
60.00,85.00,114.77,771.19,25.69,0.24,12.76
60.00,84.00,114.77,784.62,25.88,0.25,10.97
60.00,94.00,112.92,745.91,24.88,0.24,7.44
60.00,88.00,116.62,763.44,25.38,0.24,7.51
60.00,103.00,114.77,775.07,26.00,0.24,7.48
60.00,108.00,114.77,771.43,25.69,0.26,36.72
60.00,99.00,114.77,772.99,25.81,0.24,7.28
60.00,102.00,114.77,775.07,26.00,0.24,7.48
60.00,100.00,114.77,774.72,25.69,0.24,7.13
60.00,97.00,112.92,792.09,25.64,0.25,14.74
60.00,110.00,114.77,780.51,25.81,0.24,7.34
60.00,106.00,112.92,762.34,25.31,0.24,7.40
60.00,98.00,112.92,758.00,25.12,0.24,7.19
60.00,109.00,112.92,764.43,25.31,0.24,8.42
60.00,115.00,112.92,772.93,25.62,0.25,12.69
60.00,96.00,114.77,786.35,25.94,0.25,12.23
60.00,95.00,116.62,769.40,25.31,0.27,48.82
60.00,112.00,112.92,781.67,25.69,0.25,13.07
60.00,117.00,112.92,767.84,25.50,0.25,13.54
60.00,104.00,114.77,775.71,25.56,0.24,7.04
60.00,114.00,116.62,781.67,25.69,0.27,53.23
60.00,93.00,114.77,762.05,25.19,0.24,7.78
60.00,101.00,112.92,762.34,25.31,0.24,7.40
60.00,113.00,114.77,768.36,25.50,0.24,9.49
60.00,107.00,114.77,775.36,25.75,0.24,7.25
60.00,105.00,114.77,775.71,25.56,0.24,7.04
60.00,129.00,116.62,762.52,25.38,0.24,7.50
60.00,121.00,120.33,791.21,25.94,0.27,53.68
60.00,126.00,112.92,759.16,24.94,0.24,7.05
60.00,124.00,114.77,775.71,25.56,0.24,7.04
60.00,120.00,109.22,772.00,25.50,0.24,11.82
60.00,125.00,114.77,779.87,25.56,0.24,7.20
60.00,119.00,114.77,764.54,25.31,0.24,7.94
60.00,122.00,114.77,747.01,24.75,0.24,7.23
60.00,116.00,114.77,768.36,25.50,0.24,7.67
60.00,128.00,114.77,770.85,25.44,0.24,8.07
60.00,123.00,112.92,750.95,25.06,0.24,7.51
60.00,132.00,112.92,772.93,25.62,0.25,12.69
60.00,127.00,112.92,763.10,25.31,0.24,7.46
60.00,118.00,116.62,772.24,25.62,0.24,7.91
60.00,135.00,111.07,789.28,25.15,0.25,18.63
60.00,111.00,131.43,879.32,26.17,0.31,94.04
60.00,145.00,112.92,762.34,25.31,0.24,7.40
60.00,139.00,118.48,784.85,25.88,0.25,31.10
60.00,137.00,116.62,769.29,25.31,0.27,53.51
60.00,130.00,116.62,774.26,25.56,0.26,45.68
60.00,147.00,114.77,767.84,25.81,0.24,7.25
60.00,146.00,114.77,780.16,25.56,0.24,7.63
60.00,133.00,116.62,771.14,25.31,0.27,54.00
60.00,142.00,135.14,922.24,26.49,0.32,77.99
60.00,136.00,112.92,772.06,25.56,0.24,7.73
60.00,143.00,118.48,785.08,25.88,0.25,29.76
60.00,131.00,112.92,773.45,25.69,0.25,13.87
60.00,141.00,114.77,779.87,25.56,0.24,7.20
60.00,157.00,118.48,772.99,25.75,0.24,10.05
60.00,150.00,114.77,774.38,25.69,0.24,7.20
60.00,144.00,116.62,762.52,25.38,0.24,7.50
60.00,160.00,114.77,781.20,25.88,0.24,7.38
60.00,148.00,112.92,762.34,25.31,0.24,7.40
60.00,151.00,114.77,763.67,25.44,0.24,6.92
60.00,155.00,112.92,764.25,25.38,0.24,7.45
60.00,149.00,112.92,779.97,25.27,0.24,7.34
60.00,153.00,111.07,783.63,25.88,0.24,11.83
60.00,159.00,111.07,765.00,25.25,0.23,19.31
60.00,158.00,116.62,769.52,25.38,0.26,38.74
60.00,154.00,114.77,770.27,25.50,0.24,7.08
60.00,138.00,112.92,765.58,25.38,0.24,8.40
60.00,152.00,136.99,1014.14,26.24,0.37,63.63
60.00,140.00,112.92,765.58,25.31,0.24,7.38
60.00,134.00,118.48,782.48,26.06,0.24,19.97
60.00,172.00,114.77,768.42,25.44,0.24,7.93
60.00,166.00,114.77,763.50,25.19,0.24,7.08
60.00,156.00,109.22,769.11,25.38,0.24,11.49
60.00,167.00,114.77,763.62,25.31,0.24,7.16
60.00,168.00,116.62,787.28,25.69,0.27,51.91
60.00,170.00,114.77,772.99,25.81,0.24,7.28
60.00,162.00,116.62,777.67,25.56,0.27,52.87
60.00,165.00,114.77,775.36,25.75,0.24,7.25
60.00,161.00,112.92,762.34,25.31,0.24,7.40
60.00,164.00,114.77,781.20,25.88,0.24,7.38
60.00,171.00,114.77,774.90,25.75,0.24,7.26
60.00,178.00,112.92,762.34,25.31,0.24,7.40
60.00,181.00,114.77,756.21,24.88,0.26,40.78
60.00,169.00,112.92,772.93,25.62,0.25,12.69
60.00,163.00,112.92,772.29,25.62,0.24,7.82
60.00,173.00,114.77,772.24,25.44,0.24,6.88
60.00,180.00,112.92,760.90,25.38,0.24,10.89
60.00,182.00,114.77,775.36,25.75,0.24,7.25
60.00,184.00,114.77,774.90,25.75,0.24,7.26
60.00,195.00,112.92,760.72,25.31,0.25,27.14
60.00,183.00,116.62,758.81,25.25,0.24,7.36
60.00,190.00,114.77,757.08,25.19,0.23,16.16
60.00,186.00,114.77,767.20,25.56,0.24,8.77
60.00,188.00,114.77,772.18,25.56,0.24,7.09
60.00,185.00,114.77,775.36,25.75,0.24,7.25
60.00,175.00,112.92,758.00,25.12,0.24,7.19
60.00,196.00,112.92,779.97,25.27,0.24,7.34
60.00,192.00,114.77,775.71,25.56,0.24,7.04
60.00,174.00,114.77,774.72,25.69,0.24,7.13
60.00,176.00,116.62,790.92,25.88,0.25,18.70
60.00,179.00,114.77,765.99,25.69,0.24,7.16
60.00,177.00,149.95,1067.51,25.86,0.40,708.43
60.00,193.00,114.77,774.61,25.56,0.24,7.04
60.00,194.00,116.62,780.33,25.69,0.27,52.87
60.00,191.00,112.92,796.63,25.52,0.26,35.74
60.00,200.00,112.92,758.47,25.25,0.24,7.32
60.00,197.00,114.77,775.07,26.00,0.24,7.48
60.00,210.00,112.92,766.10,25.19,0.24,7.49
60.00,204.00,116.62,778.95,25.94,0.24,12.62
60.00,202.00,114.77,775.36,25.75,0.24,7.25
60.00,205.00,112.92,772.93,25.62,0.25,12.69
60.00,199.00,114.77,795.45,25.45,0.24,8.42
60.00,187.00,112.92,769.34,25.44,0.24,9.75
60.00,189.00,114.77,783.40,25.88,0.24,7.38
60.00,207.00,118.48,774.55,25.81,0.24,12.80
60.00,198.00,114.77,772.76,25.56,0.24,7.02
60.00,201.00,114.77,774.61,25.56,0.24,7.04
60.00,206.00,109.22,759.28,25.12,0.23,19.46
60.00,212.00,114.77,763.50,25.19,0.24,7.08
60.00,203.00,114.77,758.64,25.25,0.24,6.98
60.00,208.00,118.48,779.64,25.69,0.25,24.59
60.00,214.00,112.92,782.24,25.75,0.25,23.17
60.00,216.00,114.77,774.90,25.75,0.24,7.26
60.00,220.00,118.48,782.36,26.12,0.24,20.46
60.00,221.00,109.22,755.57,25.00,0.23,17.73
60.00,213.00,114.77,775.71,25.56,0.24,7.04
60.00,219.00,112.92,771.43,25.56,0.25,16.90
60.00,215.00,116.62,780.33,25.69,0.27,52.87
60.00,211.00,112.92,759.16,24.94,0.24,7.05
60.00,224.00,114.77,772.99,25.81,0.24,7.28
60.00,233.00,114.77,775.07,26.00,0.24,7.48
60.00,227.00,112.92,762.34,25.31,0.24,7.40
60.00,232.00,114.77,771.95,25.50,0.24,7.27
60.00,230.00,114.77,775.36,25.75,0.24,7.25
60.00,218.00,114.77,764.60,25.25,0.23,15.88
60.00,225.00,114.77,775.07,26.00,0.24,7.48
60.00,229.00,112.92,763.10,25.31,0.24,7.46
60.00,231.00,112.92,764.25,25.38,0.24,7.45
60.00,217.00,114.77,765.00,25.50,0.24,6.95
60.00,236.00,114.77,783.40,25.88,0.24,7.38
60.00,209.00,111.07,769.00,25.69,0.24,11.03
60.00,222.00,112.92,772.06,25.56,0.24,7.73
60.00,226.00,114.77,763.50,25.19,0.24,7.08
60.00,228.00,114.77,774.90,25.75,0.24,7.26
60.00,223.00,116.62,787.28,25.69,0.27,51.91
60.00,240.00,111.07,765.12,25.56,0.25,15.62
60.00,235.00,114.77,763.50,25.19,0.24,7.08
60.00,237.00,114.77,774.38,25.69,0.24,7.20
60.00,245.00,112.92,770.50,25.56,0.25,25.10
60.00,244.00,114.77,768.71,25.25,0.25,24.88
60.00,242.00,114.77,772.99,25.81,0.24,7.28
60.00,239.00,114.77,763.10,25.69,0.24,7.22
60.00,234.00,114.77,785.02,25.69,0.24,7.13
60.00,248.00,114.77,774.72,25.69,0.24,7.13
60.00,246.00,114.77,775.36,25.75,0.24,7.25
60.00,241.00,118.48,782.48,26.06,0.24,19.97
60.00,247.00,114.77,775.07,26.00,0.24,7.48
60.00,251.00,114.77,765.35,25.38,0.24,6.82
60.00,250.00,114.77,776.63,25.56,0.24,7.11
60.00,238.00,114.77,775.36,25.75,0.24,7.25
60.00,255.00,114.77,774.38,25.69,0.24,7.20
60.00,256.00,114.77,770.73,25.44,0.24,9.65
60.00,265.00,114.77,760.03,25.50,0.24,10.20
60.00,253.00,114.77,775.36,25.75,0.24,7.25
60.00,243.00,114.77,764.02,25.31,0.24,6.92
60.00,260.00,111.07,768.24,25.44,0.24,9.48
60.00,259.00,114.77,763.79,25.75,0.24,7.31
60.00,266.00,114.77,763.79,25.75,0.24,7.31
60.00,261.00,116.62,765.87,25.44,0.26,36.97
60.00,249.00,114.77,775.07,26.00,0.24,7.48
60.00,263.00,111.07,765.00,25.25,0.23,19.31
60.00,252.00,114.77,762.40,25.56,0.24,7.22
60.00,264.00,112.92,772.93,25.62,0.25,12.69
60.00,269.00,111.07,767.14,25.69,0.24,13.24
60.00,258.00,114.77,775.07,26.00,0.24,7.48
60.00,262.00,118.48,786.29,25.88,0.26,37.03
60.00,275.00,112.92,751.58,25.00,0.24,7.14
60.00,277.00,116.62,776.81,25.62,0.26,33.62
60.00,283.00,116.62,756.73,25.31,0.24,8.41
60.00,278.00,112.92,756.73,25.06,0.24,9.96
60.00,282.00,112.92,772.93,25.62,0.25,12.69
60.00,271.00,114.77,776.63,25.56,0.24,7.11
60.00,257.00,114.77,783.98,25.88,0.26,34.87
60.00,272.00,118.48,775.36,25.75,0.24,11.31
60.00,273.00,111.07,781.78,25.94,0.24,9.66
60.00,254.00,114.77,775.36,25.75,0.24,7.25
60.00,268.00,118.48,782.48,26.06,0.24,19.97
60.00,279.00,116.63,794.10,25.82,0.26,37.45
60.00,270.00,114.77,763.62,25.31,0.24,7.16
60.00,267.00,112.92,759.51,25.25,0.24,7.32
60.00,293.00,114.77,763.79,25.75,0.24,7.31
60.00,290.00,114.77,769.98,25.38,0.24,6.83
60.00,294.00,114.77,775.36,25.75,0.24,7.25
60.00,289.00,114.77,775.07,26.00,0.24,7.48
60.00,280.00,116.62,780.97,25.75,0.26,35.53
60.00,286.00,111.07,775.19,25.88,0.23,14.69
60.00,274.00,112.92,772.12,25.56,0.24,9.04
60.00,287.00,118.48,782.94,26.00,0.24,12.47
60.00,285.00,118.48,770.79,25.31,0.26,48.99
60.00,276.00,112.92,772.93,25.62,0.25,12.69
60.00,281.00,112.92,772.93,25.62,0.25,12.69
60.00,288.00,114.77,764.83,25.56,0.24,7.01
60.00,284.00,112.92,772.87,25.69,0.25,11.71
60.00,307.00,114.77,773.33,25.69,0.24,7.19
60.00,303.00,116.62,783.23,25.81,0.25,10.77
60.00,302.00,111.07,748.81,24.81,0.24,9.84
60.00,298.00,114.77,772.99,25.81,0.24,7.28
60.00,306.00,114.77,772.76,25.56,0.24,7.02
60.00,297.00,116.62,787.28,25.69,0.29,58.32
60.00,299.00,114.77,770.85,25.69,0.24,7.15
60.00,295.00,114.77,772.76,25.56,0.24,7.02
60.00,305.00,112.92,759.16,24.94,0.24,7.05
60.00,291.00,114.77,774.90,25.75,0.24,7.26
60.00,300.00,114.77,769.63,25.56,0.24,7.01
60.00,304.00,114.77,777.85,25.75,0.24,7.31
60.00,292.00,114.77,775.07,26.00,0.24,7.48
60.00,313.00,112.92,762.34,25.31,0.24,7.40
60.00,310.00,114.77,762.92,25.25,0.24,6.72
60.00,314.00,112.92,772.93,25.62,0.25,12.69
60.00,316.00,116.62,782.88,25.81,0.26,37.91
60.00,317.00,111.07,762.63,25.19,0.24,11.16
60.00,309.00,114.77,775.36,25.75,0.24,7.25
60.00,311.00,114.77,771.72,25.44,0.24,7.10
60.00,296.00,112.92,772.93,25.62,0.25,12.69
60.00,312.00,114.77,776.63,25.44,0.24,7.12
60.00,301.00,118.48,776.11,25.81,0.24,10.23
60.00,335.00,111.07,759.34,25.38,0.24,9.31
60.00,327.00,114.77,758.87,25.00,0.25,17.54
60.00,328.00,112.92,780.22,25.69,0.26,37.07
60.00,320.00,114.77,775.07,26.00,0.24,7.48
60.00,323.00,118.48,782.71,26.12,0.24,10.64
60.00,329.00,114.77,767.49,25.31,0.25,9.72
60.00,334.00,116.62,776.23,25.94,0.24,8.05
60.00,322.00,111.07,765.53,25.56,0.24,11.10
60.00,315.00,116.62,780.97,25.75,0.26,35.53
60.00,324.00,114.77,765.18,25.50,0.24,12.58
60.00,319.00,116.62,758.35,25.12,0.24,7.26
60.00,321.00,114.77,775.07,26.00,0.24,7.48
60.00,318.00,112.92,771.66,25.44,0.24,8.06
60.00,326.00,112.92,772.93,25.62,0.25,12.69
60.00,308.00,114.77,775.07,26.00,0.24,7.48
60.00,332.00,112.92,773.05,25.38,0.24,10.42
60.00,342.00,114.77,775.07,26.00,0.24,7.48
60.00,345.00,112.92,764.02,25.31,0.24,9.72
60.00,339.00,112.92,756.33,25.06,0.24,7.16
60.00,349.00,114.77,756.91,25.00,0.24,6.45
60.00,351.00,114.77,772.06,25.44,0.24,6.90
60.00,331.00,109.22,747.71,25.00,0.24,14.27
60.00,330.00,120.33,815.14,25.76,0.27,56.63
60.00,325.00,112.92,773.28,25.56,0.25,12.59
60.00,333.00,114.77,782.19,25.88,0.24,9.82
60.00,346.00,111.07,751.81,24.88,0.25,31.51
60.00,347.00,116.62,768.24,25.62,0.24,14.02
60.00,362.00,111.07,735.85,24.38,0.25,21.29
60.00,366.00,112.92,770.33,25.38,0.24,7.49
60.00,357.00,118.48,772.41,25.81,0.24,19.26
60.00,348.00,112.92,772.12,25.56,0.24,9.04
60.00,350.00,114.77,772.06,25.44,0.24,6.90
60.00,356.00,109.22,774.09,25.44,0.24,11.59
60.00,337.00,116.63,779.01,25.09,0.25,18.90
60.00,354.00,112.92,772.93,25.62,0.25,12.69
60.00,363.00,118.48,782.94,26.00,0.25,29.98
60.00,361.00,112.92,773.51,25.38,0.24,9.40
60.00,336.00,111.07,782.30,25.88,0.24,11.85
60.00,344.00,116.62,760.55,25.31,0.25,19.62
60.00,341.00,112.92,770.27,25.38,0.24,7.44
60.00,340.00,112.92,762.34,25.31,0.24,7.40
60.00,343.00,114.77,775.07,26.00,0.24,7.48
60.00,359.00,112.92,762.34,25.31,0.24,7.40
60.00,338.00,112.92,765.58,25.31,0.24,7.38
60.00,355.00,116.62,771.14,25.31,0.27,54.00
60.00,372.00,112.92,770.73,25.38,0.24,8.47
60.00,375.00,116.62,757.72,25.12,0.24,7.53
60.00,358.00,112.92,771.54,25.38,0.24,7.44
60.00,373.00,114.77,760.49,25.19,0.24,7.01
60.00,376.00,112.92,771.08,25.56,0.24,8.88
60.00,371.00,114.77,775.07,26.00,0.24,7.48
60.00,360.00,114.77,759.62,25.19,0.25,10.82
60.00,364.00,114.77,770.15,25.44,0.24,6.97
60.00,377.00,114.77,767.67,25.25,0.25,30.22
60.00,369.00,112.92,764.02,25.31,0.24,9.72
60.00,365.00,114.77,775.36,25.75,0.24,7.25
60.00,352.00,114.77,760.49,25.31,0.24,8.98
60.00,353.00,112.92,782.94,25.81,0.25,20.43
60.00,380.00,114.77,770.73,25.44,0.24,9.65
60.00,374.00,114.77,788.49,26.25,0.24,8.73
60.00,383.00,111.07,741.69,24.38,0.25,25.33
60.00,367.00,116.62,762.52,25.38,0.24,7.50
60.00,370.00,114.77,775.07,26.00,0.24,7.48
60.00,368.00,114.77,774.55,25.75,0.24,7.21
60.00,382.00,116.62,785.02,26.12,0.25,20.63
60.00,379.00,114.77,775.13,25.56,0.24,7.14
60.00,378.00,114.77,763.62,25.31,0.24,7.16
60.00,381.00,112.92,777.15,25.50,0.25,22.52
60.00,384.00,114.77,775.71,25.56,0.24,7.04
60.00,396.00,111.07,766.39,25.75,0.24,10.08
60.00,387.00,114.77,769.81,25.75,0.24,7.37
60.00,395.00,112.92,758.47,25.25,0.24,7.32
60.00,392.00,116.62,769.40,25.31,0.27,48.82
60.00,388.00,114.77,781.43,25.50,0.27,52.45
60.00,391.00,112.92,772.93,25.62,0.25,12.69
60.00,385.00,114.77,762.92,25.25,0.24,6.72
60.00,389.00,112.92,761.94,25.38,0.24,10.89
60.00,390.00,116.62,777.85,25.94,0.24,13.33
60.00,397.00,118.48,784.09,25.81,0.25,25.11
60.00,386.00,114.77,775.07,26.00,0.24,7.48
60.00,400.00,114.77,772.41,25.44,0.25,13.89
60.00,410.00,112.92,758.47,25.06,0.24,9.94
60.00,412.00,112.92,759.45,25.25,0.24,7.38
60.00,411.00,112.92,761.94,25.38,0.24,10.89
60.00,393.00,112.92,770.96,25.44,0.24,8.59
60.00,406.00,116.62,781.67,25.69,0.27,53.23
60.00,407.00,112.92,772.93,25.62,0.25,12.69
60.00,408.00,120.33,793.24,26.00,0.26,44.37
60.00,405.00,118.48,791.27,25.75,0.26,50.41
60.00,402.00,116.62,776.63,25.75,0.25,24.76
60.00,394.00,112.92,762.34,25.31,0.24,7.40
60.00,398.00,120.33,804.93,26.06,0.25,27.90
60.00,401.00,112.92,762.05,25.44,0.24,7.54
60.00,409.00,109.22,765.18,25.31,0.24,12.31
60.00,421.00,114.77,774.90,25.75,0.24,7.26
60.00,416.00,114.77,773.62,25.44,0.25,13.89
60.00,418.00,112.92,777.27,25.69,0.24,8.07
60.00,399.00,112.92,767.38,25.31,0.24,10.57
60.00,425.00,112.92,759.91,25.44,0.23,28.12
60.00,403.00,112.92,772.93,25.62,0.25,12.69
60.00,419.00,114.77,770.44,25.25,0.26,42.17
60.00,423.00,114.77,774.38,25.69,0.24,7.20
60.00,404.00,109.22,746.49,25.06,0.23,14.28
60.00,429.00,114.77,772.99,25.81,0.24,7.28
60.00,434.00,114.77,775.71,25.56,0.24,7.04
60.00,422.00,114.77,775.07,26.00,0.24,7.48
60.00,435.00,114.77,777.79,25.94,0.24,7.38
60.00,433.00,118.48,778.14,26.00,0.23,26.48
60.00,414.00,112.92,774.14,25.44,0.25,11.63
60.00,428.00,114.77,775.07,26.00,0.24,7.48
60.00,420.00,114.77,775.07,26.00,0.24,7.48
60.00,424.00,125.88,860.54,26.00,0.31,81.50
60.00,426.00,112.92,758.87,25.31,0.25,16.03
60.00,432.00,111.07,767.20,25.44,0.24,10.90
60.00,417.00,112.92,760.90,25.38,0.24,10.89
60.00,415.00,114.77,776.52,25.81,0.24,13.64
60.00,431.00,112.92,762.34,25.31,0.24,7.40
60.00,427.00,116.62,766.86,25.56,0.25,9.65
60.00,413.00,114.77,775.36,25.75,0.24,7.25
60.00,445.00,112.92,759.16,24.94,0.24,7.05
60.00,446.00,114.77,770.79,25.56,0.24,7.64
60.00,439.00,109.22,765.18,25.31,0.24,12.31
60.00,444.00,114.77,774.61,25.69,0.24,7.13
60.00,440.00,114.77,763.50,25.19,0.24,7.08
60.00,451.00,114.77,775.07,26.00,0.24,7.48
60.00,450.00,114.77,772.76,25.56,0.24,7.02
60.00,430.00,114.77,772.99,25.81,0.24,7.28
60.00,449.00,116.62,777.67,25.56,0.27,52.87
60.00,438.00,120.33,791.67,26.00,0.27,52.56
60.00,436.00,116.62,782.94,25.75,0.25,24.05
60.00,447.00,114.77,773.45,25.62,0.24,9.38
60.00,453.00,116.62,783.63,26.00,0.25,13.06
60.00,463.00,118.48,754.94,24.94,0.26,39.15
60.00,464.00,109.22,761.48,25.31,0.24,12.58
60.00,441.00,114.77,772.12,25.94,0.24,7.43
60.00,457.00,114.77,775.07,26.00,0.24,7.48
60.00,455.00,112.92,769.40,25.62,0.24,10.65
60.00,437.00,112.92,773.97,25.62,0.24,8.40
60.00,448.00,112.92,768.07,25.75,0.24,7.87
60.00,456.00,114.77,774.90,25.75,0.24,7.26
60.00,458.00,114.77,775.71,25.56,0.24,7.04
60.00,461.00,112.92,758.00,25.12,0.24,7.19
60.00,452.00,111.07,750.43,24.75,0.25,23.67
60.00,443.00,118.48,783.05,25.94,0.24,10.28
60.00,442.00,111.07,752.97,24.88,0.24,10.46
60.00,473.00,114.77,770.73,25.44,0.24,9.65
60.00,478.00,116.62,762.52,25.38,0.24,7.50
60.00,468.00,114.77,765.18,25.50,0.24,12.58
60.00,467.00,112.92,771.43,25.56,0.25,16.90
60.00,466.00,114.77,761.07,25.25,0.23,19.13
60.00,465.00,118.48,756.79,25.19,0.25,15.90
60.00,472.00,114.77,774.61,26.00,0.24,10.98
60.00,477.00,116.62,777.67,25.62,0.24,7.83
60.00,476.00,112.92,772.93,25.62,0.25,12.69
60.00,460.00,116.62,771.25,25.38,0.24,7.50
60.00,459.00,114.77,771.60,25.56,0.24,7.46
60.00,470.00,112.92,763.10,25.31,0.24,7.46
60.00,454.00,114.77,766.45,25.25,0.25,22.29
60.00,462.00,112.92,777.85,25.75,0.24,8.00
60.00,474.00,114.77,765.64,25.12,0.26,42.08
60.00,484.00,116.62,774.95,25.62,0.24,8.38
60.00,475.00,112.92,761.94,25.38,0.24,10.89
60.00,480.00,114.77,775.07,26.00,0.24,7.48
60.00,483.00,111.07,760.95,25.31,0.24,9.56
60.00,487.00,116.62,781.49,25.88,0.25,24.11
60.00,479.00,114.77,772.76,25.56,0.24,7.02
60.00,471.00,114.77,777.44,25.69,0.24,7.20
60.00,482.00,118.48,774.03,25.44,0.26,35.32
60.00,469.00,112.92,776.52,25.62,0.24,11.02
60.00,481.00,112.92,758.99,25.19,0.24,7.27
60.00,494.00,112.92,758.53,25.25,0.24,7.32
60.00,492.00,114.77,768.65,25.31,0.24,6.80
60.00,489.00,112.92,772.93,25.62,0.25,12.69
60.00,497.00,114.77,775.07,26.00,0.24,7.48
60.00,493.00,112.92,763.10,25.31,0.24,7.46
60.00,485.00,114.77,764.72,25.44,0.25,10.14
60.00,495.00,114.77,766.05,25.69,0.24,7.19
60.00,488.00,116.62,771.60,25.69,0.24,8.49
60.00,491.00,112.92,772.93,25.62,0.25,12.69
60.00,486.00,111.07,764.89,25.00,0.25,17.79
60.00,490.00,138.84,932.30,26.54,0.32,36.19
60.00,501.00,114.77,770.38,25.56,0.24,7.19
60.00,496.00,114.77,767.20,25.81,0.24,7.32
60.00,498.00,114.77,769.81,25.25,0.26,45.08
60.00,500.00,112.92,762.34,25.31,0.24,7.40
60.00,510.00,112.92,781.20,25.69,0.24,11.03
60.00,514.00,114.77,772.76,25.81,0.24,9.23
60.00,506.00,112.92,762.34,25.31,0.24,7.40
60.00,504.00,114.77,770.33,25.44,0.24,6.88
60.00,511.00,114.77,760.95,25.00,0.26,41.64
60.00,513.00,114.77,763.50,25.19,0.24,7.08
60.00,505.00,114.77,775.71,25.56,0.24,7.04
60.00,503.00,114.77,781.32,25.56,0.24,7.14
60.00,508.00,114.77,758.00,25.06,0.24,6.55
60.00,507.00,112.92,762.34,25.31,0.24,7.40
60.00,520.00,112.92,739.16,25.48,0.24,12.53
60.00,515.00,112.92,760.72,25.31,0.25,27.14
60.00,512.00,114.77,774.61,25.56,0.24,7.04
60.00,502.00,114.77,772.99,25.81,0.24,7.28
60.00,516.00,114.77,775.36,25.75,0.24,7.25
60.00,518.00,114.77,766.05,25.69,0.24,7.19
60.00,524.00,114.77,774.14,25.75,0.24,14.40
60.00,522.00,114.77,760.03,25.50,0.24,10.20
60.00,521.00,118.48,786.19,25.03,0.27,52.37
60.00,526.00,118.48,782.48,26.06,0.24,19.97
60.00,525.00,114.77,781.20,25.69,0.25,17.28
60.00,523.00,114.77,784.09,25.62,0.24,9.42
60.00,517.00,118.48,869.16,26.29,0.29,61.21
60.00,509.00,112.92,762.34,25.31,0.24,7.40
60.00,519.00,112.92,762.34,25.31,0.24,7.40
60.00,499.00,112.92,772.87,25.69,0.25,11.71
60.00,527.00,111.07,767.14,25.69,0.24,13.24
60.00,531.00,114.77,775.36,25.75,0.24,7.25
60.00,530.00,114.77,775.36,25.75,0.24,7.25
60.00,528.00,112.92,797.47,25.76,0.24,8.04
60.00,532.00,112.92,780.91,25.75,0.24,11.09
60.00,534.00,114.77,795.45,25.45,0.24,8.42
60.00,546.00,114.77,775.07,26.00,0.24,7.48
60.00,541.00,114.77,772.99,25.81,0.24,7.28
60.00,536.00,112.92,772.12,25.56,0.24,9.04
60.00,548.00,112.92,774.72,25.69,0.24,9.06
60.00,544.00,116.62,779.93,25.69,0.26,45.90
60.00,539.00,114.77,775.36,25.75,0.24,7.25
60.00,540.00,114.77,772.99,25.81,0.24,7.28
60.00,547.00,114.77,774.90,25.75,0.24,7.26
60.00,533.00,114.77,762.57,25.00,0.27,47.09
60.00,549.00,116.62,777.85,25.94,0.24,13.33
60.00,538.00,114.77,775.71,25.56,0.24,7.04
60.00,543.00,114.77,763.50,25.19,0.24,7.08
60.00,535.00,112.92,762.34,25.31,0.24,7.40
60.00,529.00,112.92,797.47,25.76,0.24,8.04
60.00,557.00,112.92,761.48,25.25,0.24,7.34
60.00,550.00,114.77,757.19,25.12,0.24,6.59
60.00,561.00,112.92,762.34,25.31,0.24,7.40
60.00,556.00,114.77,772.99,25.81,0.24,7.28
60.00,551.00,112.92,759.51,25.25,0.24,7.32
60.00,554.00,114.77,754.42,25.50,0.24,8.16
60.00,545.00,112.92,770.96,25.44,0.24,8.59
60.00,555.00,116.62,781.61,25.81,0.25,11.34
60.00,542.00,114.77,763.44,25.31,0.24,7.92
60.00,537.00,114.77,785.41,25.21,0.24,6.91
60.00,553.00,105.52,741.29,24.62,0.26,39.42
60.00,558.00,114.77,777.38,25.50,0.24,7.03
60.00,573.00,112.92,770.33,25.81,0.24,8.28
60.00,570.00,116.62,783.28,25.88,0.24,10.47
60.00,565.00,114.77,772.99,25.81,0.24,7.28
60.00,574.00,112.92,758.47,25.25,0.24,7.32
60.00,577.00,114.77,772.99,25.81,0.24,7.28
60.00,572.00,116.62,774.03,25.88,0.24,9.10
60.00,560.00,112.92,760.03,25.25,0.24,7.31
60.00,563.00,114.77,771.08,25.56,0.24,7.01
60.00,552.00,142.54,1045.61,26.98,0.32,73.45
60.00,564.00,114.77,775.71,25.56,0.24,7.04
60.00,559.00,112.92,761.01,25.25,0.24,8.91
60.00,566.00,114.77,782.24,25.88,0.24,7.46
60.00,568.00,112.92,763.27,25.50,0.24,8.45
60.00,584.00,112.92,761.48,25.25,0.24,7.34
60.00,587.00,118.48,782.48,26.06,0.24,19.97
60.00,583.00,114.77,774.72,25.69,0.24,7.13
60.00,575.00,114.77,772.06,25.44,0.24,6.90
60.00,576.00,114.77,774.90,25.75,0.24,7.26
60.00,562.00,114.77,795.45,25.45,0.24,8.42
60.00,582.00,112.92,762.34,25.31,0.24,7.40
60.00,581.00,118.48,783.92,25.50,0.27,52.45
60.00,567.00,114.77,770.79,25.56,0.24,7.64
60.00,571.00,112.92,772.93,25.62,0.25,12.69
60.00,569.00,116.62,788.55,25.88,0.25,32.27
60.00,588.00,111.07,753.09,25.12,0.24,10.22
60.00,591.00,116.62,762.52,25.38,0.24,7.50
60.00,590.00,116.62,762.52,25.38,0.24,7.50
60.00,589.00,118.48,784.67,25.94,0.26,48.16
60.00,580.00,111.07,770.96,25.88,0.24,9.97
60.00,586.00,111.07,789.28,25.15,0.25,18.63
60.00,592.00,116.62,774.84,25.62,0.26,38.25
60.00,579.00,114.77,775.07,26.00,0.24,7.48
60.00,585.00,114.77,774.90,25.75,0.24,7.26
60.00,578.00,114.77,775.36,25.75,0.24,7.25
60.00,594.00,114.77,775.30,25.75,0.24,7.22
60.00,593.00,112.92,770.67,25.62,0.24,7.91
60.00,600.00,112.92,764.72,25.31,0.24,7.75
60.00,597.00,114.77,776.63,25.56,0.24,7.11
60.00,605.00,112.92,762.34,25.31,0.24,7.40
60.00,601.00,114.77,771.31,25.50,0.24,9.81
60.00,602.00,112.92,749.96,25.12,0.25,12.82
60.00,607.00,118.48,786.98,25.45,0.26,40.56
60.00,610.00,114.77,769.63,25.69,0.24,7.14
60.00,614.00,114.77,776.63,25.56,0.24,7.11
60.00,599.00,118.48,767.38,25.19,0.26,42.32
60.00,604.00,114.77,776.63,25.56,0.24,7.11
60.00,595.00,114.77,775.36,25.75,0.24,7.25
60.00,612.00,111.07,781.03,26.06,0.24,10.21
60.00,603.00,114.77,756.21,24.88,0.26,40.78
60.00,611.00,114.77,774.90,25.75,0.24,7.26
60.00,609.00,114.77,770.85,25.69,0.24,7.15
60.00,596.00,114.77,765.18,25.50,0.24,7.19
60.00,621.00,114.77,775.36,25.75,0.24,7.25
60.00,629.00,109.22,756.04,25.06,0.24,12.04
60.00,623.00,112.92,768.48,25.62,0.23,22.42
60.00,598.00,109.22,760.49,25.31,0.24,11.61
60.00,624.00,116.62,780.33,25.69,0.27,52.87
60.00,608.00,112.92,763.10,25.31,0.24,7.46
60.00,618.00,114.77,776.63,25.56,0.24,7.11
60.00,625.00,112.92,761.48,25.25,0.25,19.39
60.00,626.00,116.62,778.25,25.81,0.26,42.88
60.00,627.00,112.92,765.47,25.44,0.25,26.81
60.00,606.00,111.07,779.70,25.69,0.24,9.44
60.00,613.00,135.14,949.12,26.26,0.34,40.20
60.00,619.00,114.77,763.50,25.19,0.24,7.08
60.00,630.00,114.77,769.00,25.69,0.24,7.24
60.00,620.00,114.77,772.99,25.81,0.24,7.28
60.00,622.00,116.62,781.14,25.62,0.26,43.43
60.00,617.00,118.48,781.38,25.62,0.26,40.68
60.00,645.00,114.77,775.36,25.75,0.24,7.25
60.00,644.00,114.77,775.07,26.00,0.24,7.48
60.00,635.00,109.22,767.03,25.50,0.24,12.80
60.00,616.00,109.22,749.44,25.00,0.23,14.72
60.00,637.00,116.62,764.37,25.44,0.25,23.91
60.00,642.00,114.77,787.16,25.94,0.24,9.21
60.00,631.00,114.77,775.71,25.56,0.24,7.04
60.00,641.00,114.77,774.14,25.75,0.24,14.40
60.00,634.00,120.33,783.46,25.88,0.26,42.34
60.00,648.00,114.77,792.25,25.75,0.24,7.20
60.00,633.00,114.77,782.66,25.27,0.26,39.18
60.00,615.00,114.77,776.63,25.56,0.24,7.11
60.00,647.00,114.77,770.73,25.44,0.24,9.65
60.00,636.00,112.92,789.47,25.88,0.25,23.00
60.00,632.00,114.77,778.19,25.62,0.24,12.55
60.00,638.00,114.77,774.61,25.56,0.24,7.04
60.00,640.00,112.92,766.62,25.31,0.25,14.89
60.00,628.00,120.33,800.72,25.45,0.27,53.11
60.00,655.00,112.92,772.12,25.56,0.24,9.04
60.00,639.00,116.62,763.73,25.38,0.24,8.67
60.00,653.00,112.92,777.85,25.75,0.24,8.00
60.00,646.00,114.77,773.86,25.56,0.24,14.22
60.00,652.00,116.62,772.35,25.50,0.24,8.68
60.00,650.00,109.22,765.18,25.31,0.24,12.31
60.00,654.00,114.77,764.95,25.75,0.24,7.24
60.00,656.00,114.77,754.53,24.94,0.24,7.79
60.00,657.00,112.92,771.19,25.62,0.24,9.17
60.00,651.00,120.33,791.67,26.00,0.27,52.56
60.00,658.00,114.77,763.50,25.50,0.25,17.61
60.00,643.00,116.62,762.98,25.44,0.24,7.59
60.00,649.00,114.77,766.05,25.38,0.24,9.03
60.00,668.00,112.92,763.10,25.31,0.24,7.46
60.00,665.00,112.92,770.73,25.38,0.24,8.47
60.00,666.00,111.07,768.24,25.44,0.24,9.48
60.00,662.00,116.62,771.25,25.38,0.25,17.94
60.00,660.00,111.07,761.76,25.00,0.26,38.64
60.00,663.00,109.22,762.34,25.25,0.24,12.43
60.00,661.00,118.48,784.21,26.19,0.24,14.00
60.00,659.00,112.92,764.02,25.31,0.24,9.72
60.00,680.00,114.77,759.22,25.31,0.24,7.48
60.00,667.00,116.62,761.59,25.19,0.26,35.70
60.00,675.00,114.77,763.79,25.75,0.24,7.31
60.00,671.00,109.22,764.37,25.38,0.23,22.39
60.00,678.00,114.77,772.76,25.56,0.24,7.02
60.00,672.00,112.92,762.34,25.31,0.24,7.40
60.00,674.00,114.77,766.05,25.69,0.24,7.19
60.00,676.00,114.77,774.14,25.75,0.24,14.40
60.00,673.00,116.62,763.50,25.38,0.24,7.49
60.00,664.00,118.48,766.74,25.56,0.24,13.91
60.00,679.00,114.77,795.45,25.45,0.24,8.42
60.00,669.00,112.92,762.34,25.31,0.24,7.40
60.00,677.00,114.77,768.19,25.75,0.24,13.44
60.00,691.00,120.33,788.61,25.94,0.26,48.82
60.00,689.00,112.92,763.10,25.31,0.24,7.46
60.00,681.00,112.92,765.58,25.31,0.24,7.38
60.00,687.00,112.92,762.34,25.31,0.24,7.40
60.00,682.00,114.77,775.07,26.00,0.24,7.48
60.00,688.00,114.77,764.48,25.31,0.24,7.11
60.00,670.00,120.33,783.46,25.88,0.26,42.34
60.00,683.00,114.77,763.79,25.75,0.24,7.31
60.00,686.00,112.92,762.34,25.31,0.24,7.40
60.00,685.00,109.22,758.76,25.06,0.23,17.45
60.00,684.00,118.48,772.99,25.75,0.24,10.05
60.00,702.00,116.62,781.67,25.94,0.24,10.13
60.00,695.00,114.77,772.76,25.56,0.24,7.02
60.00,693.00,111.07,768.19,25.38,0.24,9.14
60.00,700.00,111.07,767.49,25.69,0.24,9.50
60.00,694.00,114.77,760.38,25.19,0.24,7.41
60.00,690.00,109.22,760.32,25.19,0.24,11.51
60.00,701.00,118.48,782.01,25.81,0.25,14.22
60.00,711.00,112.92,749.85,24.81,0.25,27.59
60.00,699.00,114.77,747.71,24.81,0.24,8.15
60.00,709.00,114.77,768.24,25.25,0.26,45.30
60.00,696.00,116.62,779.00,26.00,0.24,8.12
60.00,697.00,112.92,762.52,25.38,0.24,9.92
60.00,703.00,112.92,772.93,25.62,0.25,12.69
60.00,704.00,114.77,770.85,25.69,0.24,7.15
60.00,716.00,120.33,787.37,25.03,0.27,55.13
60.00,708.00,112.92,756.50,25.19,0.24,7.89
60.00,705.00,112.92,762.34,25.31,0.24,7.40
60.00,710.00,114.77,767.09,25.50,0.25,26.32
60.00,707.00,114.77,760.78,25.69,0.24,7.19
60.00,706.00,114.77,775.36,25.75,0.24,7.25
60.00,698.00,112.92,792.25,25.88,0.25,11.80
60.00,692.00,157.35,1120.55,26.40,0.39,1036.78
60.00,725.00,114.77,774.14,25.75,0.24,14.40
60.00,718.00,114.77,751.53,24.94,0.24,6.39
60.00,719.00,114.77,763.50,25.19,0.24,7.08
60.00,726.00,114.77,775.36,25.75,0.24,7.25
60.00,729.00,114.77,769.00,25.31,0.24,6.95
60.00,715.00,114.77,763.15,25.12,0.26,38.21
60.00,717.00,109.22,762.00,25.38,0.24,11.66
60.00,720.00,116.62,779.29,25.62,0.25,14.25
60.00,714.00,112.92,758.93,25.25,0.24,7.82
60.00,724.00,114.77,772.76,25.81,0.24,9.23
60.00,727.00,114.77,770.33,25.44,0.24,6.88
60.00,730.00,116.62,774.95,25.62,0.24,8.38
60.00,721.00,112.92,753.78,25.06,0.23,16.30
60.00,713.00,111.07,753.03,25.06,0.23,14.50
60.00,722.00,114.77,773.05,25.44,0.24,7.00
60.00,712.00,140.69,937.87,26.11,0.31,35.40
60.00,741.00,112.92,762.75,25.50,0.24,8.62
60.00,745.00,114.77,775.71,25.56,0.24,7.04
60.00,732.00,114.77,763.79,25.56,0.24,7.68
60.00,735.00,114.77,765.47,25.50,0.24,8.70
60.00,737.00,114.77,775.07,26.00,0.24,7.48
60.00,738.00,114.77,774.72,25.69,0.24,7.13
60.00,743.00,118.48,771.25,25.81,0.24,17.29
60.00,728.00,112.92,772.12,25.56,0.24,9.04
60.00,723.00,114.77,763.50,25.19,0.24,7.08
60.00,734.00,114.77,782.01,25.81,0.25,11.93
60.00,740.00,114.77,764.02,25.06,0.25,31.07
60.00,744.00,114.77,763.50,25.19,0.24,7.08
60.00,739.00,114.77,785.08,25.88,0.24,7.32
60.00,736.00,114.77,763.50,25.19,0.24,7.08
60.00,733.00,114.77,775.30,25.75,0.24,7.22
60.00,742.00,112.92,763.21,25.19,0.24,7.44
60.00,754.00,111.07,765.47,25.31,0.24,9.47
60.00,759.00,114.77,775.36,25.75,0.24,7.25
60.00,752.00,114.77,774.38,25.69,0.24,7.20
60.00,755.00,118.48,789.82,26.06,0.25,14.55
60.00,749.00,114.77,767.20,25.25,0.26,40.35
60.00,731.00,114.77,763.79,25.75,0.24,7.31
60.00,756.00,116.63,810.71,25.45,0.28,55.48
60.00,753.00,114.77,751.53,24.94,0.24,6.39
60.00,746.00,116.62,774.95,25.62,0.24,8.38
60.00,757.00,112.92,754.19,25.12,0.24,10.64
60.00,748.00,112.92,770.91,25.62,0.25,17.32
60.00,769.00,112.92,753.49,25.06,0.24,7.14
60.00,761.00,112.92,760.90,25.38,0.24,10.89
60.00,750.00,114.77,770.38,25.81,0.24,7.37
60.00,765.00,112.92,750.60,25.00,0.24,9.29
60.00,767.00,112.92,771.83,25.44,0.25,11.37
60.00,751.00,114.77,767.20,25.56,0.24,8.77
60.00,758.00,114.77,775.71,25.56,0.24,7.04
60.00,768.00,114.77,775.36,25.75,0.24,7.25
60.00,760.00,114.77,748.63,24.62,0.25,23.59
60.00,766.00,114.77,772.76,25.56,0.24,7.02
60.00,747.00,114.77,751.53,24.94,0.24,6.39
60.00,763.00,114.77,765.18,25.50,0.24,12.58
60.00,770.00,109.22,757.54,24.88,0.24,12.45
60.00,777.00,114.77,772.41,25.75,0.24,10.91
60.00,782.00,114.77,760.78,25.25,0.24,8.04
60.00,774.00,114.77,775.07,26.00,0.24,7.48
60.00,779.00,112.92,755.05,24.88,0.24,9.50
60.00,771.00,120.33,792.43,26.25,0.25,28.20
60.00,776.00,112.92,760.67,25.12,0.24,7.42
60.00,772.00,114.77,772.93,25.69,0.24,7.13
60.00,775.00,114.77,768.53,25.31,0.24,6.78
60.00,783.00,114.77,780.10,25.69,0.24,7.20
60.00,762.00,112.92,768.30,25.50,0.24,11.21
60.00,764.00,112.92,767.67,25.44,0.23,12.75
60.00,778.00,118.48,770.38,25.62,0.25,12.59
60.00,792.00,112.92,765.58,25.31,0.24,7.38
60.00,788.00,114.77,775.36,25.75,0.24,7.25
60.00,773.00,114.77,759.22,25.31,0.24,7.48
60.00,786.00,112.92,762.34,25.31,0.24,7.40
60.00,790.00,112.92,772.12,25.56,0.24,9.04
60.00,784.00,112.92,762.34,25.31,0.24,7.40
60.00,780.00,114.77,772.99,25.81,0.24,7.28
60.00,781.00,114.77,763.50,25.19,0.24,7.08
60.00,785.00,114.77,775.36,25.75,0.24,7.25
60.00,800.00,112.92,759.51,25.25,0.24,7.32
60.00,802.00,116.62,761.19,25.31,0.24,7.43
60.00,804.00,112.92,762.34,25.31,0.24,7.40
60.00,803.00,114.77,775.07,26.00,0.24,7.48
60.00,797.00,112.92,766.22,25.12,0.24,8.22
60.00,805.00,116.62,762.52,25.38,0.24,7.50
60.00,793.00,112.92,756.33,25.06,0.24,7.16
60.00,808.00,112.92,762.34,25.31,0.24,7.40
60.00,799.00,114.77,773.97,25.56,0.25,9.85
60.00,787.00,114.77,776.63,25.56,0.24,7.11
60.00,789.00,112.92,756.44,25.19,0.24,7.56
60.00,798.00,114.77,771.19,25.69,0.24,9.73
60.00,809.00,112.92,762.34,25.31,0.24,7.40
60.00,816.00,116.62,760.03,25.12,0.24,8.78
60.00,794.00,112.92,768.94,25.56,0.24,11.08
60.00,814.00,112.92,762.34,25.31,0.24,7.40
60.00,813.00,111.07,758.99,25.12,0.26,39.78
60.00,815.00,114.77,775.36,25.75,0.24,7.25
60.00,806.00,112.92,771.08,25.56,0.24,8.88
60.00,817.00,112.92,776.92,25.62,0.25,12.09
60.00,791.00,114.77,769.63,25.56,0.24,7.39
60.00,812.00,127.73,849.64,25.94,0.28,72.40
60.00,818.00,114.77,775.71,25.56,0.24,7.04
60.00,810.00,114.77,781.20,26.06,0.24,9.30
60.00,801.00,112.92,761.53,25.31,0.24,8.07
60.00,807.00,116.62,771.14,25.31,0.27,54.00
60.00,795.00,116.62,769.63,25.44,0.27,50.60
60.00,796.00,114.77,776.52,25.75,0.24,7.19
60.00,823.00,114.77,772.99,25.81,0.24,7.28
60.00,827.00,114.77,763.79,25.75,0.24,7.31
60.00,826.00,116.62,762.52,25.38,0.24,7.50
60.00,821.00,114.77,766.39,25.50,0.24,6.94
60.00,824.00,112.92,762.34,25.31,0.24,7.40
60.00,825.00,114.77,774.72,25.69,0.24,7.13
60.00,822.00,112.92,765.58,25.31,0.24,7.38
60.00,828.00,116.62,775.42,25.44,0.24,9.41
60.00,811.00,114.77,772.81,25.56,0.24,7.13
60.00,819.00,114.77,775.71,25.56,0.24,7.04
60.00,838.00,114.77,775.07,26.00,0.24,7.48
60.00,832.00,120.33,784.62,25.94,0.26,37.59
60.00,831.00,114.77,763.67,25.56,0.23,22.00
60.00,830.00,114.77,778.14,25.81,0.25,10.52
60.00,837.00,114.77,764.95,25.75,0.24,7.24
60.00,841.00,112.92,770.33,25.38,0.24,7.49
60.00,820.00,112.92,761.36,25.31,0.24,7.48
60.00,835.00,112.92,768.65,25.50,0.24,7.57
60.00,834.00,114.77,787.54,25.21,0.24,6.73
60.00,848.00,112.92,757.31,25.19,0.25,17.68
60.00,846.00,111.07,741.86,24.75,0.24,10.00
60.00,845.00,114.77,783.40,25.88,0.24,7.38
60.00,854.00,112.92,758.00,25.12,0.24,7.19
60.00,839.00,114.77,774.90,25.75,0.24,7.26
60.00,844.00,114.77,775.71,25.56,0.24,7.04
60.00,836.00,112.92,772.12,25.56,0.24,9.04
60.00,847.00,118.48,793.70,26.12,0.25,24.21
60.00,853.00,114.77,775.13,25.56,0.24,7.14
60.00,829.00,114.77,759.68,25.12,0.25,13.31
60.00,833.00,109.22,751.64,25.06,0.24,11.20
60.00,842.00,138.84,957.31,26.79,0.31,33.72
60.00,849.00,114.77,770.73,25.44,0.24,9.65
60.00,850.00,118.48,782.94,26.00,0.24,12.47
60.00,863.00,112.92,773.28,25.62,0.24,9.69
60.00,862.00,116.62,778.95,25.94,0.24,12.62
60.00,855.00,112.92,758.00,25.12,0.24,7.19
60.00,859.00,112.92,762.34,25.31,0.24,7.40
60.00,840.00,114.77,762.34,25.31,0.24,7.09
60.00,843.00,114.77,779.87,25.56,0.24,7.20
60.00,875.00,114.77,777.15,25.56,0.24,7.14
60.00,867.00,112.92,765.47,25.44,0.25,26.81
60.00,851.00,111.07,764.95,25.56,0.24,9.45
60.00,870.00,114.77,777.15,25.56,0.24,7.14
60.00,865.00,114.77,775.36,25.75,0.24,7.25
60.00,856.00,116.62,774.90,25.81,0.24,8.33
60.00,852.00,112.92,758.00,25.12,0.24,7.19
60.00,868.00,116.62,767.95,25.56,0.24,9.14
60.00,864.00,114.77,775.71,25.56,0.24,7.04
60.00,857.00,112.92,773.97,25.62,0.24,8.40
60.00,860.00,114.77,763.50,25.19,0.24,7.08
60.00,861.00,112.92,760.84,25.25,0.24,7.36
60.00,858.00,114.77,767.20,25.38,0.24,6.97
60.00,873.00,114.77,775.36,25.75,0.24,7.25
60.00,876.00,114.77,785.02,25.69,0.24,7.13
60.00,878.00,114.77,764.95,25.75,0.24,7.24
60.00,886.00,114.77,769.00,25.69,0.24,7.24
60.00,880.00,112.92,766.10,25.19,0.24,7.49
60.00,877.00,114.77,774.61,25.56,0.24,7.04
60.00,881.00,114.77,766.39,25.50,0.24,6.94
60.00,869.00,112.92,772.93,25.62,0.25,12.69
60.00,887.00,114.77,781.09,25.81,0.24,7.28
60.00,882.00,116.62,758.81,25.12,0.25,15.16
60.00,879.00,114.77,770.27,25.50,0.24,7.08
60.00,866.00,136.99,1010.70,26.25,0.35,45.41
60.00,888.00,112.92,755.92,25.06,0.24,10.78
60.00,871.00,114.77,770.73,25.44,0.24,9.65
60.00,899.00,112.92,764.60,25.44,0.25,25.46
60.00,895.00,114.77,770.04,25.56,0.24,7.01
60.00,890.00,114.77,763.50,25.19,0.24,7.08
60.00,884.00,114.77,774.72,25.81,0.24,7.32
60.00,892.00,114.77,775.71,25.56,0.24,7.04
60.00,885.00,114.77,774.72,25.69,0.24,7.13
60.00,891.00,114.77,763.62,25.31,0.24,7.16
60.00,893.00,114.77,774.61,25.56,0.24,7.04
60.00,872.00,114.77,776.63,25.56,0.24,7.11
60.00,897.00,114.77,779.87,25.56,0.24,7.20
60.00,883.00,109.22,772.18,25.44,0.24,11.56
60.00,874.00,114.77,769.92,25.44,0.24,6.89
60.00,900.00,114.77,770.15,25.44,0.24,6.97
60.00,907.00,112.92,764.02,25.31,0.24,9.72
60.00,909.00,114.77,775.71,25.56,0.24,7.04
60.00,914.00,112.92,758.47,25.25,0.24,7.32
60.00,904.00,114.77,767.43,25.56,0.23,16.44
60.00,911.00,116.62,781.67,25.94,0.24,10.13
60.00,898.00,114.77,779.00,25.88,0.24,7.35
60.00,912.00,112.92,760.90,25.38,0.24,10.89
60.00,908.00,114.77,775.71,25.56,0.24,7.04
60.00,910.00,112.92,772.93,25.62,0.25,12.69
60.00,903.00,114.77,775.71,25.56,0.24,7.04
60.00,905.00,114.77,813.40,25.70,0.26,41.76
60.00,889.00,138.84,1017.21,25.95,0.38,99.26
60.00,894.00,114.77,770.15,25.44,0.24,6.97
60.00,906.00,114.77,769.23,25.50,0.24,8.06
60.00,896.00,114.77,763.50,25.19,0.24,7.08
60.00,913.00,114.77,774.67,25.44,0.25,12.49
60.00,925.00,114.77,774.14,25.75,0.24,14.40
60.00,918.00,112.92,762.34,25.31,0.24,7.40
60.00,916.00,114.77,774.90,25.75,0.24,7.26
60.00,901.00,114.77,765.35,25.44,0.24,6.88
60.00,921.00,112.92,761.53,25.31,0.24,8.07
60.00,917.00,114.77,775.36,25.75,0.24,7.25
60.00,929.00,114.77,763.50,25.19,0.24,7.08
60.00,922.00,112.92,759.91,25.25,0.24,8.59
60.00,919.00,116.62,762.52,25.38,0.24,7.50
60.00,923.00,114.77,772.99,25.69,0.24,10.88
60.00,902.00,138.84,925.04,26.54,0.31,33.15
60.00,915.00,135.14,983.95,25.70,0.35,38.24
60.00,939.00,114.77,772.12,25.94,0.24,7.43
60.00,937.00,112.92,762.34,25.31,0.24,7.40
60.00,920.00,112.92,754.88,25.19,0.24,7.25
60.00,933.00,114.77,772.99,25.81,0.24,7.28
60.00,934.00,114.77,772.06,25.44,0.24,6.90
60.00,936.00,112.92,758.47,25.25,0.24,7.32
60.00,928.00,116.62,776.46,25.50,0.24,8.92
60.00,942.00,109.22,754.36,25.06,0.24,11.56
60.00,930.00,116.62,770.96,25.56,0.25,13.01
60.00,935.00,112.92,762.34,25.31,0.24,7.40
60.00,938.00,114.77,775.36,25.75,0.24,7.25
60.00,949.00,114.77,781.38,25.75,0.24,7.19
60.00,945.00,114.77,766.05,25.69,0.24,7.19
60.00,941.00,114.77,772.99,25.81,0.24,7.28
60.00,951.00,114.77,775.07,26.00,0.24,7.48
60.00,924.00,112.92,762.40,25.12,0.24,7.50
60.00,944.00,114.77,763.38,25.31,0.24,8.53
60.00,931.00,111.07,756.85,25.44,0.23,16.47
60.00,953.00,114.77,772.76,25.56,0.24,7.02
60.00,927.00,114.77,774.61,25.56,0.24,7.04
60.00,926.00,112.92,758.99,25.19,0.24,7.27
60.00,952.00,114.77,775.07,26.00,0.24,7.48
60.00,955.00,114.77,775.36,25.75,0.24,7.25
60.00,932.00,114.77,775.71,25.56,0.24,7.04
60.00,954.00,116.62,762.52,25.38,0.24,7.50
60.00,940.00,114.77,774.72,25.69,0.24,7.13
60.00,962.00,116.62,762.52,25.38,0.24,7.50
60.00,950.00,114.77,775.36,25.75,0.24,7.25
60.00,960.00,114.77,775.76,25.81,0.24,7.40
60.00,964.00,114.77,781.09,26.12,0.24,8.77
60.00,947.00,112.92,754.88,25.19,0.24,7.25
60.00,959.00,118.48,771.37,25.06,0.27,51.79
60.00,963.00,114.77,765.99,25.69,0.24,7.16
60.00,966.00,114.77,774.90,25.75,0.24,7.26
60.00,965.00,133.29,1014.23,26.24,0.36,42.61
60.00,948.00,114.77,776.57,25.81,0.24,7.27
60.00,961.00,114.77,772.64,25.56,0.24,7.02
60.00,957.00,112.92,755.29,25.06,0.25,21.85
60.00,958.00,109.22,770.91,25.56,0.23,14.82
60.00,946.00,114.77,756.62,25.19,0.24,7.36
60.00,943.00,120.33,776.92,25.62,0.26,48.75
60.00,974.00,114.77,773.97,25.56,0.25,9.85
60.00,956.00,114.77,770.04,25.31,0.23,23.18
60.00,968.00,114.77,775.71,25.56,0.24,7.04
60.00,978.00,112.92,772.93,25.62,0.25,12.69
60.00,977.00,114.77,775.07,26.00,0.24,7.48
60.00,982.00,114.77,775.36,25.75,0.24,7.25
60.00,972.00,114.77,784.62,25.88,0.25,10.97
60.00,973.00,114.77,774.14,25.75,0.24,14.40
60.00,979.00,116.62,781.43,25.88,0.24,8.65
60.00,975.00,114.77,779.87,25.81,0.24,12.27
60.00,971.00,116.62,777.33,25.69,0.25,29.07
60.00,981.00,112.92,762.34,25.31,0.24,7.40
60.00,970.00,112.92,754.94,25.38,0.23,20.13
60.00,969.00,114.77,775.59,25.44,0.24,6.88
60.00,976.00,114.77,772.99,25.81,0.24,7.28
60.00,990.00,112.92,759.97,25.25,0.24,7.82
60.00,986.00,114.77,772.99,25.81,0.24,7.28
60.00,984.00,116.62,763.50,25.38,0.24,7.49
60.00,980.00,114.77,773.28,25.81,0.24,7.35
60.00,983.00,114.77,768.65,25.31,0.24,6.80
60.00,993.00,114.77,775.71,25.56,0.24,7.04
60.00,967.00,114.77,763.50,25.19,0.24,7.08
60.00,985.00,114.77,781.55,25.81,0.24,7.25
60.00,988.00,114.77,770.38,25.56,0.23,17.96
60.00,989.00,112.92,762.92,25.44,0.24,10.43
60.00,1001.00,112.92,760.67,25.12,0.24,7.42
60.00,999.00,114.77,784.74,25.21,0.26,43.35
60.00,996.00,114.77,764.95,25.75,0.24,7.24
60.00,994.00,112.92,763.10,25.31,0.24,7.46
60.00,987.00,112.92,762.34,25.31,0.24,7.40
60.00,1005.00,114.77,764.54,25.19,0.25,9.96
60.00,1000.00,114.77,775.01,25.69,0.24,7.33
60.00,1003.00,109.22,765.18,25.31,0.24,12.31
60.00,995.00,116.62,762.52,25.38,0.24,7.50
60.00,998.00,112.92,772.93,25.62,0.25,12.69
60.00,991.00,114.77,772.35,25.38,0.26,39.46
60.00,992.00,114.77,774.61,25.56,0.24,7.04
60.00,1002.00,120.33,799.37,26.12,0.27,52.75
60.00,997.00,112.92,762.34,25.31,0.24,7.40
60.00,1011.00,111.07,773.05,25.75,0.25,18.21
60.00,1019.00,114.77,781.84,25.75,0.24,7.98
60.00,1009.00,114.77,777.85,25.75,0.24,7.31
60.00,1010.00,118.48,785.66,26.19,0.23,36.46
60.00,1015.00,114.77,795.45,25.45,0.24,8.42
60.00,1004.00,114.77,781.95,25.69,0.24,10.48
60.00,1017.00,114.77,775.36,25.75,0.24,7.25
60.00,1008.00,114.77,763.50,25.19,0.24,7.08
60.00,1007.00,109.22,768.94,25.38,0.25,17.59
60.00,1018.00,114.77,773.10,25.69,0.24,8.67
60.00,1006.00,138.84,954.53,26.47,0.34,49.37
60.00,1014.00,114.77,751.53,24.94,0.24,6.39
60.00,1012.00,112.92,767.90,25.56,0.24,10.01
60.00,1016.00,112.92,765.93,25.44,0.24,7.67
60.00,1020.00,114.77,772.99,25.81,0.24,7.28
60.00,1025.00,114.77,775.07,26.00,0.24,7.48
60.00,1029.00,111.07,766.80,25.31,0.25,18.20
60.00,1022.00,114.77,775.36,25.75,0.24,7.25
60.00,1028.00,118.48,782.94,26.00,0.24,12.47
60.00,1013.00,116.62,779.93,25.69,0.26,45.90
60.00,1024.00,114.77,775.36,25.75,0.24,7.25
60.00,1023.00,114.77,775.36,25.75,0.24,7.25
60.00,1030.00,114.77,774.14,25.75,0.24,14.40
60.00,1031.00,112.92,764.37,25.12,0.24,10.19
60.00,1037.00,112.92,762.40,25.12,0.24,7.50
60.00,1021.00,114.77,775.07,26.00,0.24,7.48
60.00,1036.00,114.77,772.41,25.75,0.24,10.91
60.00,1038.00,114.77,760.95,25.19,0.24,7.18
60.00,1042.00,112.92,758.47,25.25,0.24,7.32
60.00,1039.00,114.77,775.07,26.00,0.24,7.48
60.00,1040.00,114.77,764.95,25.19,0.24,7.55
60.00,1041.00,114.77,770.73,25.44,0.24,9.65
60.00,1027.00,111.07,767.14,25.44,0.23,13.56
60.00,1026.00,118.48,786.47,25.88,0.25,30.29
60.00,1034.00,114.77,795.45,25.45,0.24,8.42
60.00,1043.00,112.92,763.10,25.31,0.24,7.46
60.00,1033.00,114.77,767.20,25.38,0.24,6.97
60.00,1045.00,112.92,780.86,25.75,0.24,11.12
60.00,1035.00,114.77,765.18,25.50,0.24,7.19
60.00,1053.00,118.48,784.62,25.88,0.25,21.19
60.00,1046.00,112.92,762.34,25.31,0.24,7.40
60.00,1052.00,109.22,766.22,25.19,0.23,28.97
60.00,1044.00,116.62,766.68,25.50,0.24,10.17
60.00,1055.00,112.92,758.53,25.25,0.25,19.79
60.00,1032.00,114.77,769.00,25.69,0.24,7.24
60.00,1051.00,112.92,772.58,25.38,0.24,9.01
60.00,1057.00,112.92,771.54,25.38,0.24,7.44
60.00,1047.00,116.62,762.52,25.38,0.24,7.50
60.00,1050.00,114.77,774.78,25.75,0.24,7.22
60.00,1060.00,112.92,762.34,25.31,0.24,7.40
60.00,1065.00,114.77,779.87,25.56,0.24,7.20
60.00,1056.00,114.77,763.62,25.31,0.24,7.16
60.00,1058.00,118.48,785.43,26.12,0.25,22.28
60.00,1048.00,116.62,777.73,25.75,0.25,25.68
60.00,1063.00,120.33,783.46,25.88,0.26,42.34
60.00,1059.00,111.07,765.00,25.25,0.23,19.31
60.00,1049.00,112.92,772.93,25.62,0.25,12.69
60.00,1062.00,109.22,764.48,25.31,0.23,22.32
60.00,1074.00,114.77,773.57,25.25,0.26,46.60
60.00,1066.00,112.92,758.47,25.25,0.24,7.32
60.00,1061.00,114.77,775.36,25.75,0.24,7.25
60.00,1067.00,114.77,775.07,26.00,0.24,7.48
60.00,1077.00,114.77,779.99,25.62,0.24,7.08
60.00,1070.00,114.77,775.71,25.56,0.24,7.04
60.00,1076.00,114.77,775.71,25.56,0.24,7.04
60.00,1064.00,138.84,947.37,26.21,0.31,33.10
60.00,1069.00,114.77,771.48,25.44,0.25,32.87
60.00,1073.00,114.77,775.36,25.75,0.24,7.25
60.00,1054.00,116.62,764.54,25.25,0.25,17.02
60.00,1072.00,114.77,763.50,25.19,0.24,7.08
60.00,1075.00,114.77,775.07,26.00,0.24,7.48
60.00,1068.00,114.77,778.83,25.56,0.25,12.23
60.00,1071.00,114.77,774.61,25.56,0.24,7.04
60.00,1088.00,112.92,764.95,25.69,0.23,14.92
60.00,1082.00,112.92,770.96,25.50,0.24,8.84
60.00,1085.00,114.77,770.33,25.44,0.24,6.88
60.00,1083.00,114.77,761.88,25.12,0.25,17.98
60.00,1079.00,118.48,765.47,25.31,0.24,10.26
60.00,1087.00,114.77,775.07,26.00,0.24,7.48
60.00,1080.00,116.62,763.50,25.38,0.24,7.49
60.00,1086.00,114.77,774.61,25.56,0.24,7.04
60.00,1081.00,114.77,769.63,25.69,0.24,7.14
60.00,1078.00,111.07,767.20,25.44,0.24,10.90
60.00,1084.00,114.77,779.87,25.56,0.24,7.20
60.00,1104.00,114.77,769.81,25.62,0.24,7.20
60.00,1099.00,112.92,762.34,25.31,0.24,7.40
60.00,1102.00,112.92,753.49,25.06,0.24,7.14
60.00,1093.00,112.92,758.47,25.25,0.24,7.32
60.00,1089.00,116.62,783.17,25.75,0.26,40.05
60.00,1092.00,112.92,758.47,25.25,0.24,7.32
60.00,1098.00,112.92,762.34,25.31,0.24,7.40
60.00,1101.00,114.77,763.50,25.19,0.24,7.08
60.00,1090.00,114.77,774.90,25.75,0.24,7.26
60.00,1094.00,111.07,735.85,24.38,0.25,21.29
60.00,1091.00,114.77,775.71,25.56,0.24,7.04
60.00,1116.00,114.77,775.07,26.00,0.24,7.48
60.00,1112.00,116.62,777.67,25.56,0.27,52.87
60.00,1113.00,112.92,766.05,25.62,0.24,12.44
60.00,1097.00,114.77,768.65,25.31,0.24,6.80
60.00,1109.00,114.77,775.07,26.00,0.24,7.48
60.00,1103.00,114.77,778.66,25.81,0.24,7.36
60.00,1114.00,114.77,772.76,25.56,0.24,7.02
60.00,1106.00,114.77,783.40,25.88,0.24,7.38
60.00,1096.00,112.92,756.33,25.06,0.24,7.16
60.00,1095.00,118.48,808.47,25.88,0.25,29.37
60.00,1111.00,116.62,766.39,25.50,0.25,22.61
60.00,1110.00,112.92,766.05,25.62,0.24,12.44
60.00,1115.00,116.62,762.52,25.38,0.24,7.50
60.00,1108.00,114.77,770.27,25.50,0.24,7.08
60.00,1107.00,114.77,763.50,25.19,0.24,7.08
60.00,1100.00,112.92,758.47,25.25,0.24,7.32
60.00,1119.00,114.77,775.13,25.56,0.24,7.14
60.00,1121.00,114.77,774.72,25.81,0.24,7.32
60.00,1124.00,112.92,770.96,25.44,0.24,8.59
60.00,1122.00,114.77,772.76,25.81,0.24,9.23
60.00,1125.00,116.62,767.72,25.31,0.27,48.82
60.00,1117.00,112.92,762.34,25.31,0.24,7.40
60.00,1118.00,114.77,775.07,26.00,0.24,7.48
60.00,1126.00,112.92,758.00,25.12,0.24,7.19
60.00,1105.00,138.84,1026.69,26.68,0.33,45.51
60.00,1128.00,112.92,772.41,25.44,0.24,10.65
60.00,1134.00,114.77,770.33,25.44,0.24,6.88
60.00,1127.00,112.92,758.00,25.12,0.24,7.19
60.00,1141.00,114.77,783.40,25.88,0.24,7.38
60.00,1143.00,114.77,772.00,25.56,0.24,7.02
60.00,1136.00,114.77,785.02,25.69,0.24,7.13
60.00,1133.00,114.77,778.25,25.56,0.24,7.84
60.00,1142.00,114.77,772.76,25.56,0.24,7.02
60.00,1137.00,114.77,775.07,26.00,0.24,7.48
60.00,1123.00,114.77,760.32,24.88,0.26,38.69
60.00,1120.00,114.77,775.71,25.56,0.24,7.04
60.00,1151.00,114.77,771.72,25.44,0.24,7.10
60.00,1131.00,112.92,762.34,25.31,0.24,7.40
60.00,1130.00,112.92,762.34,25.31,0.24,7.40
60.00,1129.00,112.92,768.07,25.38,0.24,7.57
60.00,1138.00,114.77,763.50,25.19,0.24,7.08
60.00,1139.00,114.77,784.27,25.69,0.24,7.13
60.00,1140.00,114.77,783.40,25.88,0.24,7.38
60.00,1132.00,114.77,777.56,25.56,0.24,8.21
60.00,1147.00,114.77,772.99,25.81,0.24,7.28
60.00,1145.00,111.07,753.96,24.94,0.24,8.69
60.00,1144.00,116.62,773.39,25.56,0.25,9.75
60.00,1135.00,114.77,763.50,25.19,0.24,7.08
60.00,1160.00,116.62,762.86,25.50,0.24,8.01
60.00,1161.00,109.22,755.23,24.88,0.23,16.38
60.00,1156.00,114.77,770.79,25.56,0.24,7.64
60.00,1149.00,112.92,750.54,25.00,0.24,7.12
60.00,1148.00,114.77,782.01,25.81,0.25,11.93
60.00,1146.00,114.77,775.07,26.00,0.24,7.48
60.00,1153.00,120.33,785.19,25.88,0.26,45.02
60.00,1155.00,138.84,954.09,26.68,0.33,46.86
60.00,1150.00,114.77,775.36,25.75,0.24,7.25
60.00,1152.00,109.22,765.18,25.31,0.24,12.31
60.00,1166.00,114.77,775.36,25.75,0.24,7.25
60.00,1168.00,109.22,765.06,25.38,0.24,12.37
60.00,1167.00,114.77,770.85,25.69,0.24,7.15
60.00,1158.00,114.77,795.45,25.45,0.24,8.42
60.00,1169.00,120.33,776.92,25.62,0.26,48.75
60.00,1159.00,114.77,764.48,25.31,0.24,7.11
60.00,1162.00,112.92,766.10,25.19,0.24,7.49
60.00,1171.00,114.77,794.39,25.39,0.25,11.82
60.00,1165.00,112.92,762.34,25.31,0.24,7.40
60.00,1164.00,114.77,781.32,25.56,0.24,7.14
60.00,1154.00,114.77,763.79,25.75,0.24,7.31
60.00,1163.00,114.77,775.07,26.00,0.24,7.48
60.00,1157.00,114.77,760.90,25.56,0.24,8.56
60.00,1174.00,112.92,762.34,25.31,0.24,7.40
60.00,1170.00,112.92,759.34,25.25,0.24,7.36
60.00,1181.00,109.22,762.86,25.31,0.24,15.08
60.00,1175.00,114.77,774.72,25.69,0.24,7.13
60.00,1177.00,112.92,771.95,25.62,0.24,8.13
60.00,1178.00,116.62,778.31,25.81,0.25,10.84
60.00,1176.00,116.62,776.23,25.94,0.24,8.05
60.00,1180.00,120.33,787.86,26.00,0.26,41.15
60.00,1183.00,114.77,774.90,25.75,0.24,7.26
60.00,1184.00,114.77,777.79,25.94,0.24,7.38
60.00,1173.00,114.77,766.10,25.25,0.24,6.89
60.00,1172.00,114.77,775.71,25.56,0.24,7.04
60.00,1190.00,112.92,760.90,25.38,0.24,10.89
60.00,1198.00,114.77,773.97,25.56,0.25,9.85
60.00,1182.00,112.92,765.58,25.31,0.24,7.38
60.00,1195.00,116.62,756.21,25.00,0.24,8.08
60.00,1193.00,116.62,778.95,25.94,0.24,12.62
60.00,1194.00,109.22,774.09,25.50,0.25,17.54
60.00,1192.00,112.92,772.93,25.62,0.25,12.69
60.00,1179.00,112.92,762.05,25.44,0.24,9.05
60.00,1189.00,114.77,775.07,26.00,0.24,7.48
60.00,1185.00,114.77,784.74,25.21,0.24,7.26
60.00,1203.00,114.77,775.07,26.00,0.24,7.48
60.00,1202.00,114.77,772.99,25.81,0.24,7.28
60.00,1205.00,114.77,751.93,25.00,0.25,13.05
60.00,1191.00,116.62,767.95,25.56,0.24,9.14
60.00,1208.00,114.77,784.27,25.69,0.24,7.13
60.00,1199.00,112.92,760.72,25.31,0.25,27.14
60.00,1196.00,112.92,759.16,25.12,0.24,7.92
60.00,1186.00,114.77,756.73,25.25,0.24,7.42
60.00,1204.00,116.62,781.43,25.88,0.24,8.65
60.00,1209.00,114.77,775.71,25.56,0.24,7.04
60.00,1206.00,112.92,763.38,25.44,0.24,11.68
60.00,1187.00,114.77,776.75,25.75,0.24,9.19
60.00,1207.00,118.48,767.38,25.19,0.26,42.32
60.00,1188.00,112.92,765.58,25.31,0.24,7.38
60.00,1220.00,114.77,774.14,25.75,0.24,12.95
60.00,1216.00,112.92,758.41,25.19,0.24,7.47
60.00,1211.00,114.77,775.07,26.00,0.24,7.48
60.00,1215.00,120.33,787.86,26.00,0.26,41.15
60.00,1201.00,114.77,774.14,25.75,0.24,14.40
60.00,1222.00,112.92,762.34,25.31,0.24,7.40
60.00,1221.00,114.77,774.43,25.62,0.25,12.35
60.00,1200.00,114.77,770.21,25.94,0.24,14.31
60.00,1219.00,116.62,769.75,25.62,0.24,8.60
60.00,1224.00,116.62,762.52,25.38,0.24,7.50
60.00,1218.00,112.92,753.78,25.06,0.23,16.30
60.00,1217.00,114.77,775.71,25.56,0.24,7.04
60.00,1197.00,114.77,772.06,25.44,0.24,6.90
60.00,1214.00,109.22,765.18,25.31,0.24,12.31
60.00,1227.00,112.92,761.94,25.38,0.24,10.89
60.00,1237.00,114.77,770.85,25.69,0.24,7.15
60.00,1231.00,114.77,774.38,25.69,0.24,7.20
60.00,1233.00,114.77,777.15,25.50,0.26,43.90
60.00,1225.00,114.77,775.07,26.00,0.24,7.48
60.00,1235.00,114.77,763.50,25.19,0.24,7.08
60.00,1236.00,114.77,775.07,26.00,0.24,7.48
60.00,1243.00,114.77,756.27,25.25,0.24,6.98
60.00,1234.00,114.77,775.71,25.56,0.24,7.04
60.00,1210.00,112.92,765.58,25.31,0.24,7.38
60.00,1228.00,114.77,775.07,26.00,0.24,7.48
60.00,1213.00,111.07,768.42,25.44,0.24,9.65
60.00,1238.00,114.77,773.51,25.62,0.24,7.59
60.00,1212.00,118.48,782.48,26.06,0.24,19.97
60.00,1226.00,114.77,777.15,25.50,0.26,43.90
60.00,1241.00,114.77,775.07,26.00,0.24,7.48
60.00,1249.00,112.92,761.94,25.38,0.24,10.89
60.00,1255.00,107.37,757.48,25.19,0.25,22.78
60.00,1229.00,112.92,763.10,25.31,0.24,7.46
60.00,1232.00,112.92,761.94,25.38,0.24,10.89
60.00,1252.00,114.77,775.71,25.56,0.24,7.04
60.00,1246.00,114.77,764.54,25.31,0.24,7.94
60.00,1256.00,114.77,775.36,25.75,0.24,7.25
60.00,1254.00,118.48,772.35,25.19,0.26,47.05
60.00,1253.00,114.77,772.93,25.69,0.24,7.13
60.00,1240.00,112.92,762.34,25.31,0.24,7.40
60.00,1248.00,114.77,777.15,25.50,0.26,43.90
60.00,1239.00,114.77,785.25,26.19,0.24,9.06
60.00,1260.00,114.77,775.36,25.75,0.24,7.25
60.00,1251.00,112.92,756.73,25.06,0.24,9.96
60.00,1230.00,112.92,762.34,25.31,0.24,7.40
60.00,1223.00,114.77,775.36,25.75,0.24,7.25
60.00,1244.00,116.62,778.95,25.94,0.24,12.62
60.00,1262.00,109.22,765.18,25.31,0.24,12.31
60.00,1259.00,116.62,751.24,24.94,0.25,20.67
60.00,1264.00,109.22,743.54,24.94,0.24,11.25
60.00,1268.00,114.77,775.36,25.75,0.24,7.25
60.00,1250.00,112.92,771.08,25.56,0.24,8.55
60.00,1245.00,112.92,772.93,25.62,0.25,12.69
60.00,1258.00,111.07,770.49,24.97,0.25,28.17
60.00,1263.00,118.48,766.57,25.31,0.26,35.30
60.00,1266.00,114.77,777.10,25.88,0.25,24.88
60.00,1273.00,116.62,777.67,25.56,0.27,52.87
60.00,1267.00,114.77,766.51,25.19,0.25,23.16
60.00,1242.00,124.03,862.23,25.83,0.28,62.74
60.00,1247.00,112.92,772.12,25.56,0.24,9.04
60.00,1265.00,116.62,769.34,25.31,0.24,8.95
60.00,1270.00,112.92,774.95,25.88,0.24,8.78
60.00,1257.00,114.77,775.07,26.00,0.24,7.48
60.00,1281.00,114.77,771.60,25.56,0.24,7.46
60.00,1278.00,114.77,771.48,25.44,0.25,32.87
60.00,1272.00,112.92,771.89,25.62,0.24,7.71
60.00,1274.00,116.62,785.14,25.75,0.25,13.28
60.00,1280.00,114.77,779.87,25.56,0.24,7.20
60.00,1261.00,114.77,781.26,25.81,0.24,7.36
60.00,1285.00,112.92,760.43,25.25,0.24,7.87
60.00,1279.00,112.92,769.23,25.44,0.25,13.40
60.00,1276.00,114.77,775.07,26.00,0.24,7.48
60.00,1275.00,112.92,767.84,25.56,0.26,34.81
60.00,1269.00,114.77,772.76,25.56,0.24,7.02
60.00,1271.00,116.62,774.90,25.81,0.24,8.33
60.00,1282.00,114.77,761.82,25.31,0.24,6.75
60.00,1284.00,116.62,762.05,25.38,0.24,17.39
60.00,1286.00,112.92,772.93,25.62,0.25,12.69
60.00,1294.00,112.92,772.93,25.62,0.25,12.69
60.00,1291.00,116.62,771.66,25.75,0.24,8.17
60.00,1283.00,114.77,775.71,25.56,0.24,7.04
60.00,1288.00,116.62,787.16,26.00,0.25,28.31
60.00,1296.00,112.92,758.70,25.44,0.24,11.11
60.00,1295.00,116.62,771.14,25.31,0.27,54.00
60.00,1290.00,114.77,761.42,25.19,0.25,9.61
60.00,1287.00,116.62,778.95,25.94,0.24,12.62
60.00,1277.00,112.92,758.47,25.25,0.24,7.32
60.00,1292.00,109.22,752.74,25.00,0.24,11.48
60.00,1300.00,114.77,775.07,26.00,0.24,7.48
60.00,1308.00,114.77,772.76,25.56,0.24,7.02
60.00,1289.00,112.92,760.90,25.38,0.24,10.89
60.00,1298.00,114.77,779.87,25.81,0.24,12.27
60.00,1301.00,112.92,779.97,25.27,0.24,7.34
60.00,1303.00,112.92,752.91,25.06,0.23,12.48
60.00,1299.00,112.92,754.48,25.06,0.24,7.13
60.00,1293.00,118.48,781.20,25.88,0.25,23.62
60.00,1297.00,114.77,775.82,25.38,0.26,39.16
60.00,1313.00,116.62,779.24,25.88,0.26,38.44
60.00,1306.00,112.92,746.43,24.75,0.25,27.09
60.00,1307.00,112.92,765.81,25.19,0.25,12.21
60.00,1305.00,114.77,775.36,25.75,0.24,7.25
60.00,1302.00,116.62,772.70,25.62,0.25,30.65
60.00,1304.00,114.77,763.62,25.31,0.24,7.16
60.00,1311.00,116.62,778.95,25.94,0.24,12.62
60.00,1319.00,112.92,762.34,25.31,0.24,7.40
60.00,1325.00,112.92,770.27,25.38,0.24,7.44
60.00,1316.00,114.77,776.34,25.62,0.25,17.35
60.00,1320.00,114.77,765.35,25.38,0.24,6.82
60.00,1310.00,112.92,772.93,25.62,0.25,12.69
60.00,1323.00,114.77,774.72,25.69,0.24,7.13
60.00,1318.00,114.77,775.07,26.00,0.24,7.48
60.00,1326.00,114.77,785.02,25.69,0.24,7.13
60.00,1327.00,112.92,762.34,25.31,0.24,7.40
60.00,1322.00,112.92,762.34,25.31,0.24,7.40
60.00,1314.00,114.77,777.85,25.75,0.24,7.31
60.00,1312.00,114.77,759.39,25.06,0.25,15.35
60.00,1321.00,112.92,762.34,25.31,0.24,7.40
60.00,1317.00,114.77,774.14,25.75,0.24,14.40
60.00,1309.00,127.73,943.28,25.95,0.33,95.73
60.00,1341.00,112.92,772.93,25.62,0.25,12.69
60.00,1331.00,112.92,762.34,25.31,0.24,7.40
60.00,1330.00,111.07,776.81,25.81,0.25,32.58
60.00,1336.00,114.77,772.29,25.75,0.24,7.37
60.00,1343.00,112.92,755.92,25.06,0.24,10.78
60.00,1324.00,112.92,762.34,25.31,0.24,7.40
60.00,1338.00,114.77,770.38,25.56,0.24,7.19
60.00,1315.00,114.77,775.36,25.75,0.24,7.25
60.00,1339.00,112.92,763.21,25.12,0.24,7.43
60.00,1328.00,118.48,772.41,25.81,0.24,19.26
60.00,1329.00,112.92,755.63,25.06,0.24,7.47
60.00,1350.00,112.92,751.70,25.00,0.24,7.07
60.00,1333.00,118.48,765.53,25.38,0.24,9.65
60.00,1337.00,114.77,775.36,25.75,0.24,7.25
60.00,1349.00,114.77,768.65,25.31,0.24,6.80
60.00,1332.00,112.92,772.12,25.56,0.24,9.04
60.00,1360.00,111.07,762.75,25.38,0.24,9.76
60.00,1361.00,118.48,793.52,26.25,0.25,11.79
60.00,1352.00,114.77,774.72,25.81,0.24,7.32
60.00,1345.00,114.77,765.99,25.69,0.24,7.16
60.00,1335.00,114.77,764.48,25.44,0.24,7.39
60.00,1346.00,114.77,767.49,25.31,0.25,9.72
60.00,1353.00,114.77,772.76,25.56,0.24,7.02
60.00,1355.00,114.77,774.38,25.62,0.24,7.49
60.00,1351.00,112.92,772.12,25.56,0.24,9.04
60.00,1358.00,114.77,770.73,25.44,0.24,9.65
60.00,1342.00,112.92,769.46,25.38,0.24,10.95
60.00,1334.00,111.07,755.29,25.12,0.24,11.99
60.00,1370.00,114.77,762.40,25.56,0.24,7.22
60.00,1354.00,116.62,762.52,25.38,0.24,7.50
60.00,1363.00,112.92,773.68,25.44,0.24,8.28
60.00,1356.00,114.77,778.83,25.56,0.25,12.23
60.00,1362.00,116.62,758.93,25.31,0.24,7.47
60.00,1377.00,114.77,763.50,25.19,0.24,7.08
60.00,1344.00,114.77,775.07,26.00,0.24,7.48
60.00,1371.00,114.77,769.92,25.44,0.24,6.89
60.00,1348.00,114.77,763.50,25.19,0.24,7.08
60.00,1347.00,114.77,781.95,25.69,0.24,10.48
60.00,1340.00,114.77,767.20,25.25,0.26,40.35
60.00,1366.00,112.92,753.49,25.06,0.24,7.14
60.00,1372.00,118.48,786.12,25.81,0.25,25.33
60.00,1359.00,114.77,773.68,25.44,0.24,7.06
60.00,1365.00,112.92,762.29,25.31,0.23,30.42
60.00,1379.00,111.07,753.20,25.31,0.23,13.97
60.00,1382.00,114.77,770.04,25.56,0.24,7.01
60.00,1373.00,109.22,757.66,24.94,0.25,16.68
60.00,1364.00,114.77,777.33,25.56,0.25,17.56
60.00,1376.00,112.92,756.33,25.06,0.24,7.16
60.00,1375.00,116.62,762.52,25.38,0.24,7.50
60.00,1378.00,116.62,781.61,25.81,0.25,11.34
60.00,1388.00,114.77,774.72,25.81,0.24,7.32
60.00,1381.00,118.48,780.33,26.12,0.24,11.36
60.00,1380.00,114.77,780.97,25.94,0.24,7.89
60.00,1369.00,114.77,754.94,25.06,0.24,8.06
60.00,1367.00,114.77,775.36,25.75,0.24,7.25
60.00,1384.00,112.92,760.72,25.31,0.25,27.14
60.00,1383.00,114.77,783.40,25.88,0.24,7.38
60.00,1386.00,114.77,775.36,25.75,0.24,7.25
60.00,1368.00,114.77,770.73,25.44,0.24,9.65
60.00,1357.00,114.77,781.95,25.69,0.24,10.48
60.00,1374.00,114.77,772.99,25.81,0.24,7.28
60.00,1397.00,112.92,762.34,25.31,0.24,7.40
60.00,1393.00,112.92,762.81,25.31,0.24,8.53
60.00,1387.00,114.77,775.36,25.75,0.24,7.25
60.00,1398.00,114.77,772.99,25.81,0.24,7.28
60.00,1395.00,114.77,776.63,25.44,0.24,7.12
60.00,1389.00,114.77,775.36,25.75,0.24,7.25
60.00,1402.00,114.77,780.33,25.69,0.24,11.35
60.00,1407.00,111.07,754.36,25.06,0.24,9.80
60.00,1394.00,114.77,762.40,25.56,0.24,7.22
60.00,1392.00,112.92,760.84,25.25,0.24,7.36
60.00,1411.00,116.62,771.14,25.31,0.27,54.00
60.00,1406.00,116.62,781.61,25.81,0.25,11.34
60.00,1399.00,114.77,771.60,25.56,0.24,7.46
60.00,1404.00,112.92,758.47,25.25,0.24,7.32
60.00,1403.00,114.77,770.73,25.44,0.24,9.65
60.00,1408.00,114.77,775.07,26.00,0.24,7.48
60.00,1396.00,112.92,764.25,25.38,0.24,7.45
60.00,1391.00,114.77,775.71,25.56,0.24,7.04
60.00,1410.00,112.92,772.93,25.62,0.25,12.69
60.00,1390.00,114.77,774.72,25.69,0.24,7.13
60.00,1401.00,114.77,777.10,25.88,0.25,24.88
60.00,1385.00,114.77,772.76,25.81,0.24,9.23
60.00,1412.00,116.62,781.67,25.94,0.24,10.13
60.00,1427.00,114.77,775.07,26.00,0.24,7.48
60.00,1415.00,112.92,762.34,25.31,0.24,7.40
60.00,1420.00,114.77,775.71,25.56,0.24,7.04
60.00,1413.00,112.92,768.94,25.56,0.24,11.08
60.00,1400.00,114.77,760.61,24.94,0.25,27.68
60.00,1422.00,112.92,762.57,25.38,0.24,7.44
60.00,1418.00,114.77,781.26,25.81,0.24,7.36
60.00,1417.00,111.07,776.75,25.56,0.25,18.26
60.00,1409.00,153.65,1097.67,26.09,0.39,751.92
60.00,1419.00,114.77,775.36,25.75,0.24,7.25
60.00,1405.00,114.77,776.63,25.44,0.24,7.12
60.00,1416.00,116.62,765.81,25.31,0.25,10.49
60.00,1426.00,114.77,771.60,25.56,0.24,7.46
60.00,1421.00,114.77,775.07,26.00,0.24,7.48
60.00,1439.00,114.77,766.34,25.25,0.26,42.65
60.00,1441.00,114.77,775.36,25.75,0.24,7.25
60.00,1424.00,116.62,762.52,25.38,0.24,7.50
60.00,1431.00,109.22,765.18,25.31,0.24,12.31
60.00,1435.00,114.77,774.38,25.69,0.24,7.20
60.00,1433.00,114.77,775.30,25.75,0.24,7.22
60.00,1428.00,116.62,769.34,25.56,0.24,9.27
60.00,1436.00,116.62,767.95,25.56,0.24,9.14
60.00,1434.00,114.77,774.90,25.75,0.24,7.26
60.00,1432.00,114.77,770.38,25.56,0.24,7.19
60.00,1423.00,112.92,762.34,25.31,0.24,7.40
60.00,1414.00,114.77,771.54,25.69,0.24,7.34
60.00,1429.00,112.92,765.87,25.38,0.25,12.25
60.00,1425.00,112.92,765.58,25.31,0.24,7.38
60.00,1451.00,114.77,774.90,25.75,0.24,7.26
60.00,1455.00,114.77,764.43,25.50,0.24,7.32
60.00,1438.00,112.92,765.87,25.38,0.25,12.25
60.00,1443.00,114.77,777.38,25.56,0.24,7.10
60.00,1450.00,114.77,781.32,25.56,0.24,7.14
60.00,1454.00,114.77,775.71,25.56,0.24,7.04
60.00,1444.00,112.92,762.57,25.38,0.24,7.44
60.00,1440.00,114.77,775.07,26.00,0.24,7.48
60.00,1453.00,111.07,749.21,24.88,0.24,8.88
60.00,1445.00,112.92,762.34,25.31,0.24,7.40
60.00,1430.00,120.33,791.67,26.00,0.27,52.56
60.00,1437.00,112.92,772.93,25.62,0.25,12.69
60.00,1448.00,114.77,775.07,26.00,0.24,7.48
60.00,1449.00,114.77,774.90,25.75,0.24,7.26
60.00,1446.00,112.92,778.71,25.69,0.24,8.01
60.00,1468.00,111.07,772.52,25.75,0.24,12.05
60.00,1463.00,112.92,764.54,25.44,0.24,9.39
60.00,1464.00,112.92,775.59,25.56,0.25,15.38
60.00,1466.00,138.84,914.20,25.58,0.31,32.75
60.00,1452.00,118.48,780.45,25.81,0.25,18.16
60.00,1457.00,136.99,957.21,26.15,0.32,35.32
60.00,1460.00,142.54,1029.13,26.39,0.39,198.84
60.00,1447.00,116.62,781.67,25.69,0.27,53.23
60.00,1459.00,114.77,775.88,25.62,0.24,8.97
60.00,1442.00,116.62,762.52,25.38,0.24,7.50
60.00,1461.00,105.52,774.03,25.50,0.25,25.48
60.00,1456.00,114.77,775.71,25.56,0.24,7.04
60.00,1462.00,114.77,771.02,25.88,0.25,12.40
60.00,1482.00,112.92,763.10,25.31,0.24,7.46
60.00,1480.00,114.77,769.52,25.75,0.24,7.22
60.00,1474.00,114.77,763.50,25.19,0.24,7.08
60.00,1458.00,116.62,771.25,25.62,0.24,8.01
60.00,1481.00,114.77,763.79,25.75,0.24,7.31
60.00,1475.00,114.77,775.71,25.56,0.24,7.04
60.00,1470.00,114.77,774.90,25.75,0.24,7.26
60.00,1473.00,116.62,762.52,25.38,0.24,7.50
60.00,1476.00,120.33,784.56,26.12,0.24,14.47
60.00,1472.00,114.77,773.28,25.81,0.24,7.35
60.00,1477.00,109.22,767.26,25.19,0.24,12.17
60.00,1467.00,112.92,772.12,25.56,0.24,9.04
60.00,1489.00,114.77,770.15,25.44,0.24,6.97
60.00,1479.00,114.77,775.71,25.56,0.24,7.04
60.00,1469.00,118.48,782.24,25.56,0.27,54.37
60.00,1492.00,114.77,771.31,25.50,0.24,9.81
60.00,1471.00,114.77,775.71,25.56,0.24,7.04
60.00,1485.00,114.77,776.63,25.56,0.24,7.11
60.00,1491.00,112.92,774.61,25.50,0.24,9.35
60.00,1483.00,116.62,761.19,25.31,0.24,7.43
60.00,1487.00,118.48,772.24,26.00,0.24,10.73
60.00,1488.00,112.92,753.09,25.06,0.24,7.35
60.00,1490.00,114.77,760.26,25.31,0.24,9.05
60.00,1465.00,112.92,749.39,24.88,0.24,9.65
60.00,1478.00,114.77,774.38,25.69,0.24,7.20
60.00,1486.00,109.22,757.48,24.88,0.23,16.01
60.00,1496.00,114.77,769.00,25.69,0.24,7.24
60.00,1502.00,112.92,763.62,25.25,0.24,7.35
60.00,1499.00,112.92,772.29,25.62,0.24,7.82
60.00,1507.00,112.92,769.69,25.38,0.24,7.44
60.00,1495.00,112.92,772.12,25.56,0.24,9.04
60.00,1504.00,116.62,776.81,25.62,0.24,9.09
60.00,1506.00,114.77,775.07,26.00,0.24,7.48
60.00,1484.00,114.77,774.72,25.81,0.24,7.32
60.00,1498.00,116.62,772.35,25.50,0.24,8.68
60.00,1497.00,116.62,762.52,25.38,0.24,7.50
60.00,1500.00,114.77,775.36,25.75,0.24,7.25
60.00,1505.00,112.92,772.93,25.62,0.25,12.69
60.00,1511.00,114.77,771.60,25.94,0.24,7.42
60.00,1509.00,114.77,760.55,25.50,0.24,7.01
60.00,1520.00,114.77,775.71,25.56,0.24,7.04
60.00,1508.00,112.92,771.89,25.62,0.24,7.93
60.00,1515.00,114.77,785.02,25.69,0.24,7.13
60.00,1501.00,112.92,763.10,25.31,0.24,7.46
60.00,1503.00,114.77,775.71,25.56,0.24,7.04
60.00,1516.00,114.77,763.44,25.31,0.24,7.92
60.00,1494.00,114.77,764.95,25.75,0.24,7.24
60.00,1518.00,109.22,765.06,25.38,0.24,12.37
60.00,1493.00,138.84,925.50,25.84,0.31,32.78
60.00,1531.00,114.77,775.07,26.00,0.24,7.48
60.00,1535.00,114.77,760.03,25.50,0.24,10.20
60.00,1529.00,111.07,756.96,25.06,0.24,9.61
60.00,1513.00,114.77,771.31,25.50,0.24,9.81
60.00,1519.00,120.33,787.86,26.00,0.26,41.15
60.00,1525.00,112.92,775.01,25.62,0.25,21.84
60.00,1517.00,114.77,763.50,25.19,0.24,7.08
60.00,1523.00,112.92,772.12,25.56,0.24,9.04
60.00,1528.00,116.62,781.61,25.81,0.25,11.34
60.00,1536.00,114.77,770.15,25.44,0.24,6.91
60.00,1532.00,114.77,763.50,25.19,0.24,7.08
60.00,1533.00,112.92,765.58,25.31,0.24,7.38
60.00,1534.00,112.92,767.95,25.31,0.24,10.25
60.00,1526.00,116.62,774.14,25.56,0.24,7.93
60.00,1527.00,112.92,764.60,25.50,0.24,7.60
60.00,1512.00,112.92,787.04,25.27,0.25,32.76
60.00,1521.00,116.62,762.52,25.38,0.24,7.50
60.00,1510.00,112.92,758.00,25.12,0.24,7.19
60.00,1524.00,112.92,757.54,25.06,0.24,12.20
60.00,1514.00,114.77,774.61,25.56,0.24,7.04
60.00,1522.00,114.77,764.95,25.75,0.24,7.24
60.00,1546.00,112.92,761.94,25.38,0.24,10.89
60.00,1540.00,116.62,759.57,25.06,0.27,50.26
60.00,1541.00,112.92,782.07,25.75,0.24,9.62
60.00,1538.00,114.77,764.95,25.75,0.24,7.24
60.00,1545.00,112.92,762.34,25.31,0.24,7.40
60.00,1542.00,114.77,769.81,25.75,0.24,7.37
60.00,1547.00,114.77,772.12,25.25,0.27,49.99
60.00,1530.00,138.84,942.60,26.16,0.32,33.21
60.00,1539.00,112.92,758.00,25.12,0.24,7.19
60.00,1537.00,116.62,763.50,25.38,0.24,7.49
60.00,1564.00,112.92,755.11,25.19,0.24,7.40
60.00,1557.00,112.92,768.07,25.38,0.24,7.90
60.00,1556.00,114.77,765.18,25.50,0.24,12.58
60.00,1554.00,112.92,768.94,25.56,0.24,11.08
60.00,1558.00,116.62,774.90,25.81,0.24,8.33
60.00,1563.00,118.48,771.25,25.81,0.24,17.29
60.00,1562.00,109.22,763.33,25.19,0.24,13.55
60.00,1550.00,118.48,781.09,25.56,0.26,43.59
60.00,1555.00,114.77,760.15,25.00,0.25,23.74
60.00,1553.00,118.48,796.94,26.31,0.25,23.81
60.00,1552.00,111.07,762.57,25.19,0.24,10.79
60.00,1559.00,112.92,773.97,25.62,0.24,8.40
60.00,1544.00,114.77,765.58,25.69,0.24,8.58
60.00,1551.00,112.92,760.90,25.38,0.24,10.89
60.00,1543.00,114.77,770.73,25.69,0.24,7.40
60.00,1548.00,112.92,772.12,25.56,0.24,9.04
60.00,1549.00,114.77,764.95,25.75,0.24,7.24
60.00,1567.00,112.92,766.86,25.31,0.24,7.96
60.00,1560.00,114.77,779.24,25.88,0.24,7.37
60.00,1561.00,114.77,763.50,25.19,0.24,7.08
60.00,1569.00,114.77,772.99,25.81,0.24,7.28
60.00,1568.00,114.77,777.85,25.75,0.24,7.31
60.00,1576.00,112.92,772.93,25.62,0.25,12.69
60.00,1577.00,116.62,749.91,24.75,0.27,52.44
60.00,1581.00,114.77,786.81,25.69,0.24,8.38
60.00,1575.00,114.77,773.91,25.56,0.24,7.02
60.00,1572.00,112.92,755.86,25.12,0.24,9.06
60.00,1574.00,114.77,781.03,25.81,0.24,7.55
60.00,1566.00,114.77,776.40,25.62,0.24,7.68
60.00,1580.00,114.77,779.87,25.56,0.24,7.20
60.00,1571.00,138.84,947.37,26.21,0.31,33.10
60.00,1565.00,112.92,762.34,25.31,0.24,7.40
60.00,1570.00,114.77,775.71,25.56,0.24,7.04
60.00,1573.00,116.62,785.37,25.75,0.25,21.17
60.00,1583.00,112.92,755.00,25.06,0.24,9.57
60.00,1579.00,116.62,774.95,25.62,0.24,8.38
60.00,1587.00,114.77,775.07,26.00,0.24,7.48
60.00,1585.00,114.77,775.71,25.56,0.24,7.04
60.00,1582.00,116.62,771.02,25.44,0.25,21.01
60.00,1592.00,114.77,774.72,25.81,0.24,7.32
60.00,1588.00,112.92,761.88,25.25,0.25,16.88
60.00,1589.00,114.77,770.96,25.69,0.24,8.31
60.00,1590.00,114.77,763.50,25.19,0.24,7.08
60.00,1604.00,112.92,764.43,25.44,0.25,12.85
60.00,1594.00,112.92,763.15,25.38,0.23,13.02
60.00,1584.00,114.77,763.50,25.19,0.24,7.08
60.00,1606.00,112.92,757.43,25.19,0.24,7.57
60.00,1596.00,112.92,785.41,25.15,0.25,25.80
60.00,1600.00,112.92,758.47,25.25,0.24,7.32
60.00,1605.00,112.92,770.10,25.69,0.24,8.42
60.00,1593.00,114.77,774.90,25.75,0.24,7.26
60.00,1597.00,116.62,779.00,26.00,0.24,8.12
60.00,1599.00,116.62,771.14,25.31,0.27,54.00
60.00,1586.00,114.77,775.36,25.75,0.24,7.25
60.00,1607.00,114.77,764.25,25.50,0.24,8.72
60.00,1578.00,114.77,760.90,25.56,0.24,8.56
60.00,1601.00,114.77,775.71,25.56,0.24,7.04
60.00,1591.00,114.77,775.13,25.56,0.24,7.14
60.00,1598.00,112.92,772.93,25.62,0.25,12.69
60.00,1595.00,114.77,770.73,25.44,0.24,9.65
60.00,1617.00,114.77,778.37,26.00,0.25,19.88
60.00,1614.00,114.77,775.07,26.00,0.24,7.48
60.00,1619.00,114.77,765.99,25.69,0.24,7.16
60.00,1608.00,112.92,756.33,25.06,0.24,7.17
60.00,1609.00,112.92,772.12,25.56,0.24,9.04
60.00,1602.00,114.77,775.71,25.56,0.24,7.04
60.00,1613.00,112.92,762.34,25.31,0.24,7.40
60.00,1611.00,114.77,775.71,25.56,0.24,7.04
60.00,1610.00,114.77,775.71,25.56,0.24,7.04
60.00,1621.00,114.77,775.07,26.00,0.24,7.48
60.00,1618.00,116.62,762.52,25.38,0.24,7.50
60.00,1616.00,114.77,750.83,24.62,0.26,38.17
60.00,1634.00,112.92,770.96,25.44,0.24,8.59
60.00,1628.00,112.92,765.58,25.31,0.24,7.38
60.00,1629.00,114.77,770.27,25.50,0.24,7.08
60.00,1603.00,114.77,770.15,25.44,0.24,6.97
60.00,1612.00,114.77,775.71,25.56,0.24,7.04
60.00,1624.00,114.77,772.76,25.56,0.24,7.02
60.00,1620.00,114.77,775.07,26.00,0.24,7.48
60.00,1633.00,114.77,781.09,25.88,0.24,10.89
60.00,1622.00,112.92,762.23,25.12,0.24,7.41
60.00,1626.00,111.07,749.39,24.94,0.25,14.72
60.00,1627.00,116.62,755.11,25.06,0.25,11.49
60.00,1615.00,114.77,795.45,25.45,0.24,8.42
60.00,1637.00,112.92,776.57,25.69,0.25,13.45
60.00,1638.00,114.77,771.31,25.50,0.24,9.81
60.00,1641.00,112.92,764.66,25.31,0.24,8.07
60.00,1636.00,116.62,781.55,25.69,0.27,52.29
60.00,1623.00,114.77,783.40,25.88,0.24,7.38
60.00,1639.00,112.92,764.72,25.31,0.24,7.75
60.00,1646.00,114.77,769.23,25.50,0.24,7.13
60.00,1643.00,112.92,766.74,25.56,0.24,7.67
60.00,1640.00,114.77,774.38,25.69,0.24,7.20
60.00,1642.00,116.62,778.48,25.56,0.26,46.66
60.00,1625.00,114.77,768.53,25.31,0.24,6.78
60.00,1635.00,114.77,760.32,24.88,0.26,34.40
60.00,1631.00,112.92,753.72,25.06,0.25,27.98
60.00,1632.00,114.77,776.05,25.69,0.24,7.15
60.00,1630.00,112.92,770.73,25.38,0.24,8.47
60.00,1652.00,112.92,768.88,25.50,0.25,23.45
60.00,1650.00,116.62,769.81,25.44,0.27,50.08
60.00,1660.00,114.77,781.26,25.81,0.24,7.36
60.00,1648.00,114.77,775.07,26.00,0.24,7.48
60.00,1654.00,114.77,770.85,25.69,0.24,7.15
60.00,1658.00,118.48,771.95,25.25,0.26,39.56
60.00,1645.00,114.77,783.40,25.88,0.24,7.38
60.00,1659.00,111.07,763.85,25.44,0.24,9.34
60.00,1644.00,114.77,774.90,25.75,0.24,7.26
60.00,1657.00,112.92,762.34,25.31,0.24,7.40
60.00,1651.00,112.92,770.96,25.44,0.24,8.59
60.00,1653.00,114.77,761.88,25.19,0.26,34.15
60.00,1667.00,114.77,775.07,26.00,0.24,7.48
60.00,1663.00,114.77,782.01,25.88,0.25,19.18
60.00,1661.00,114.77,770.33,25.44,0.24,6.88
60.00,1664.00,114.77,775.07,26.00,0.24,7.48
60.00,1673.00,114.77,781.26,25.81,0.24,7.36
60.00,1670.00,114.77,772.93,25.69,0.24,7.13
60.00,1655.00,112.92,765.58,25.31,0.24,7.38
60.00,1665.00,129.58,933.78,25.89,0.31,88.82
60.00,1656.00,114.77,775.36,25.75,0.24,7.25
60.00,1674.00,114.77,775.07,26.00,0.24,7.48
60.00,1649.00,133.29,1022.17,26.34,0.36,42.63
60.00,1662.00,112.92,756.21,25.00,0.24,9.35
60.00,1666.00,114.77,765.00,25.50,0.24,6.95
60.00,1669.00,112.92,762.34,25.31,0.24,7.40
60.00,1647.00,112.92,759.51,25.25,0.24,7.32
60.00,1681.00,112.92,763.10,25.31,0.24,7.46
60.00,1682.00,112.92,762.92,25.38,0.24,7.44
60.00,1685.00,118.48,768.48,25.50,0.25,10.88
60.00,1677.00,114.77,775.07,26.00,0.24,7.48
60.00,1683.00,114.77,766.39,25.50,0.24,6.94
60.00,1684.00,112.92,772.99,25.56,0.24,7.66
60.00,1680.00,114.77,776.63,25.56,0.24,7.11
60.00,1679.00,112.92,768.59,25.38,0.24,11.21
60.00,1675.00,114.77,775.36,25.75,0.24,7.25
60.00,1676.00,114.77,795.45,25.45,0.24,8.42
60.00,1686.00,114.77,775.07,26.00,0.24,7.48
60.00,1672.00,114.77,774.90,25.75,0.24,7.26
60.00,1668.00,114.77,775.07,26.00,0.24,7.48
60.00,1697.00,109.22,754.30,25.06,0.26,43.27
60.00,1691.00,114.77,774.14,25.75,0.24,14.40
60.00,1688.00,112.92,756.33,25.06,0.24,7.17
60.00,1693.00,114.77,771.60,25.94,0.24,7.42
60.00,1687.00,114.77,774.61,25.56,0.24,7.04
60.00,1678.00,114.77,768.36,25.50,0.24,9.49
60.00,1704.00,112.92,762.34,25.31,0.24,7.40
60.00,1698.00,114.77,775.24,25.75,0.24,7.23
60.00,1689.00,114.77,763.50,25.19,0.24,7.08
60.00,1671.00,114.77,775.71,25.56,0.24,7.04
60.00,1692.00,114.77,774.61,25.56,0.24,7.04
60.00,1702.00,114.77,772.76,25.56,0.24,7.02
60.00,1696.00,136.99,1030.71,26.54,0.35,48.26
60.00,1700.00,111.07,767.20,25.44,0.24,10.90
60.00,1699.00,114.77,769.75,25.56,0.24,7.09
60.00,1690.00,116.62,767.14,25.44,0.25,12.45
60.00,1706.00,116.62,780.33,25.69,0.27,52.87
60.00,1708.00,118.48,789.30,26.00,0.25,15.50
60.00,1695.00,114.77,770.15,25.44,0.24,6.97
60.00,1694.00,112.92,758.00,25.12,0.24,7.19
60.00,1713.00,112.92,782.07,25.75,0.24,9.62
60.00,1710.00,112.92,763.21,25.12,0.24,7.43
60.00,1705.00,112.92,762.34,25.31,0.24,7.40
60.00,1719.00,116.62,781.67,25.69,0.27,53.23
60.00,1717.00,114.77,764.77,25.31,0.24,6.75
60.00,1707.00,112.92,772.93,25.62,0.25,12.69
60.00,1711.00,112.92,758.00,25.12,0.24,7.19
60.00,1724.00,112.92,753.49,25.06,0.24,7.14
60.00,1712.00,116.62,779.93,25.69,0.26,45.90
60.00,1722.00,116.62,762.52,25.38,0.24,7.50
60.00,1701.00,118.48,767.61,25.75,0.24,15.93
60.00,1718.00,112.92,772.93,25.62,0.25,12.69
60.00,1721.00,116.62,774.90,25.81,0.24,8.33
60.00,1714.00,112.92,753.78,25.06,0.23,16.30
60.00,1703.00,114.77,775.71,25.56,0.24,7.04
60.00,1723.00,114.77,775.07,26.00,0.24,7.48
60.00,1709.00,111.07,763.38,25.38,0.24,9.78
60.00,1740.00,112.92,775.82,25.56,0.24,8.39
60.00,1739.00,114.77,763.50,25.19,0.24,7.08
60.00,1720.00,112.92,766.05,25.62,0.24,12.44
60.00,1735.00,111.07,755.17,25.50,0.24,11.21
60.00,1729.00,114.77,775.07,26.00,0.24,7.48
60.00,1736.00,112.92,770.27,25.38,0.24,7.44
60.00,1732.00,116.62,778.60,25.69,0.26,44.93
60.00,1731.00,114.77,783.40,25.88,0.24,7.38
60.00,1716.00,114.77,775.36,25.75,0.24,7.25
60.00,1734.00,116.62,772.35,25.38,0.25,19.27
60.00,1726.00,114.77,765.18,25.50,0.24,12.58
60.00,1715.00,116.62,763.10,25.38,0.24,11.05
60.00,1728.00,116.62,762.52,25.38,0.24,7.50
60.00,1737.00,114.77,775.36,25.75,0.24,7.25
60.00,1727.00,112.92,766.74,25.31,0.24,8.72
60.00,1742.00,114.77,772.76,25.81,0.24,9.23
60.00,1749.00,112.92,762.81,25.31,0.24,8.53
60.00,1744.00,114.77,770.73,25.44,0.24,9.65
60.00,1746.00,114.77,778.77,25.62,0.24,7.40
60.00,1725.00,116.62,762.52,25.38,0.24,7.50
60.00,1743.00,114.77,765.18,25.50,0.24,12.58
60.00,1730.00,114.77,772.99,25.81,0.24,7.28
60.00,1753.00,114.77,775.71,25.56,0.24,7.04
60.00,1738.00,114.77,775.07,26.00,0.24,7.48
60.00,1733.00,112.92,770.96,25.44,0.24,8.59
60.00,1748.00,114.77,764.89,25.31,0.24,7.05
60.00,1747.00,114.77,775.71,25.56,0.24,7.04
60.00,1765.00,111.07,766.97,25.69,0.24,9.82
60.00,1755.00,112.92,764.83,25.38,0.24,7.45
60.00,1761.00,114.77,775.36,25.75,0.24,7.25
60.00,1757.00,116.62,769.86,25.31,0.27,49.43
60.00,1756.00,112.92,770.96,25.44,0.24,8.59
60.00,1760.00,114.77,777.85,25.75,0.24,7.31
60.00,1758.00,112.92,756.44,25.12,0.25,14.02
60.00,1754.00,114.77,774.90,25.75,0.24,7.26
60.00,1764.00,118.48,782.48,26.06,0.24,19.97
60.00,1752.00,114.77,795.45,25.45,0.24,8.42
60.00,1751.00,112.92,764.43,25.38,0.25,15.45
60.00,1750.00,114.77,784.67,25.81,0.24,15.24
60.00,1745.00,114.77,762.86,25.19,0.24,11.21
60.00,1766.00,112.92,763.10,25.31,0.24,7.46
60.00,1741.00,114.77,762.86,25.25,0.24,6.74
60.00,1759.00,114.77,777.15,25.94,0.24,7.63
60.00,1767.00,114.77,771.72,25.44,0.24,7.10
60.00,1771.00,114.77,774.61,25.56,0.24,7.04
60.00,1768.00,112.92,760.95,25.12,0.24,7.19
60.00,1769.00,114.77,774.90,25.75,0.24,7.26
60.00,1762.00,114.77,783.40,25.88,0.24,7.38
60.00,1770.00,114.77,775.07,26.00,0.24,7.48
60.00,1774.00,111.07,770.44,25.44,0.25,30.65
60.00,1773.00,114.77,773.97,25.69,0.24,7.41
60.00,1772.00,114.77,775.71,25.56,0.24,7.04
60.00,1775.00,118.48,782.48,26.06,0.24,19.97
60.00,1784.00,114.77,783.40,25.88,0.24,7.38
60.00,1778.00,114.77,769.92,25.44,0.24,6.89
60.00,1777.00,116.62,762.52,25.38,0.24,7.50
60.00,1781.00,116.62,754.65,25.12,0.24,10.37
60.00,1763.00,114.77,770.85,25.69,0.24,7.15
60.00,1790.00,114.77,759.22,25.31,0.24,7.48
60.00,1792.00,116.62,778.60,25.69,0.26,44.93
60.00,1788.00,109.22,768.94,25.38,0.24,11.49
60.00,1793.00,112.92,782.07,25.75,0.24,9.62
60.00,1782.00,114.77,772.76,25.81,0.24,9.23
60.00,1776.00,112.92,763.10,25.31,0.24,7.46
60.00,1796.00,114.77,774.61,25.56,0.24,7.04
60.00,1789.00,120.33,779.47,25.62,0.27,56.02
60.00,1783.00,112.92,760.72,25.31,0.25,27.14
60.00,1791.00,114.77,774.61,25.56,0.24,7.04
60.00,1787.00,114.77,775.36,25.75,0.24,7.25
60.00,1785.00,114.77,764.48,25.31,0.24,7.11
60.00,1794.00,138.84,947.37,26.21,0.31,33.10
60.00,1795.00,114.77,775.71,25.56,0.24,7.04
60.00,1779.00,136.99,969.55,26.36,0.33,35.25
60.00,1786.00,114.77,768.01,25.44,0.23,18.59
60.00,1811.00,111.07,749.91,24.94,0.24,8.66
60.00,1797.00,114.77,775.07,26.00,0.24,7.48
60.00,1808.00,112.92,772.12,25.56,0.24,9.04
60.00,1804.00,112.92,758.00,25.12,0.24,7.19
60.00,1801.00,111.07,766.45,25.25,0.25,19.25
60.00,1807.00,114.77,781.32,25.56,0.24,7.14
60.00,1803.00,114.77,771.19,25.69,0.23,22.10
60.00,1806.00,114.77,762.40,25.56,0.24,7.22
60.00,1798.00,114.77,772.41,25.75,0.24,10.91
60.00,1805.00,112.92,762.34,25.31,0.24,7.40
60.00,1800.00,116.62,774.20,25.81,0.24,8.36
60.00,1809.00,114.77,769.57,25.50,0.24,7.57
60.00,1780.00,112.92,761.53,25.31,0.24,8.07
60.00,1802.00,114.77,783.57,26.19,0.23,21.28
60.00,1818.00,114.77,774.61,25.56,0.24,7.04
60.00,1824.00,114.77,775.07,26.00,0.24,7.48
60.00,1813.00,124.03,853.29,26.06,0.30,68.68
60.00,1799.00,114.77,772.76,25.81,0.24,9.23
60.00,1822.00,114.77,763.50,25.19,0.24,7.08
60.00,1815.00,112.92,772.12,25.56,0.24,9.04
60.00,1820.00,114.77,775.71,25.56,0.24,7.04
60.00,1812.00,114.77,770.04,25.56,0.24,7.01
60.00,1814.00,114.77,764.95,25.75,0.24,7.24
60.00,1821.00,114.77,764.77,25.31,0.24,6.75
60.00,1817.00,114.77,775.71,25.56,0.24,7.04
60.00,1810.00,116.62,788.03,25.94,0.26,40.68
60.00,1816.00,114.77,775.71,25.56,0.24,7.04
60.00,1827.00,112.92,760.90,25.38,0.24,10.89
60.00,1828.00,114.77,775.07,26.00,0.24,7.48
60.00,1839.00,114.77,763.50,25.19,0.24,7.08
60.00,1830.00,114.77,775.07,26.00,0.24,7.48
60.00,1826.00,116.62,758.00,25.25,0.24,7.49
60.00,1838.00,114.77,763.15,25.44,0.25,25.21
60.00,1835.00,114.77,779.87,25.56,0.24,7.20
60.00,1825.00,114.77,763.50,25.19,0.24,7.08
60.00,1831.00,114.77,770.38,25.56,0.24,7.19
60.00,1819.00,114.77,775.07,26.00,0.24,7.48
60.00,1847.00,114.77,752.10,25.06,0.25,9.74
60.00,1851.00,114.77,765.58,25.44,0.24,6.94
60.00,1841.00,114.77,770.73,25.44,0.24,9.65
60.00,1823.00,114.77,775.36,25.75,0.24,7.19
60.00,1842.00,114.77,763.50,25.19,0.24,7.08
60.00,1829.00,112.92,770.27,25.38,0.24,7.44
60.00,1833.00,114.77,767.32,25.25,0.25,28.53
60.00,1843.00,112.92,762.34,25.31,0.24,7.40
60.00,1834.00,114.77,767.55,25.31,0.24,6.92
60.00,1850.00,114.77,814.64,25.88,0.27,50.59
60.00,1846.00,114.77,780.10,25.81,0.24,9.55
60.00,1836.00,114.77,767.38,25.44,0.24,7.93
60.00,1837.00,114.77,767.09,25.56,0.24,8.82
60.00,1840.00,114.77,774.84,25.69,0.24,13.87
60.00,1832.00,112.92,772.93,25.62,0.25,12.69
60.00,1849.00,116.62,770.10,25.38,0.25,20.84
60.00,1848.00,109.22,748.46,24.94,0.24,11.47
60.00,1861.00,114.77,772.41,25.69,0.24,7.13
60.00,1844.00,107.37,764.14,25.38,0.23,19.81
60.00,1853.00,114.77,784.38,25.94,0.24,8.96
60.00,1860.00,114.77,779.24,25.88,0.24,7.37
60.00,1856.00,114.77,766.34,25.31,0.25,9.79
60.00,1845.00,138.84,997.00,26.05,0.36,85.26
60.00,1858.00,114.77,771.25,25.56,0.24,9.03
60.00,1870.00,114.77,763.50,25.19,0.24,7.08
60.00,1874.00,118.48,782.53,25.88,0.25,20.07
60.00,1852.00,111.07,760.61,25.38,0.24,11.43
60.00,1854.00,112.92,760.67,25.12,0.24,7.42
60.00,1869.00,114.77,775.36,25.69,0.24,7.69
60.00,1855.00,112.92,766.39,25.44,0.25,16.42
60.00,1872.00,114.77,779.99,25.81,0.26,39.27
60.00,1857.00,116.62,781.26,25.75,0.24,9.31
60.00,1868.00,112.92,774.38,25.50,0.25,19.76
60.00,1859.00,114.77,783.40,25.88,0.24,7.38
60.00,1864.00,120.33,814.92,26.12,0.27,53.23
60.00,1865.00,109.22,749.96,25.00,0.24,12.22
60.00,1866.00,114.77,775.36,25.75,0.24,7.25
60.00,1873.00,114.77,777.85,25.56,0.24,7.48
60.00,1871.00,112.92,769.69,25.38,0.24,7.44
60.00,1879.00,114.77,777.79,25.94,0.24,7.38
60.00,1876.00,112.92,760.43,25.25,0.23,15.40
60.00,1880.00,112.92,761.82,25.31,0.24,7.81
60.00,1867.00,114.77,770.85,25.69,0.24,7.15
60.00,1862.00,112.92,762.34,25.31,0.24,7.40
60.00,1863.00,114.77,775.36,25.75,0.24,7.25
60.00,1891.00,114.77,779.58,25.75,0.24,7.21
60.00,1878.00,114.77,775.36,25.75,0.24,7.25
60.00,1888.00,118.48,797.17,26.06,0.25,17.93
60.00,1892.00,112.92,766.74,25.56,0.24,7.67
60.00,1894.00,114.77,766.34,25.31,0.25,9.79
60.00,1884.00,114.77,765.18,25.50,0.24,12.58
60.00,1889.00,111.07,759.28,25.19,0.24,9.38
60.00,1890.00,114.77,775.36,25.75,0.24,7.25
60.00,1883.00,114.77,767.26,25.19,0.26,46.99
60.00,1887.00,112.92,758.12,25.06,0.25,12.81
60.00,1893.00,116.62,774.90,25.81,0.24,8.33
60.00,1875.00,109.22,745.80,24.94,0.23,13.84
60.00,1886.00,114.77,764.25,25.50,0.24,8.72
60.00,1895.00,116.62,781.26,25.75,0.24,9.31
60.00,1882.00,112.92,777.85,25.75,0.24,8.00
60.00,1901.00,114.77,775.07,26.00,0.24,7.48
60.00,1904.00,112.92,772.93,25.62,0.25,12.69
60.00,1885.00,112.92,770.73,25.38,0.24,8.47
60.00,1896.00,109.22,754.36,25.06,0.24,11.56
60.00,1897.00,120.33,776.92,25.62,0.26,48.75
60.00,1903.00,112.92,772.93,25.62,0.25,12.69
60.00,1899.00,114.77,775.07,26.00,0.24,7.48
60.00,1902.00,116.62,795.84,25.81,0.28,56.88
60.00,1881.00,114.77,781.03,25.81,0.24,9.98
60.00,1907.00,109.22,765.06,25.38,0.24,12.37
60.00,1900.00,114.77,765.99,25.56,0.24,7.46
60.00,1898.00,114.77,772.87,25.44,0.24,7.33
60.00,1877.00,116.62,755.00,25.12,0.25,14.18
60.00,1923.00,116.62,774.95,25.69,0.25,14.15
60.00,1924.00,112.92,765.24,25.50,0.24,8.73
60.00,1914.00,112.92,758.00,25.12,0.24,7.19
60.00,1922.00,112.92,757.89,25.19,0.24,9.68
60.00,1905.00,116.62,771.14,25.31,0.27,54.00
60.00,1912.00,120.33,787.86,26.00,0.26,41.15
60.00,1918.00,114.77,775.71,25.56,0.24,7.04
60.00,1917.00,116.62,786.00,26.00,0.24,10.67
60.00,1906.00,120.33,791.67,26.00,0.27,52.56
60.00,1921.00,116.62,753.96,25.12,0.24,7.30
60.00,1910.00,112.92,760.90,25.38,0.24,10.89
60.00,1913.00,109.22,765.18,25.31,0.24,12.31
60.00,1915.00,114.77,775.71,25.56,0.24,7.04
60.00,1916.00,112.92,775.19,25.44,0.25,11.35
60.00,1935.00,112.92,782.07,25.75,0.24,9.62
60.00,1936.00,114.77,767.38,25.44,0.24,7.93
60.00,1908.00,112.92,765.58,25.31,0.24,7.38
60.00,1909.00,114.77,775.07,26.00,0.24,7.48
60.00,1929.00,116.63,787.37,25.09,0.26,48.02
60.00,1920.00,114.77,763.50,25.19,0.24,7.08
60.00,1919.00,114.77,774.72,25.69,0.24,7.13
60.00,1911.00,114.77,773.62,25.44,0.25,13.89
60.00,1934.00,116.62,769.40,25.31,0.27,48.82
60.00,1930.00,114.77,757.25,24.88,0.25,22.33
60.00,1927.00,112.92,763.44,25.25,0.24,7.32
60.00,1925.00,116.62,781.90,25.62,0.26,42.70
60.00,1940.00,112.92,769.46,25.56,0.25,14.95
60.00,1933.00,112.92,762.34,25.31,0.24,7.40
60.00,1942.00,114.77,776.63,25.56,0.24,7.11
60.00,1932.00,112.92,758.00,25.12,0.24,7.19
60.00,1938.00,114.77,774.61,25.56,0.24,7.04
60.00,1941.00,116.62,794.10,25.81,0.29,58.45
60.00,1937.00,114.77,780.10,25.69,0.24,7.20
60.00,1948.00,114.77,775.07,26.00,0.24,7.48
60.00,1946.00,116.62,781.61,25.81,0.25,11.34
60.00,1926.00,112.92,765.12,25.44,0.24,7.55
60.00,1945.00,116.62,769.17,25.56,0.26,34.72
60.00,1944.00,112.92,768.48,25.38,0.24,9.48
60.00,1943.00,114.77,753.38,25.00,0.24,6.44
60.00,1928.00,112.92,765.87,25.38,0.25,12.25
60.00,1953.00,116.62,763.96,25.25,0.24,8.29
60.00,1957.00,114.77,786.35,25.88,0.24,7.35
60.00,1931.00,112.92,760.15,25.31,0.25,24.85
60.00,1951.00,114.77,756.50,25.06,0.25,11.36
60.00,1958.00,114.77,770.15,25.44,0.24,6.97
60.00,1955.00,112.92,763.10,25.31,0.24,7.46
60.00,1959.00,114.77,775.36,25.75,0.24,7.25
60.00,1963.00,114.77,764.25,25.50,0.24,8.72
60.00,1960.00,114.77,779.24,25.88,0.24,7.37
60.00,1939.00,114.77,772.99,25.81,0.24,7.28
60.00,1950.00,112.92,770.96,25.50,0.24,8.84
60.00,1949.00,112.92,762.34,25.31,0.24,7.40
60.00,1966.00,112.92,772.93,25.62,0.25,12.69
60.00,1965.00,112.92,772.93,25.62,0.25,12.69
60.00,1956.00,114.77,775.71,25.56,0.24,7.04
60.00,1964.00,116.62,766.16,25.25,0.25,10.41
60.00,1967.00,116.62,768.65,25.69,0.24,12.51
60.00,1974.00,112.92,770.96,25.44,0.24,8.59
60.00,1947.00,120.33,842.24,25.89,0.26,48.57
60.00,1975.00,116.62,778.71,25.69,0.26,46.31
60.00,1970.00,112.92,752.91,25.06,0.23,12.48
60.00,1969.00,114.77,775.07,26.00,0.24,7.48
60.00,1961.00,114.77,775.07,26.00,0.24,7.48
60.00,1954.00,112.92,758.47,25.25,0.24,7.32
60.00,1962.00,114.77,779.87,25.88,0.24,9.55
60.00,1952.00,114.77,775.36,25.75,0.24,7.25
60.00,1977.00,111.07,788.78,25.94,0.24,12.15
60.00,1973.00,114.77,774.38,25.69,0.24,7.20
60.00,1983.00,114.77,779.87,25.56,0.24,7.20
60.00,1976.00,118.48,773.68,25.62,0.25,29.30
60.00,1986.00,112.92,758.00,25.12,0.24,7.19
60.00,1994.00,118.48,778.14,26.00,0.23,26.48
60.00,1991.00,112.92,765.64,25.19,0.24,7.94
60.00,1995.00,111.07,766.57,25.50,0.24,11.30
60.00,1988.00,112.92,771.43,25.56,0.25,16.90
60.00,1978.00,114.77,775.07,26.00,0.24,7.48
60.00,1971.00,116.62,773.74,25.62,0.24,7.83
60.00,1981.00,112.92,772.93,25.62,0.25,12.69
60.00,1984.00,112.92,763.50,25.31,0.24,9.04
60.00,1982.00,114.77,772.06,25.44,0.24,6.90
60.00,1987.00,114.77,770.33,25.44,0.24,6.88
60.00,1985.00,114.77,774.14,25.75,0.24,14.40
60.00,1996.00,142.54,1030.53,26.54,0.34,132.94
60.00,1968.00,114.77,763.50,25.19,0.24,7.08
60.00,1972.00,114.77,775.36,25.75,0.24,7.25
60.00,1993.00,114.77,774.90,25.75,0.24,7.26
60.00,1990.00,114.77,769.46,25.38,0.24,8.73
60.00,1979.00,114.77,772.99,25.81,0.24,7.28
60.00,1997.00,111.07,772.70,25.75,0.24,12.39
60.00,1992.00,114.77,775.36,25.75,0.24,7.25
60.00,1999.00,118.48,772.29,25.62,0.25,14.62
60.00,1989.00,112.92,753.78,25.06,0.23,16.30
60.00,1980.00,116.63,788.10,25.03,0.26,43.82
60.00,1998.00,109.22,751.81,25.12,0.23,15.53
